0 0 19 18
0 0 37 36
0 0 41 40
0 0 49 48
0 0 53 52
18 12 15 14
41 37 29 28
19 13 17 16
40 36 39 38
53 49 47 46
52 48 51 50
29 15 21 20
57 51 25 24
28 14 27 26
56 50 55 54
34 16 31 30
46 38 43 42
35 17 33 32
47 39 45 44
24 20 13 12
54 26 35 34
55 27 57 56
25 21 23 22
42 30 59 58
43 31 61 60
44 32 63 62
45 33 65 64
88 22 1 1
86 23 1 1
92 58 1 1
90 59 1 1
89 60 1 1
87 61 1 1
93 62 1 1
91 63 1 1
94 64 1 1
97 65 85 84
-1 84 101 100
-1 85 103 102
109 103 105 104
107 100 111 110
106 101 113 112
108 102 115 114
-1 110 87 86
-1 111 89 88
-1 112 91 90
-1 113 93 92
-1 114 95 94
-1 115 98 97
104 95 -1 96
105 98 -1 99
-1 96 107 106
-1 99 109 108
