0 0 13 12
0 0 19 18
0 0 31 30
0 0 35 34
0 0 43 42
18 12 15 14
35 31 25 24
19 13 17 16
34 30 33 32
50 43 41 40
46 42 45 44
24 14 21 20
49 44 55 54
25 15 23 22
53 45 57 56
48 16 27 26
40 32 37 36
52 17 29 28
41 33 39 38
54 20 59 58
55 21 61 60
56 22 63 62
57 23 65 64
36 26 67 66
37 27 69 68
38 28 71 70
39 29 73 72
126 58 1 1
124 59 1 1
82 60 79 78
101 64 1 1
100 65 1 1
127 66 1 1
125 67 1 1
111 68 1 1
110 69 1 1
117 70 113 112
116 71 1 1
123 72 1 1
122 73 1 1
-1 61 81 80
-1 62 87 86
-1 63 89 88
-1 112 47 46
-1 113 51 50
84 80 83 82
85 81 91 90
92 86 101 100
94 88 111 110
95 89 117 116
93 87 123 122
-1 78 125 124
-1 79 127 126
-1 47 49 48
-1 51 53 52
-1 83 85 84
-1 90 93 92
-1 91 95 94
