0 0 13 12
0 0 19 18
0 0 33 32
0 0 35 34
0 0 95 94
18 12 15 14
34 32 25 24
19 13 17 16
35 33 31 30
118 94 71 70
120 95 97 96
24 14 21 20
90 70 41 40
25 15 23 22
92 71 49 48
30 16 27 26
96 91 59 58
31 17 29 28
97 93 69 68
40 20 37 36
-1 21 39 38
-1 41 43 42
-1 22 45 44
-1 48 51 50
-1 23 47 46
-1 49 53 52
-1 26 55 54
-1 58 61 60
-1 27 57 56
-1 59 63 62
68 28 65 64
69 29 67 66
116 66 113 112
76 36 73 72
77 37 75 74
42 38 79 78
43 39 81 80
50 44 83 82
51 45 85 84
52 46 87 86
53 47 89 88
110 64 107 106
60 54 99 98
61 55 101 100
62 56 103 102
63 57 105 104
111 65 109 108
117 67 115 114
124 112 77 76
128 114 111 110
129 115 117 116
130 72 125 124
144 80 131 130
145 81 137 136
143 78 1 1
142 79 1 1
-1 113 123 122
168 82 1 1
166 83 1 1
169 84 1 1
167 85 1 1
172 86 1 1
170 87 1 1
173 88 1 1
171 89 1 1
133 106 163 162
132 107 165 164
136 74 133 132
196 98 1 1
194 99 1 1
197 100 1 1
195 101 1 1
200 102 183 182
198 103 1 1
201 104 1 1
199 105 1 1
135 108 191 190
134 109 193 192
137 75 135 134
131 73 129 128
-1 182 119 118
-1 183 121 120
126 122 143 142
127 123 145 144
-1 125 127 126
-1 162 167 166
-1 163 169 168
-1 164 171 170
-1 165 173 172
-1 190 195 194
-1 191 197 196
-1 192 199 198
-1 193 201 200
-1 119 91 90
-1 121 93 92
