0 0 81 80
0 0 85 84
0 0 87 86
0 0 91 90
0 0 131 130
84 80 27 26
90 86 31 30
214 130 65 64
85 81 83 82
91 87 89 88
216 131 133 132
30 26 19 18
126 64 47 46
-1 27 29 28
-1 31 33 32
-1 65 67 66
89 82 146 145
88 83 148 147
133 127 129 128
132 121 125 124
18 12 15 14
46 44 23 22
19 13 17 16
47 45 39 38
32 28 73 72
33 29 79 78
122 66 113 112
123 67 119 118
-1 145 150 149
-1 146 153 152
-1 147 155 154
-1 148 157 156
194 129 203 202
195 128 205 204
196 125 207 206
197 124 209 208
22 14 13 12
-1 15 21 20
-1 23 25 24
-1 16 35 34
-1 38 41 40
-1 17 37 36
-1 39 43 42
154 58 61 60
-1 206 95 94
-1 207 99 98
72 48 69 68
118 106 115 114
73 49 71 70
119 107 117 116
78 50 75 74
112 104 109 108
79 51 77 76
113 105 111 110
149 52 135 134
152 53 137 136
221 150 -1 151
153 54 139 138
155 56 142 141
157 57 144 143
156 59 93 92
-1 208 199 198
-1 209 201 200
-1 204 219 218
-1 205 221 220
-1 202 223 222
-1 203 225 224
94 60 45 44
24 20 49 48
25 21 51 50
43 37 59 58
-1 61 63 62
-1 98 101 100
40 34 53 52
41 35 55 54
42 36 57 56
115 68 1 1
114 69 1 1
117 70 1 1
116 71 1 1
109 74 1 1
108 75 1 1
111 76 1 1
110 77 1 1
220 134 1 1
218 135 1 1
224 136 1 1
222 137 1 1
219 55 -1 140
225 138 1 1
223 139 1 1
200 141 1 1
198 142 1 1
143 99 1 1
144 95 1 1
199 92 195 194
201 93 197 196
-1 151 185 184
100 62 105 104
101 63 107 106
217 185 -1 213
-1 140 183 182
184 182 227 226
215 183 -1 210
213 210 212 211
-1 226 215 214
-1 227 217 216
-1 211 121 120
-1 212 127 126
-1 120 123 122
