0 0 13 12
0 0 19 18
0 0 39 38
0 0 41 40
0 0 89 88
18 12 15 14
40 38 25 24
19 13 17 16
41 39 35 34
128 88 77 76
130 89 91 90
-1 14 21 20
-1 24 27 26
-1 15 23 22
-1 25 29 28
34 16 31 30
90 87 55 54
-1 17 33 32
-1 35 37 36
82 77 81 80
86 76 79 78
-1 91 101 100
26 20 43 42
27 21 45 44
28 22 47 46
29 23 49 48
-1 80 93 92
-1 81 95 94
-1 78 97 96
-1 79 99 98
54 30 51 50
55 31 53 52
36 32 57 56
100 84 121 120
37 33 59 58
101 85 127 126
92 42 61 60
94 43 63 62
93 44 65 64
95 45 67 66
96 46 69 68
98 47 71 70
97 48 73 72
99 49 75 74
112 52 109 108
106 50 103 102
107 51 105 104
-1 53 111 110
120 56 117 116
121 57 119 118
126 58 123 122
127 59 125 124
176 108 107 106
178 109 113 112
206 60 1 1
204 61 1 1
210 62 1 1
208 63 1 1
207 64 1 1
205 65 1 1
211 66 1 1
209 67 1 1
214 68 1 1
212 69 1 1
218 70 1 1
216 71 1 1
215 72 1 1
213 73 1 1
219 74 1 1
217 75 1 1
224 102 165 164
220 103 167 166
179 104 169 168
177 105 171 170
185 116 181 180
184 117 183 182
191 118 1 1
190 119 1 1
197 122 193 192
196 123 1 1
203 124 1 1
202 125 1 1
114 110 173 172
115 111 175 174
-1 192 129 128
-1 193 131 130
-1 113 115 114
-1 180 177 176
-1 181 179 178
223 174 185 184
227 175 191 190
222 172 197 196
226 173 203 202
-1 166 205 204
-1 167 207 206
-1 164 209 208
-1 165 211 210
-1 170 213 212
-1 171 215 214
-1 168 217 216
-1 169 219 218
-1 182 221 220
-1 183 225 224
-1 129 83 82
-1 131 87 86
-1 221 223 222
-1 225 227 226
-1 83 85 84
