0 0 13 12
0 0 19 18
0 0 41 40
0 0 43 42
0 0 91 90
18 12 15 14
42 40 25 24
19 13 17 16
43 41 35 34
128 90 77 76
130 91 93 92
-1 14 21 20
-1 24 27 26
-1 15 23 22
-1 25 29 28
-1 16 31 30
-1 34 37 36
-1 17 33 32
-1 35 39 38
82 77 81 80
86 76 79 78
93 83 85 84
92 87 89 88
26 20 45 44
27 21 47 46
28 22 49 48
29 23 51 50
-1 80 95 94
-1 81 97 96
-1 78 99 98
-1 79 101 100
36 30 53 52
37 31 55 54
38 32 57 56
39 33 59 58
-1 84 119 118
-1 85 121 120
-1 88 123 122
-1 89 125 124
94 44 61 60
96 45 63 62
95 46 65 64
97 47 67 66
98 48 69 68
100 49 71 70
99 50 73 72
101 51 75 74
118 52 103 102
120 53 105 104
119 54 107 106
121 55 109 108
122 56 111 110
-1 57 113 112
-1 124 127 126
123 58 115 114
125 59 117 116
200 60 1 1
198 61 1 1
204 62 1 1
202 63 1 1
201 64 1 1
199 65 1 1
205 66 1 1
203 67 1 1
208 68 1 1
206 69 1 1
212 70 1 1
210 71 1 1
209 72 1 1
207 73 1 1
213 74 1 1
211 75 1 1
216 102 1 1
214 103 1 1
220 104 1 1
218 105 1 1
217 106 1 1
215 107 1 1
221 108 1 1
219 109 1 1
224 110 1 1
222 111 1 1
238 114 191 190
234 115 1 1
225 116 1 1
223 117 1 1
126 112 185 184
-1 113 187 186
-1 127 189 188
-1 190 129 128
-1 191 131 130
-1 184 227 226
-1 185 229 228
188 186 231 230
189 187 233 232
-1 129 83 82
-1 131 87 86
247 226 243 242
246 227 245 244
253 228 249 248
252 229 251 250
256 230 259 258
254 231 261 260
257 232 263 262
255 233 265 264
-1 248 199 198
-1 249 201 200
-1 242 203 202
-1 243 205 204
-1 260 207 206
-1 261 209 208
-1 258 211 210
-1 259 213 212
-1 250 215 214
-1 251 217 216
-1 244 219 218
-1 245 221 220
-1 262 223 222
-1 263 225 224
-1 264 235 234
-1 265 239 238
-1 235 237 236
-1 239 241 240
-1 236 247 246
-1 240 253 252
-1 237 255 254
-1 241 257 256
