0 0 13 12
0 0 19 18
0 0 41 40
0 0 43 42
0 0 95 94
18 12 15 14
42 40 25 24
19 13 17 16
43 41 35 34
94 90 77 76
95 91 93 92
-1 14 21 20
-1 24 27 26
-1 15 23 22
-1 25 29 28
-1 16 31 30
-1 34 37 36
-1 17 33 32
-1 35 39 38
82 77 81 80
86 76 79 78
93 83 85 84
92 87 89 88
26 20 45 44
27 21 47 46
28 22 49 48
29 23 51 50
-1 80 97 96
-1 81 99 98
-1 78 101 100
-1 79 103 102
36 30 53 52
37 31 55 54
38 32 57 56
39 33 59 58
-1 84 121 120
-1 85 123 122
-1 88 125 124
-1 89 127 126
125 58 117 116
96 44 61 60
98 45 63 62
97 46 65 64
99 47 67 66
100 48 69 68
102 49 71 70
101 50 73 72
103 51 75 74
120 52 105 104
122 53 107 106
121 54 109 108
123 55 111 110
124 56 113 112
-1 57 115 114
-1 126 129 128
127 59 119 118
236 116 131 130
232 117 1 1
198 60 1 1
196 61 1 1
202 62 1 1
200 63 1 1
199 64 1 1
197 65 1 1
203 66 1 1
201 67 1 1
206 68 1 1
204 69 1 1
210 70 1 1
208 71 1 1
207 72 1 1
205 73 1 1
211 74 1 1
209 75 1 1
214 104 1 1
212 105 1 1
218 106 1 1
216 107 1 1
215 108 1 1
213 109 1 1
219 110 1 1
217 111 1 1
222 112 1 1
220 113 1 1
223 118 193 1
221 119 1 1
128 114 187 186
-1 115 189 188
-1 129 191 190
-1 193 91 90
-1 130 83 82
-1 131 87 86
-1 186 225 224
-1 187 227 226
190 188 229 228
191 189 231 230
245 224 241 240
244 225 243 242
251 226 247 246
250 227 249 248
254 228 257 256
252 229 259 258
255 230 261 260
253 231 263 262
-1 246 197 196
-1 247 199 198
-1 240 201 200
-1 241 203 202
-1 258 205 204
-1 259 207 206
-1 256 209 208
-1 257 211 210
-1 248 213 212
-1 249 215 214
-1 242 217 216
-1 243 219 218
-1 260 221 220
-1 261 223 222
-1 262 233 232
-1 263 237 236
-1 233 235 234
-1 237 239 238
-1 234 245 244
-1 238 251 250
-1 235 253 252
-1 239 255 254
