0 0 14 13
0 0 20 19
0 0 34 33
0 0 38 37
123 0 46 45
0 0 50 49
19 13 16 15
38 34 26 25
20 14 18 17
37 33 36 35
50 46 44 43
49 45 48 47
25 15 22 21
55 47 52 51
26 16 24 23
56 48 54 53
31 17 28 27
43 35 40 39
32 18 30 29
44 36 42 41
51 21 58 57
52 22 62 61
53 23 64 63
54 24 66 65
39 27 68 67
40 28 70 69
41 29 72 71
42 30 74 73
59 57 32 31
60 58 56 55
121 61 1 1
119 62 1 1
83 63 80 79
100 67 1 1
99 68 1 1
106 69 1 1
105 70 1 1
112 71 1 1
111 72 1 1
118 73 114 1
117 74 1 1
84 64 82 81
-1 65 86 85
-1 66 88 87
-1 114 124 123
120 81 84 83
122 82 90 89
91 85 100 99
92 86 106 105
93 87 112 111
94 88 118 117
-1 79 120 119
-1 80 122 121
-1 124 60 59
-1 89 92 91
-1 90 94 93
