0 0 20 19
0 0 38 37
0 0 40 39
0 0 42 41
0 0 48 47
131 0 62 61
19 13 16 15
40 38 30 29
20 14 18 17
39 37 36 35
47 41 44 43
62 60 52 51
48 42 46 45
61 59 58 57
30 16 22 21
51 43 26 25
29 15 28 27
57 45 54 53
35 17 32 31
58 46 56 55
36 18 34 33
52 44 50 49
25 21 14 13
53 27 64 63
54 28 66 65
26 22 24 23
55 31 68 67
56 32 70 69
49 33 72 71
50 34 74 73
80 63 1 1
79 64 1 1
98 67 1 1
97 68 1 1
104 69 1 1
103 70 1 1
110 71 106 1
109 72 1 1
115 73 1 1
86 66 84 83
85 65 82 81
116 74 114 113
91 23 88 87
92 24 90 89
-1 106 132 131
119 83 80 79
113 81 86 85
114 82 92 91
121 84 98 97
120 89 104 103
122 90 110 109
127 88 116 115
123 87 118 117
-1 132 60 59
128 117 130 129
124 118 126 125
-1 125 120 119
-1 126 122 121
-1 129 124 123
-1 130 128 127
