0 0 14 13
0 0 20 19
0 0 34 33
0 0 36 35
0 0 108 107
218 0 132 131
19 13 16 15
35 33 26 25
20 14 18 17
36 34 32 31
113 107 110 109
131 129 124 123
116 108 112 111
132 130 128 127
25 15 22 21
26 16 24 23
31 17 28 27
32 18 30 29
128 112 90 89
123 109 120 119
124 110 122 121
127 111 126 125
61 29 58 57
93 89 64 63
41 21 38 37
133 119 70 69
42 22 40 39
134 120 76 75
47 23 44 43
137 121 82 81
-1 24 46 45
62 30 60 59
94 90 92 91
55 27 52 51
141 125 100 99
56 28 54 53
142 126 106 105
-1 122 136 135
63 57 42 41
64 58 48 47
91 59 56 55
92 60 62 61
69 37 66 65
70 38 68 67
75 39 72 71
76 40 74 73
81 43 78 77
82 44 80 79
49 45 84 83
139 135 144 143
-1 46 86 85
-1 136 146 145
99 51 96 95
100 52 98 97
105 53 102 101
106 54 104 103
-1 48 50 49
152 68 94 93
149 65 134 133
151 66 138 137
150 67 142 141
208 71 1 1
206 72 1 1
212 73 1 1
210 74 1 1
166 77 1 1
165 78 1 1
172 79 1 1
171 80 1 1
144 83 174 173
143 84 176 175
209 95 1 1
207 96 1 1
213 97 1 1
211 98 1 1
199 101 -1 193
200 102 -1 194
205 103 -1 201
204 104 1 1
87 85 178 177
147 145 182 181
88 86 180 179
148 146 184 183
-1 201 215 214
-1 138 140 139
181 177 166 165
182 178 172 171
-1 50 88 87
183 179 200 199
184 180 205 204
-1 175 207 206
-1 176 209 208
-1 173 211 210
-1 174 213 212
-1 193 196 195
-1 194 198 197
217 214 -1 216
-1 215 218 217
-1 196 114 113
-1 198 117 116
195 114 -1 115
197 117 -1 118
-1 140 148 147
-1 216 130 129
-1 115 150 149
-1 118 152 151
