0 0 44 43
0 0 46 45
0 0 93 92
0 0 97 96
230 0 99 98
0 0 103 102
45 43 36 35
46 44 42 41
96 92 67 66
102 98 69 68
97 93 95 94
103 99 101 100
36 16 22 21
68 66 26 25
35 15 34 33
69 67 52 51
41 17 38 37
42 18 40 39
100 94 123 122
101 95 125 124
25 21 14 13
26 22 24 23
52 34 50 49
51 33 48 47
57 37 54 53
126 122 109 108
58 38 56 55
127 123 115 114
62 39 60 59
130 124 121 120
189 125 129 128
186 40 -1 61
-1 61 193 192
88 49 32 31
19 13 16 15
20 14 18 17
90 47 58 57
91 48 63 62
29 23 71 70
30 24 73 72
89 50 87 86
108 53 105 104
109 54 107 106
114 55 111 110
115 56 113 112
120 59 117 116
121 60 119 118
-1 128 143 142
-1 129 145 144
229 192 -1 228
144 141 83 82
142 140 135 134
31 27 20 19
32 28 30 29
87 85 89 88
86 84 91 90
172 70 1 1
170 71 1 1
176 72 1 1
174 73 1 1
180 104 1 1
178 105 1 1
184 106 1 1
182 107 1 1
173 110 1 1
171 111 1 1
177 112 1 1
175 113 1 1
181 116 1 1
179 117 1 1
185 118 1 1
183 119 1 1
-1 63 65 64
-1 193 230 229
-1 143 137 136
-1 145 139 138
-1 228 141 140
136 82 28 27
138 83 85 84
137 134 127 126
139 135 131 130
226 64 209 208
224 65 211 210
-1 131 133 132
-1 208 187 186
-1 209 190 189
210 187 -1 188
211 190 -1 191
196 132 205 204
197 133 207 206
-1 188 221 220
-1 191 223 222
222 204 213 212
220 205 215 214
223 206 217 216
221 207 219 218
-1 214 171 170
-1 215 173 172
-1 212 175 174
-1 213 177 176
-1 218 179 178
-1 219 181 180
-1 216 183 182
-1 217 185 184
-1 225 195 194
-1 194 197 196
227 195 -1 198
-1 198 225 224
-1 201 200 199
-1 199 202 201
202 200 -1 203
-1 203 227 226
