0 0 14 13
0 0 20 19
0 0 34 33
0 0 36 35
0 0 92 91
282 0 100 99
19 13 16 15
35 33 26 25
20 14 18 17
36 34 32 31
133 91 58 57
99 95 60 59
137 92 94 93
100 96 98 97
25 15 22 21
59 57 42 41
26 16 24 23
60 58 48 47
31 17 28 27
32 18 30 29
97 93 142 141
98 94 144 143
41 21 38 37
42 22 40 39
47 23 44 43
48 24 46 45
101 27 50 49
145 141 110 109
103 28 52 51
146 142 116 115
117 29 54 53
147 143 124 123
119 30 56 55
148 144 132 131
65 37 62 61
66 38 64 63
71 39 68 67
-1 40 70 69
-1 43 76 75
-1 44 78 77
89 45 86 85
90 46 88 87
109 49 106 105
110 50 108 107
115 51 112 111
116 52 114 113
197 53 -1 121
276 123 -1 125
198 54 -1 122
277 124 -1 126
131 55 128 127
132 56 130 129
248 61 1 1
246 62 1 1
252 63 1 1
250 64 1 1
186 67 182 181
185 68 184 183
204 85 1 1
203 86 1 1
210 87 1 1
209 88 1 1
249 105 1 1
247 106 1 1
253 107 1 1
251 108 1 1
224 111 220 219
223 112 1 1
230 113 1 1
229 114 1 1
125 121 232 231
126 122 234 233
240 127 1 1
239 128 1 1
245 129 -1 241
244 130 1 1
73 69 188 187
74 70 190 189
81 75 192 191
82 76 194 193
83 77 196 195
84 78 198 197
-1 241 279 278
-1 219 134 133
-1 220 138 137
-1 231 166 165
-1 232 168 167
-1 233 170 169
-1 234 172 171
256 187 186 185
270 191 204 203
271 192 210 209
274 195 224 223
275 196 230 229
272 193 240 239
273 194 245 244
-1 183 247 246
-1 184 249 248
-1 181 251 250
-1 182 253 252
-1 188 255 254
-1 189 261 260
-1 190 263 262
281 278 -1 280
-1 279 282 281
-1 134 136 135
-1 138 140 139
-1 169 154 153
-1 171 157 156
-1 165 160 159
-1 167 163 162
166 160 -1 161
168 163 -1 164
170 154 -1 155
172 157 -1 158
258 254 257 256
259 255 265 264
266 260 271 270
267 261 273 272
268 262 275 274
269 263 277 276
-1 280 96 95
-1 161 102 101
-1 164 104 103
-1 155 118 117
-1 158 120 119
153 135 146 145
156 139 148 147
159 136 150 149
162 140 152 151
-1 257 259 258
-1 264 267 266
-1 265 269 268
149 102 66 65
150 104 72 71
151 118 80 79
152 120 90 89
-1 72 74 73
-1 79 82 81
-1 80 84 83
