0 0 44 43
0 0 46 45
0 0 92 91
0 0 96 95
207 0 98 97
0 0 102 101
45 43 36 35
46 44 42 41
95 91 66 65
101 97 68 67
96 92 94 93
102 98 100 99
36 16 22 21
67 65 26 25
35 15 34 33
68 66 52 51
41 17 38 37
42 18 40 39
99 93 128 127
100 94 130 129
25 21 14 13
26 22 24 23
52 34 50 49
51 33 48 47
57 37 54 53
131 127 108 107
58 38 56 55
132 128 114 113
63 39 60 59
135 129 120 119
64 40 62 61
-1 130 134 133
87 49 32 31
19 13 16 15
20 14 18 17
89 47 58 57
90 48 64 63
29 23 70 69
30 24 72 71
183 61 -1 121
185 62 -1 122
88 50 86 85
107 53 104 103
108 54 106 105
113 55 110 109
114 56 112 111
119 59 116 115
120 60 118 117
227 133 142 141
184 134 -1 143
31 27 20 19
32 28 30 29
86 84 88 87
85 83 90 89
193 69 1 1
191 70 1 1
197 71 1 1
195 72 1 1
201 103 1 1
199 104 1 1
205 105 1 1
203 106 1 1
194 109 1 1
192 110 1 1
198 111 1 1
196 112 1 1
202 115 1 1
200 116 1 1
206 117 180 1
204 118 1 1
-1 141 184 183
-1 142 186 185
-1 121 124 123
-1 122 126 125
-1 143 188 187
-1 180 208 207
186 138 -1 146
156 123 -1 153
158 125 -1 154
-1 124 156 155
-1 126 158 157
190 188 210 209
189 187 216 215
-1 208 152 151
157 152 82 81
155 151 140 139
-1 146 190 189
-1 153 148 147
-1 154 150 149
231 210 214 213
233 209 212 211
232 216 220 219
234 215 218 217
147 81 28 27
149 82 84 83
148 139 132 131
150 140 136 135
-1 211 192 191
-1 212 194 193
-1 213 196 195
-1 214 198 197
-1 217 200 199
-1 218 202 201
-1 219 204 203
-1 220 206 205
-1 136 138 137
-1 137 145 144
221 144 224 223
230 145 -1 226
-1 223 232 231
-1 224 234 233
-1 226 230 229
-1 229 222 221
228 222 -1 225
-1 225 228 227
