0 0 44 43
0 0 46 45
0 0 92 91
0 0 96 95
201 0 98 97
0 0 102 101
45 43 36 35
46 44 42 41
95 91 66 65
101 97 68 67
96 92 94 93
102 98 100 99
36 16 22 21
67 65 26 25
35 15 34 33
68 66 52 51
41 17 38 37
42 18 40 39
99 93 128 127
100 94 130 129
25 21 14 13
26 22 24 23
52 34 50 49
51 33 48 47
57 37 54 53
131 127 108 107
58 38 56 55
132 128 114 113
63 39 60 59
133 129 120 119
64 40 62 61
134 130 126 125
87 49 32 31
19 13 16 15
20 14 18 17
89 47 58 57
90 48 64 63
29 23 70 69
30 24 72 71
88 50 86 85
107 53 104 103
108 54 106 105
113 55 110 109
114 56 112 111
119 59 116 115
120 60 118 117
125 61 122 121
126 62 124 123
31 27 20 19
32 28 30 29
86 84 88 87
85 83 90 89
181 69 1 1
179 70 1 1
185 71 1 1
183 72 1 1
189 103 1 1
187 104 1 1
193 105 1 1
191 106 1 1
182 109 1 1
180 110 1 1
186 111 1 1
184 112 1 1
190 115 1 1
188 116 1 1
194 117 1 1
192 118 1 1
198 121 172 171
195 122 174 1
-1 123 176 175
-1 124 178 177
-1 174 202 201
-1 171 144 143
-1 172 146 145
205 175 214 213
206 176 216 215
210 177 218 217
211 178 220 219
-1 202 142 141
145 142 82 81
143 141 136 135
-1 144 138 137
-1 146 140 139
235 213 222 221
233 214 224 223
236 215 226 225
234 216 228 227
243 217 230 229
241 218 232 231
242 219 238 237
244 220 240 239
137 81 28 27
139 82 84 83
138 135 132 131
140 136 134 133
-1 223 180 179
-1 224 182 181
-1 221 184 183
-1 222 186 185
-1 227 188 187
-1 228 190 189
-1 225 192 191
-1 226 194 193
-1 229 196 195
-1 230 199 198
-1 231 204 203
-1 232 209 208
237 196 -1 197
238 199 -1 200
239 204 -1 207
240 209 -1 212
-1 203 206 205
-1 208 211 210
-1 197 234 233
-1 200 236 235
-1 207 242 241
-1 212 244 243
