0 0 14 13
0 0 20 19
0 0 34 33
0 0 36 35
0 0 92 91
292 0 100 99
19 13 16 15
35 33 26 25
20 14 18 17
36 34 32 31
123 91 64 63
99 95 66 65
126 92 94 93
100 96 98 97
25 15 22 21
65 63 42 41
26 16 24 23
66 64 48 47
31 17 28 27
97 93 54 53
32 18 30 29
98 94 62 61
41 21 38 37
42 22 40 39
47 23 44 43
48 24 46 45
53 27 50 49
-1 28 52 51
-1 54 56 55
61 29 58 57
62 30 60 59
71 37 68 67
72 38 70 69
77 39 74 73
78 40 76 75
83 43 80 79
84 44 82 81
89 45 86 85
90 46 88 87
105 49 102 101
106 50 104 103
55 51 108 107
56 52 110 109
115 57 112 111
116 58 114 113
233 60 -1 119
120 59 118 117
226 67 1 1
224 68 1 1
230 69 1 1
228 70 1 1
234 73 1 1
232 74 1 1
238 75 1 1
236 76 1 1
244 79 1 1
240 80 1 1
252 81 1 1
248 82 1 1
258 85 1 1
256 86 1 1
262 87 1 1
260 88 1 1
259 101 1 1
257 102 1 1
263 103 1 1
261 104 1 1
227 111 202 201
225 112 204 203
231 113 1 1
229 114 1 1
239 117 -1 213
237 118 1 1
191 107 188 187
192 108 190 189
197 109 194 193
198 110 196 195
-1 119 210 209
-1 213 289 288
-1 201 221 220
-1 202 223 222
-1 203 265 264
-1 204 267 266
210 124 -1 125
246 187 271 270
242 188 273 272
254 189 275 274
250 190 277 276
247 193 279 278
243 194 281 280
255 195 283 282
251 196 285 284
211 209 287 286
291 288 -1 290
-1 289 292 291
-1 286 124 123
-1 287 127 126
220 216 130 129
-1 221 148 147
-1 223 152 151
222 218 154 153
-1 265 172 171
-1 267 174 173
264 217 176 175
266 219 200 199
-1 276 225 224
-1 277 227 226
-1 274 229 228
-1 275 231 230
-1 272 233 232
-1 273 235 234
-1 270 237 236
-1 271 239 238
-1 284 241 240
-1 285 245 244
-1 282 249 248
-1 283 253 252
-1 280 257 256
-1 281 259 258
-1 278 261 260
-1 279 263 262
128 125 269 268
-1 290 96 95
147 129 72 71
151 130 78 77
171 153 84 83
173 154 90 89
175 152 106 105
199 172 116 115
200 174 121 120
-1 176 178 177
-1 148 150 149
235 121 -1 122
-1 268 217 216
-1 269 219 218
212 127 -1 128
-1 249 251 250
-1 253 255 254
-1 241 243 242
-1 245 247 246
177 149 192 191
178 150 198 197
-1 122 212 211
