0 0 14 13
0 0 20 19
0 0 34 33
0 0 36 35
0 0 92 91
278 0 100 99
19 13 16 15
35 33 26 25
20 14 18 17
36 34 32 31
133 91 58 57
99 95 60 59
137 92 94 93
100 96 98 97
25 15 22 21
59 57 42 41
26 16 24 23
60 58 48 47
31 17 28 27
32 18 30 29
97 93 142 141
98 94 144 143
41 21 38 37
42 22 40 39
47 23 44 43
48 24 46 45
101 27 50 49
145 141 110 109
103 28 52 51
146 142 116 115
117 29 54 53
147 143 126 125
119 30 56 55
148 144 132 131
125 53 122 121
65 37 62 61
66 38 64 63
71 39 68 67
-1 40 70 69
-1 43 76 75
-1 44 78 77
89 45 86 85
90 46 88 87
109 49 106 105
110 50 108 107
115 51 112 111
116 52 114 113
126 54 124 123
131 55 128 127
132 56 130 129
166 121 162 161
165 122 164 163
244 61 1 1
242 62 1 1
248 63 1 1
246 64 1 1
180 67 176 175
179 68 178 177
198 85 1 1
197 86 1 1
204 87 1 1
203 88 1 1
245 105 1 1
243 106 1 1
249 107 1 1
247 108 1 1
218 111 1 1
217 112 1 1
224 113 1 1
223 114 1 1
230 123 226 225
229 124 1 1
236 127 1 1
235 128 1 1
241 129 -1 237
240 130 1 1
73 69 182 181
74 70 184 183
81 75 186 185
82 76 188 187
83 77 190 189
84 78 192 191
-1 237 275 274
-1 225 134 133
-1 226 138 137
-1 163 154 153
-1 164 156 155
-1 161 158 157
-1 162 160 159
272 191 166 165
252 181 180 179
266 185 198 197
267 186 204 203
270 189 218 217
271 190 224 223
273 192 230 229
268 187 236 235
269 188 241 240
-1 177 243 242
-1 178 245 244
-1 175 247 246
-1 176 249 248
-1 182 251 250
-1 183 257 256
-1 184 259 258
277 274 -1 276
-1 275 278 277
-1 158 102 101
-1 160 104 103
-1 154 118 117
-1 156 120 119
153 135 146 145
155 139 148 147
-1 134 136 135
-1 138 140 139
157 136 150 149
159 140 152 151
254 250 253 252
255 251 261 260
262 256 267 266
263 257 269 268
264 258 271 270
265 259 273 272
-1 276 96 95
149 102 66 65
150 104 72 71
151 118 80 79
152 120 90 89
-1 253 255 254
-1 260 263 262
-1 261 265 264
-1 72 74 73
-1 79 82 81
-1 80 84 83
