0 0 14 13
0 0 20 19
0 0 34 33
0 0 36 35
0 0 92 91
283 0 100 99
19 13 16 15
35 33 26 25
20 14 18 17
36 34 32 31
123 91 64 63
99 95 66 65
127 92 94 93
100 96 98 97
25 15 22 21
65 63 42 41
26 16 24 23
66 64 48 47
31 17 28 27
97 93 54 53
32 18 30 29
98 94 62 61
41 21 38 37
42 22 40 39
47 23 44 43
48 24 46 45
53 27 50 49
-1 28 52 51
-1 54 56 55
61 29 58 57
62 30 60 59
71 37 68 67
72 38 70 69
77 39 74 73
78 40 76 75
83 43 80 79
84 44 82 81
89 45 86 85
90 46 88 87
105 49 102 101
106 50 104 103
55 51 108 107
56 52 110 109
115 57 112 111
116 58 114 113
121 59 118 117
122 60 120 119
225 67 1 1
223 68 1 1
229 69 1 1
227 70 1 1
233 73 1 1
231 74 1 1
237 75 1 1
235 76 1 1
243 79 1 1
239 80 1 1
251 81 1 1
247 82 1 1
257 85 1 1
255 86 1 1
261 87 1 1
259 88 1 1
258 101 1 1
256 102 1 1
262 103 1 1
260 104 1 1
226 111 204 203
224 112 206 205
230 113 1 1
228 114 1 1
234 117 212 211
232 118 1 1
238 119 216 1
236 120 1 1
193 107 190 189
194 108 192 191
199 109 196 195
200 110 198 197
-1 216 284 283
-1 211 124 123
-1 212 128 127
-1 203 220 219
-1 204 222 221
-1 205 264 263
-1 206 266 265
245 189 268 267
241 190 270 269
253 191 272 271
249 192 274 273
246 195 276 275
242 196 278 277
254 197 280 279
250 198 282 281
-1 284 96 95
219 125 132 131
-1 220 150 149
-1 222 154 153
221 129 156 155
-1 264 174 173
-1 266 176 175
263 126 178 177
265 130 202 201
-1 124 126 125
-1 128 130 129
-1 273 224 223
-1 274 226 225
-1 271 228 227
-1 272 230 229
-1 269 232 231
-1 270 234 233
-1 267 236 235
-1 268 238 237
-1 281 240 239
-1 282 244 243
-1 279 248 247
-1 280 252 251
-1 277 256 255
-1 278 258 257
-1 275 260 259
-1 276 262 261
149 131 72 71
153 132 78 77
173 155 84 83
175 156 90 89
177 154 106 105
201 174 116 115
202 176 122 121
-1 178 180 179
-1 150 152 151
-1 248 250 249
-1 252 254 253
-1 240 242 241
-1 244 246 245
179 151 194 193
180 152 200 199
