0 0 14 13
0 0 20 19
0 0 42 41
0 0 44 43
0 0 86 85
297 0 94 93
19 13 16 15
43 41 26 25
20 14 18 17
44 42 36 35
137 85 78 77
93 89 84 83
140 86 88 87
94 90 92 91
-1 15 22 21
-1 25 28 27
-1 16 24 23
-1 26 30 29
-1 17 32 31
-1 35 38 37
-1 18 34 33
-1 36 40 39
84 77 80 79
83 78 82 81
92 87 119 118
91 88 121 120
27 21 46 45
28 22 48 47
29 23 50 49
30 24 52 51
-1 79 96 95
-1 80 98 97
-1 81 100 99
-1 82 102 101
37 31 54 53
38 32 56 55
39 33 58 57
199 34 -1 59
201 40 -1 60
-1 118 123 122
-1 119 125 124
-1 120 127 126
-1 121 131 130
207 126 -1 128
209 131 -1 132
95 45 62 61
97 46 64 63
96 47 66 65
98 48 68 67
99 49 70 69
101 50 72 71
100 51 74 73
102 52 76 75
122 53 104 103
124 54 106 105
123 55 108 107
125 56 110 109
208 58 -1 113
210 127 -1 129
130 57 112 111
-1 59 115 114
-1 60 117 116
217 61 1 1
215 62 1 1
221 63 1 1
219 64 1 1
218 65 1 1
216 66 1 1
222 67 1 1
220 68 1 1
225 69 1 1
223 70 1 1
229 71 1 1
227 72 1 1
226 73 1 1
224 74 1 1
230 75 1 1
228 76 1 1
279 103 1 1
277 104 1 1
275 105 1 1
273 106 1 1
280 107 1 1
278 108 1 1
276 109 1 1
274 110 1 1
202 111 196 1
200 112 1 1
-1 128 134 133
-1 132 136 135
116 114 204 203
117 115 206 205
-1 113 192 191
-1 129 194 193
-1 196 298 297
192 138 -1 139
194 141 -1 142
212 203 292 291
211 204 294 293
135 133 212 211
244 205 -1 245
247 206 -1 248
136 134 214 213
193 191 296 295
-1 298 90 89
-1 295 138 137
-1 296 141 140
-1 291 244 243
-1 292 247 246
290 245 272 271
287 248 282 281
142 139 284 283
-1 293 286 285
-1 294 289 288
286 213 -1 287
289 214 -1 290
-1 283 232 231
-1 284 238 237
243 231 234 233
246 237 240 239
-1 281 258 257
-1 282 262 261
-1 271 264 263
-1 272 268 267
285 232 236 235
288 238 242 241
-1 242 208 207
-1 262 210 209
261 233 250 249
257 234 252 251
267 239 254 253
263 240 256 255
264 236 266 265
268 235 270 269
258 241 260 259
-1 259 200 199
-1 260 202 201
-1 255 216 215
-1 256 218 217
-1 253 220 219
-1 254 222 221
-1 251 224 223
-1 252 226 225
-1 249 228 227
-1 250 230 229
-1 265 274 273
-1 266 276 275
-1 269 278 277
-1 270 280 279
