0 0 14 13
0 0 20 19
0 0 42 41
0 0 44 43
0 0 86 85
289 0 94 93
19 13 16 15
43 41 26 25
20 14 18 17
44 42 36 35
137 85 78 77
93 89 84 83
141 86 88 87
94 90 92 91
-1 15 22 21
-1 25 28 27
-1 16 24 23
-1 26 30 29
-1 17 32 31
-1 35 38 37
-1 18 34 33
-1 36 40 39
84 77 80 79
83 78 82 81
92 87 120 119
91 88 122 121
27 21 46 45
28 22 48 47
29 23 50 49
30 24 52 51
-1 79 96 95
-1 80 98 97
-1 81 100 99
-1 82 102 101
37 31 54 53
38 32 56 55
39 33 58 57
201 34 -1 59
203 40 -1 60
-1 119 124 123
-1 120 126 125
-1 121 128 127
-1 122 131 130
209 128 -1 129
211 131 -1 132
95 45 62 61
97 46 64 63
96 47 66 65
98 48 68 67
99 49 70 69
101 50 72 71
100 51 74 73
102 52 76 75
123 53 104 103
125 54 106 105
124 55 108 107
126 56 110 109
127 57 112 111
130 58 114 113
-1 59 116 115
-1 60 118 117
221 61 1 1
219 62 1 1
225 63 1 1
223 64 1 1
222 65 1 1
220 66 1 1
226 67 1 1
224 68 1 1
229 69 1 1
227 70 1 1
233 71 1 1
231 72 1 1
230 73 1 1
228 74 1 1
234 75 1 1
232 76 1 1
281 103 1 1
279 104 1 1
277 105 1 1
275 106 1 1
282 107 1 1
280 108 1 1
278 109 1 1
276 110 1 1
212 111 194 193
210 112 1 1
204 113 198 1
202 114 1 1
-1 129 134 133
-1 132 136 135
117 115 206 205
118 116 208 207
-1 198 290 289
-1 193 138 137
-1 194 142 141
205 135 217 216
206 133 214 213
244 207 -1 245
247 208 -1 248
286 134 -1 215
288 136 -1 218
-1 290 90 89
-1 138 140 139
-1 142 144 143
-1 216 244 243
-1 217 247 246
245 218 274 273
248 215 284 283
-1 213 286 285
-1 214 288 287
243 139 236 235
246 143 240 239
-1 283 258 257
-1 284 262 261
-1 273 266 265
-1 274 270 269
285 140 238 237
287 144 242 241
261 235 250 249
257 236 252 251
269 239 254 253
265 240 256 255
266 238 268 267
270 237 272 271
258 242 260 259
262 241 264 263
-1 259 202 201
-1 260 204 203
-1 263 210 209
-1 264 212 211
-1 255 220 219
-1 256 222 221
-1 253 224 223
-1 254 226 225
-1 251 228 227
-1 252 230 229
-1 249 232 231
-1 250 234 233
-1 267 276 275
-1 268 278 277
-1 271 280 279
-1 272 282 281
