0 0 15 14
0 0 21 20
0 0 35 34
0 0 37 36
0 0 109 108
0 0 135 134
20 14 17 16
36 34 27 26
21 15 19 18
37 35 33 32
114 108 111 110
134 132 127 126
118 109 113 112
135 133 131 130
26 16 23 22
27 17 25 24
32 18 29 28
33 19 31 30
131 113 91 90
126 110 123 122
127 111 125 124
130 112 129 128
62 30 59 58
94 90 65 64
42 22 39 38
136 122 71 70
43 23 41 40
137 123 77 76
48 24 45 44
140 124 83 82
-1 25 47 46
63 31 61 60
95 91 93 92
56 28 53 52
144 128 101 100
57 29 55 54
145 129 107 106
-1 125 139 138
64 58 43 42
65 59 49 48
92 60 57 56
93 61 63 62
70 38 67 66
71 39 69 68
76 40 73 72
77 41 75 74
82 44 79 78
83 45 81 80
50 46 85 84
142 138 147 146
-1 47 87 86
-1 139 149 148
100 52 97 96
101 53 99 98
106 54 103 102
107 55 105 104
-1 49 51 50
121 69 95 94
116 66 137 136
120 67 141 140
117 68 145 144
206 72 1 1
204 73 1 1
210 74 1 1
208 75 1 1
165 78 1 1
164 79 1 1
171 80 1 1
170 81 1 1
147 84 173 172
146 85 175 174
207 96 1 1
205 97 1 1
211 98 1 1
209 99 1 1
197 102 193 192
196 103 1 1
203 104 199 1
202 105 1 1
88 86 177 176
150 148 181 180
89 87 179 178
151 149 183 182
-1 199 133 132
-1 192 115 114
-1 193 119 118
-1 141 143 142
180 176 165 164
181 177 171 170
-1 51 89 88
182 178 197 196
183 179 203 202
-1 174 205 204
-1 175 207 206
-1 172 209 208
-1 173 211 210
-1 115 117 116
-1 119 121 120
-1 143 151 150
