0 0 15 14
0 0 21 20
0 0 35 34
0 0 37 36
0 0 91 90
0 0 95 94
20 14 17 16
36 34 27 26
21 15 19 18
37 35 33 32
94 90 73 72
95 91 93 92
26 16 23 22
72 58 43 42
27 17 25 24
73 59 53 52
32 18 29 28
92 60 63 62
33 19 31 30
93 61 69 68
62 28 59 58
-1 22 39 38
-1 42 45 44
-1 23 41 40
-1 43 47 46
-1 24 49 48
-1 52 55 54
-1 25 51 50
-1 53 57 56
63 29 61 60
68 30 65 64
-1 31 67 66
-1 69 71 70
44 38 75 74
45 39 77 76
46 40 79 78
47 41 81 80
54 48 83 82
55 49 85 84
56 50 87 86
57 51 89 88
-1 64 97 96
-1 65 99 98
70 66 107 106
71 67 109 108
103 97 101 100
172 74 1 1
170 75 1 1
173 76 1 1
171 77 1 1
176 78 1 1
174 79 1 1
177 80 1 1
175 81 1 1
148 82 1 1
146 83 1 1
149 84 1 1
147 85 1 1
144 86 1 1
142 87 1 1
145 88 139 138
143 89 141 140
102 96 151 150
104 98 153 152
163 106 1 1
162 107 1 1
169 108 1 1
168 109 1 1
-1 99 155 154
-1 140 143 142
-1 141 145 144
-1 138 147 146
-1 139 149 148
-1 100 103 102
-1 101 105 104
157 155 163 162
156 154 169 168
-1 150 171 170
-1 151 173 172
-1 152 175 174
-1 153 177 176
-1 105 157 156
