0 0 83 82
0 0 87 86
0 0 89 88
0 0 93 92
0 0 133 132
0 0 137 136
86 82 29 28
92 88 33 32
136 132 67 66
87 83 85 84
93 89 91 90
137 133 135 134
32 28 21 20
128 66 49 48
-1 29 31 30
-1 33 35 34
-1 67 69 68
91 84 151 150
90 85 153 152
135 129 131 130
134 123 127 126
20 14 17 16
48 46 25 24
21 15 19 18
49 47 41 40
34 30 75 74
35 31 81 80
124 68 115 114
125 69 121 120
-1 150 155 154
-1 151 157 156
-1 152 159 158
-1 153 161 160
198 131 207 206
199 130 209 208
200 127 211 210
201 126 213 212
24 16 15 14
-1 17 23 22
-1 25 27 26
-1 18 37 36
-1 40 43 42
-1 19 39 38
-1 41 45 44
158 60 63 62
-1 210 97 96
-1 211 101 100
74 50 71 70
120 108 117 116
75 51 73 72
121 109 119 118
80 52 77 76
114 106 111 110
81 53 79 78
115 107 113 112
154 54 139 138
156 55 141 140
155 56 143 142
157 57 145 144
159 58 147 146
161 59 149 148
160 61 95 94
-1 212 203 202
-1 213 205 204
-1 208 215 214
-1 209 217 216
-1 206 219 218
-1 207 221 220
96 62 47 46
26 22 51 50
27 23 53 52
45 39 61 60
-1 63 65 64
-1 100 103 102
42 36 55 54
43 37 57 56
44 38 59 58
117 70 1 1
116 71 1 1
119 72 1 1
118 73 1 1
111 76 1 1
110 77 1 1
113 78 1 1
112 79 1 1
216 138 1 1
214 139 1 1
220 140 1 1
218 141 1 1
217 142 187 186
215 143 1 1
221 144 1 1
219 145 1 1
204 146 1 1
202 147 1 1
148 101 1 1
149 97 1 1
203 94 199 198
205 95 201 200
102 64 107 106
103 65 109 108
-1 186 123 122
-1 187 129 128
-1 122 125 124
