0 0 15 14
0 0 21 20
0 0 35 34
0 0 37 36
0 0 93 92
0 0 101 100
20 14 17 16
36 34 27 26
21 15 19 18
37 35 33 32
124 92 65 64
100 96 67 66
128 93 95 94
101 97 99 98
26 16 23 22
66 64 43 42
27 17 25 24
67 65 49 48
32 18 29 28
98 94 55 54
33 19 31 30
99 95 63 62
42 22 39 38
43 23 41 40
48 24 45 44
49 25 47 46
54 28 51 50
-1 29 53 52
-1 55 57 56
62 30 59 58
63 31 61 60
72 38 69 68
73 39 71 70
78 40 75 74
79 41 77 76
84 44 81 80
85 45 83 82
90 46 87 86
91 47 89 88
106 50 103 102
107 51 105 104
56 52 109 108
57 53 111 110
116 58 113 112
117 59 115 114
122 60 119 118
123 61 121 120
226 68 1 1
224 69 1 1
230 70 1 1
228 71 1 1
234 74 1 1
232 75 1 1
238 76 1 1
236 77 1 1
244 80 1 1
240 81 1 1
252 82 1 1
248 83 1 1
258 86 1 1
256 87 1 1
262 88 1 1
260 89 1 1
259 102 1 1
257 103 1 1
263 104 1 1
261 105 1 1
227 112 205 204
225 113 207 206
231 114 1 1
229 115 1 1
235 118 213 212
233 119 1 1
239 120 217 1
237 121 1 1
194 108 191 190
195 109 193 192
200 110 197 196
201 111 199 198
-1 217 97 96
-1 212 125 124
-1 213 129 128
-1 204 221 220
-1 205 223 222
-1 206 265 264
-1 207 267 266
246 190 269 268
242 191 271 270
254 192 273 272
250 193 275 274
247 196 277 276
243 197 279 278
255 198 281 280
251 199 283 282
220 126 133 132
-1 221 151 150
-1 223 155 154
222 130 157 156
-1 265 175 174
-1 267 177 176
264 127 179 178
266 131 203 202
-1 125 127 126
-1 129 131 130
-1 274 225 224
-1 275 227 226
-1 272 229 228
-1 273 231 230
-1 270 233 232
-1 271 235 234
-1 268 237 236
-1 269 239 238
-1 282 241 240
-1 283 245 244
-1 280 249 248
-1 281 253 252
-1 278 257 256
-1 279 259 258
-1 276 261 260
-1 277 263 262
150 132 73 72
154 133 79 78
174 156 85 84
176 157 91 90
178 155 107 106
202 175 117 116
203 177 123 122
-1 179 181 180
-1 151 153 152
-1 249 251 250
-1 253 255 254
-1 241 243 242
-1 245 247 246
180 152 195 194
181 153 201 200
