0 0 15 14
0 0 21 20
0 0 111 110
0 0 115 114
0 0 117 116
0 0 121 120
20 14 17 16
21 15 19 18
114 110 103 102
120 116 109 108
115 111 113 112
121 117 119 118
-1 16 23 22
-1 17 25 24
48 18 27 26
118 112 61 60
-1 19 29 28
109 102 105 104
108 103 107 106
-1 113 131 130
-1 119 133 132
32 22 41 40
33 23 43 42
37 24 45 44
38 25 47 46
-1 104 123 122
-1 105 125 124
-1 106 127 126
-1 107 129 128
60 26 57 56
61 27 59 58
53 28 63 62
132 130 153 152
143 29 -1 64
221 131 -1 156
225 133 -1 157
65 64 155 154
157 156 159 158
122 40 87 86
124 41 89 88
123 42 91 90
125 43 93 92
126 44 95 94
128 45 97 96
127 46 99 98
129 47 101 100
144 58 141 140
138 56 135 134
139 57 137 136
-1 59 143 142
152 62 149 148
153 63 151 150
-1 154 73 72
-1 155 75 74
-1 158 83 82
-1 159 85 84
192 140 139 138
193 141 145 144
228 86 1 1
226 87 1 1
232 88 1 1
230 89 1 1
229 90 1 1
227 91 1 1
233 92 1 1
231 93 1 1
236 94 1 1
234 95 1 1
240 96 1 1
238 97 1 1
237 98 1 1
235 99 1 1
241 100 1 1
239 101 1 1
199 134 195 194
198 135 197 196
205 136 201 200
204 137 203 202
213 148 1 1
212 149 1 1
219 150 1 1
218 151 1 1
146 142 207 206
84 72 67 66
82 74 77 76
73 31 -1 34
75 36 -1 39
83 49 -1 50
85 52 -1 55
-1 145 147 146
222 206 213 212
223 207 219 218
-1 196 227 226
-1 197 229 228
-1 194 231 230
-1 195 233 232
-1 202 235 234
-1 203 237 236
-1 200 239 238
-1 201 241 240
-1 66 31 30
-1 67 36 35
-1 76 49 48
-1 77 52 51
147 54 -1 65
-1 50 79 78
-1 34 69 68
-1 55 81 80
-1 39 71 70
-1 30 33 32
-1 35 38 37
-1 51 54 53
78 68 193 192
80 70 199 198
79 69 205 204
-1 81 221 220
-1 71 225 224
224 220 223 222
