0 0 15 14
0 0 21 20
0 0 43 42
0 0 45 44
0 0 87 86
0 0 95 94
20 14 17 16
44 42 27 26
21 15 19 18
45 43 37 36
138 86 79 78
94 90 85 84
141 87 89 88
95 91 93 92
-1 16 23 22
-1 26 29 28
-1 17 25 24
-1 27 31 30
-1 18 33 32
-1 36 39 38
-1 19 35 34
-1 37 41 40
85 78 81 80
84 79 83 82
93 88 120 119
92 89 122 121
28 22 47 46
29 23 49 48
30 24 51 50
31 25 53 52
-1 80 97 96
-1 81 99 98
-1 82 101 100
-1 83 103 102
38 32 55 54
39 33 57 56
40 34 59 58
200 35 -1 60
202 41 -1 61
-1 119 124 123
-1 120 126 125
-1 121 128 127
-1 122 132 131
208 127 -1 129
210 132 -1 133
96 46 63 62
98 47 65 64
97 48 67 66
99 49 69 68
100 50 71 70
102 51 73 72
101 52 75 74
103 53 77 76
123 54 105 104
125 55 107 106
124 56 109 108
126 57 111 110
209 59 -1 114
211 128 -1 130
131 58 113 112
-1 60 116 115
-1 61 118 117
218 62 1 1
216 63 1 1
222 64 1 1
220 65 1 1
219 66 1 1
217 67 1 1
223 68 1 1
221 69 1 1
226 70 1 1
224 71 1 1
230 72 1 1
228 73 1 1
227 74 1 1
225 75 1 1
231 76 1 1
229 77 1 1
280 104 1 1
278 105 1 1
276 106 1 1
274 107 1 1
281 108 1 1
279 109 1 1
277 110 1 1
275 111 1 1
203 112 197 1
201 113 1 1
-1 129 135 134
-1 133 137 136
117 115 205 204
118 116 207 206
-1 114 193 192
-1 130 195 194
-1 197 91 90
193 139 -1 140
195 142 -1 143
213 204 293 292
212 205 295 294
136 134 213 212
245 206 -1 246
248 207 -1 249
137 135 215 214
194 192 297 296
-1 296 139 138
-1 297 142 141
-1 292 245 244
-1 293 248 247
291 246 273 272
288 249 283 282
143 140 285 284
-1 294 287 286
-1 295 290 289
287 214 -1 288
290 215 -1 291
-1 284 233 232
-1 285 239 238
244 232 235 234
247 238 241 240
-1 282 259 258
-1 283 263 262
-1 272 265 264
-1 273 269 268
286 233 237 236
289 239 243 242
-1 243 209 208
-1 263 211 210
262 234 251 250
258 235 253 252
268 240 255 254
264 241 257 256
265 237 267 266
269 236 271 270
259 242 261 260
-1 260 201 200
-1 261 203 202
-1 256 217 216
-1 257 219 218
-1 254 221 220
-1 255 223 222
-1 252 225 224
-1 253 227 226
-1 250 229 228
-1 251 231 230
-1 266 275 274
-1 267 277 276
-1 270 279 278
-1 271 281 280
