0 0 15 14
0 0 21 20
0 0 139 138
0 0 143 142
0 0 145 144
0 0 149 148
20 14 17 16
21 15 19 18
142 138 131 130
148 144 137 136
143 139 141 140
149 145 147 146
-1 16 23 22
-1 17 25 24
-1 18 27 26
-1 19 29 28
137 130 133 132
136 131 135 134
147 140 173 172
146 141 175 174
32 22 43 42
33 23 45 44
38 24 47 46
39 25 49 48
-1 132 151 150
-1 133 153 152
-1 134 155 154
-1 135 157 156
52 26 63 62
53 27 65 64
58 28 67 66
59 29 69 68
-1 172 177 176
-1 173 179 178
-1 174 181 180
-1 175 183 182
180 66 71 70
150 42 115 114
152 43 117 116
151 44 119 118
153 45 121 120
154 46 123 122
156 47 125 124
155 48 127 126
157 49 129 128
176 62 159 158
178 63 161 160
177 64 163 162
179 65 165 164
182 67 167 166
181 68 169 168
183 69 171 170
266 70 73 72
264 71 75 74
245 163 85 84
247 165 91 90
244 162 103 102
246 164 109 108
189 114 1 1
188 115 1 1
195 116 1 1
194 117 1 1
201 118 1 1
200 119 1 1
207 120 1 1
206 121 1 1
213 122 1 1
212 123 1 1
219 124 1 1
218 125 1 1
225 126 1 1
224 127 1 1
231 128 1 1
230 129 1 1
237 158 1 1
236 159 1 1
243 160 1 1
242 161 1 1
253 166 1 1
252 167 1 1
267 168 1 1
265 169 1 1
263 170 1 1
262 171 1 1
-1 72 31 30
-1 73 37 36
-1 74 51 50
-1 75 57 56
90 41 83 82
-1 103 107 106
-1 102 105 104
-1 85 89 88
-1 84 87 86
-1 108 111 110
-1 109 113 112
-1 91 93 92
-1 30 33 32
-1 36 39 38
-1 50 53 52
-1 56 59 58
-1 31 35 34
-1 37 41 40
-1 51 55 54
-1 57 61 60
106 98 189 188
104 94 195 194
107 99 201 200
105 95 207 206
88 80 213 212
86 76 219 218
89 81 225 224
87 77 231 230
113 101 237 236
111 97 243 242
110 96 245 244
112 100 247 246
92 78 253 252
93 79 263 262
-1 82 265 264
-1 83 267 266
-1 60 99 98
-1 54 95 94
-1 40 81 80
-1 34 77 76
-1 55 97 96
-1 61 101 100
-1 35 79 78
