0 0 15 14
0 0 21 20
0 0 149 148
0 0 153 152
0 0 155 154
0 0 159 158
20 14 17 16
21 15 19 18
152 148 141 140
158 154 147 146
153 149 151 150
159 155 157 156
-1 16 23 22
-1 17 25 24
-1 18 27 26
-1 19 29 28
147 140 143 142
146 141 145 144
157 150 183 182
156 151 185 184
32 22 43 42
33 23 45 44
38 24 47 46
39 25 49 48
-1 142 161 160
-1 143 163 162
-1 144 165 164
-1 145 167 166
52 26 63 62
53 27 65 64
58 28 67 66
59 29 69 68
-1 182 187 186
-1 183 189 188
-1 184 191 190
-1 185 193 192
190 66 71 70
160 42 125 124
162 43 127 126
161 44 129 128
163 45 131 130
164 46 133 132
166 47 135 134
165 48 137 136
167 49 139 138
186 62 169 168
188 63 171 170
187 64 173 172
189 65 175 174
192 67 177 176
191 68 179 178
193 69 181 180
122 70 73 72
118 71 75 74
124 112 1 1
125 108 1 1
126 88 1 1
127 84 1 1
128 113 1 1
129 109 1 1
130 89 1 1
131 85 1 1
132 120 1 1
133 116 1 1
134 96 1 1
135 92 1 1
136 121 1 1
137 117 1 1
138 97 1 1
139 93 1 1
168 114 1 1
169 110 1 1
170 90 1 1
171 86 1 1
172 115 1 1
173 111 1 1
174 91 1 1
175 87 1 1
176 98 1 1
177 94 1 1
178 123 1 1
179 119 1 1
180 99 1 1
181 95 1 1
-1 72 31 30
-1 73 37 36
-1 74 51 50
-1 75 57 56
-1 30 33 32
-1 36 39 38
-1 50 53 52
-1 56 59 58
-1 31 35 34
-1 37 41 40
-1 51 55 54
-1 57 61 60
-1 34 77 76
-1 40 81 80
-1 35 79 78
-1 41 83 82
-1 54 101 100
-1 60 105 104
-1 55 103 102
-1 61 107 106
-1 100 109 108
-1 104 113 112
-1 76 85 84
-1 80 89 88
-1 102 117 116
-1 106 121 120
-1 78 93 92
-1 82 97 96
-1 101 111 110
-1 105 115 114
-1 77 87 86
-1 81 91 90
-1 103 119 118
-1 107 123 122
-1 79 95 94
-1 83 99 98
