0 0 15 14
0 0 21 20
0 0 35 34
0 0 37 36
0 0 95 94
0 0 103 102
20 14 17 16
36 34 27 26
21 15 19 18
37 35 33 32
124 94 73 72
102 98 75 74
127 95 97 96
103 99 101 100
26 16 23 22
74 72 43 42
27 17 25 24
75 73 51 50
32 18 29 28
100 96 61 60
33 19 31 30
101 97 71 70
42 22 39 38
-1 23 41 40
-1 43 45 44
-1 24 47 46
-1 50 53 52
-1 25 49 48
-1 51 55 54
-1 28 57 56
-1 60 63 62
-1 29 59 58
-1 61 65 64
70 30 67 66
71 31 69 68
80 38 77 76
81 39 79 78
44 40 83 82
45 41 85 84
52 46 87 86
53 47 89 88
54 48 91 90
55 49 93 92
62 56 105 104
63 57 107 106
64 58 109 108
65 59 111 110
116 66 113 112
117 67 115 114
122 68 119 118
123 69 121 120
246 118 243 242
138 76 135 134
139 77 137 136
144 78 141 140
145 79 143 142
150 82 147 146
151 83 149 148
156 84 153 152
157 85 155 154
194 86 169 168
196 87 171 170
195 88 173 172
197 89 175 174
198 90 177 176
200 91 179 178
199 92 181 180
201 93 183 182
219 104 203 202
221 105 205 204
220 106 207 206
222 107 209 208
223 108 211 210
226 109 213 212
421 111 -1 216
227 110 215 214
254 120 251 250
234 112 231 230
235 113 233 232
240 114 237 236
241 115 239 238
255 121 253 252
-1 119 245 244
264 242 139 138
265 243 145 144
272 250 235 234
273 251 241 240
274 252 247 246
275 253 255 254
268 134 265 264
302 152 269 268
303 153 277 276
304 154 283 282
305 155 289 288
295 146 1 1
294 147 1 1
301 148 1 1
300 149 1 1
398 168 1 1
396 169 1 1
402 170 1 1
400 171 1 1
399 172 1 1
397 173 1 1
403 174 1 1
401 175 1 1
406 176 1 1
404 177 1 1
410 178 1 1
408 179 1 1
407 180 1 1
405 181 1 1
411 182 1 1
409 183 1 1
414 202 1 1
412 203 1 1
418 204 1 1
416 205 1 1
415 206 1 1
413 207 1 1
419 208 1 1
417 209 1 1
422 210 359 358
420 211 361 360
426 212 1 1
424 213 1 1
225 216 367 366
427 214 369 1
425 215 1 1
276 136 273 272
281 230 373 372
280 231 375 374
283 141 281 280
279 232 377 376
278 233 379 378
282 140 279 278
287 236 381 380
286 237 383 382
289 143 287 286
285 238 385 384
284 239 387 386
288 142 285 284
277 137 275 274
248 244 389 388
249 245 391 390
-1 135 267 266
-1 369 99 98
-1 358 261 260
-1 359 263 262
392 388 295 294
393 389 301 300
394 390 303 302
395 391 305 304
-1 360 339 338
-1 361 341 340
-1 247 249 248
270 266 393 392
271 267 395 394
-1 269 271 270
-1 374 397 396
-1 375 399 398
-1 372 401 400
-1 373 403 402
-1 378 405 404
-1 379 407 406
-1 376 409 408
-1 377 411 410
-1 382 413 412
-1 383 415 414
-1 380 417 416
-1 381 419 418
-1 386 421 420
-1 387 423 422
-1 384 425 424
-1 385 427 426
-1 366 429 428
-1 367 431 430
-1 429 125 124
-1 431 128 127
260 256 131 130
-1 261 159 158
-1 263 163 162
262 258 185 184
-1 339 191 190
-1 341 193 192
338 257 218 217
340 259 229 228
428 125 -1 126
430 128 -1 129
423 224 -1 225
158 130 81 80
228 191 117 116
229 193 123 122
-1 131 133 132
-1 162 165 164
192 184 187 186
190 185 189 188
218 159 161 160
217 163 167 166
-1 126 257 256
-1 129 259 258
164 132 151 150
165 133 157 156
-1 186 195 194
-1 187 197 196
-1 188 199 198
-1 189 201 200
-1 160 220 219
-1 161 222 221
-1 166 224 223
-1 167 227 226
