0 0 16 15
0 0 22 21
0 0 36 35
0 0 38 37
0 0 86 85
0 0 90 89
144 0 96 95
21 15 18 17
37 35 28 27
22 16 20 19
38 36 34 33
89 85 66 65
95 91 68 67
90 86 88 87
96 92 94 93
27 17 24 23
67 65 44 43
28 18 26 25
68 66 50 49
33 19 30 29
93 87 56 55
34 20 32 31
94 88 64 63
43 23 40 39
44 24 42 41
49 25 46 45
50 26 48 47
55 29 52 51
-1 30 54 53
-1 56 58 57
63 31 60 59
64 32 62 61
114 39 1 1
112 40 1 1
118 41 1 1
116 42 1 1
124 45 1 1
120 46 1 1
130 47 1 1
128 48 1 1
131 51 1 1
129 52 1 1
115 59 1 1
113 60 1 1
119 61 -1 109
117 62 1 1
57 53 102 101
58 54 104 103
-1 109 141 140
126 101 133 132
122 102 135 134
127 103 137 136
123 104 139 138
143 140 -1 142
-1 141 144 143
-1 134 113 112
-1 135 115 114
-1 132 117 116
-1 133 119 118
-1 138 121 120
-1 139 125 124
-1 136 129 128
-1 137 131 130
-1 142 92 91
-1 121 123 122
-1 125 127 126
