0 0 16 15
0 0 22 21
0 0 36 35
0 0 40 39
0 0 48 47
0 0 52 51
133 0 62 61
21 15 18 17
40 36 28 27
22 16 20 19
62 60 34 33
39 35 38 37
52 48 46 45
51 47 50 49
61 59 58 57
27 17 24 23
57 49 54 53
28 18 26 25
58 50 56 55
33 19 30 29
45 37 42 41
34 20 32 31
46 38 44 43
53 23 64 63
54 24 66 65
55 25 68 67
56 26 70 69
41 29 72 71
42 30 74 73
43 31 76 75
44 32 78 77
131 63 1 1
129 64 1 1
87 65 84 83
106 69 1 1
105 70 1 1
132 71 1 1
130 72 1 1
116 73 1 1
115 74 1 1
122 75 118 1
121 76 1 1
128 77 1 1
127 78 1 1
-1 66 86 85
-1 67 92 91
-1 68 94 93
-1 118 134 133
89 85 88 87
90 86 96 95
97 91 106 105
99 93 116 115
100 94 122 121
98 92 128 127
-1 83 130 129
-1 84 132 131
-1 134 60 59
-1 88 90 89
-1 95 98 97
-1 96 100 99
