0 0 16 15
0 0 22 21
0 0 36 35
0 0 38 37
0 0 94 93
0 0 98 97
271 0 104 103
21 15 18 17
37 35 28 27
22 16 20 19
38 36 34 33
97 93 60 59
103 99 62 61
98 94 96 95
104 100 102 101
27 17 24 23
61 59 44 43
28 18 26 25
62 60 50 49
33 19 30 29
34 20 32 31
101 95 138 137
102 96 140 139
43 23 40 39
44 24 42 41
49 25 46 45
50 26 48 47
105 29 52 51
141 137 114 113
107 30 54 53
143 138 120 119
121 31 56 55
145 139 128 127
123 32 58 57
148 140 136 135
119 53 116 115
67 39 64 63
68 40 66 65
73 41 70 69
-1 42 72 71
-1 45 78 77
-1 46 80 79
91 47 88 87
92 48 90 89
113 51 110 109
114 52 112 111
120 54 118 117
195 55 -1 125
269 127 -1 129
196 56 -1 126
270 128 -1 130
135 57 132 131
136 58 134 133
156 115 152 151
155 116 1 1
241 63 1 1
239 64 1 1
245 65 1 1
243 66 1 1
184 69 180 179
183 70 182 181
202 87 1 1
201 88 1 1
208 89 1 1
207 90 1 1
242 109 1 1
240 110 1 1
246 111 1 1
244 112 1 1
222 117 1 1
221 118 1 1
129 125 224 223
130 126 226 225
232 131 1 1
231 132 1 1
238 133 234 1
237 134 1 1
75 71 186 185
76 72 188 187
83 77 190 189
84 78 192 191
85 79 194 193
86 80 196 195
-1 234 272 271
-1 151 142 141
-1 152 144 143
267 193 156 155
-1 223 164 163
-1 224 166 165
-1 225 168 167
-1 226 170 169
249 185 184 183
263 189 202 201
264 190 208 207
268 194 222 221
265 191 232 231
266 192 238 237
-1 181 240 239
-1 182 242 241
-1 179 244 243
-1 180 246 245
-1 186 248 247
-1 187 254 253
-1 188 256 255
-1 272 100 99
142 106 68 67
144 108 74 73
-1 167 146 145
-1 169 149 148
-1 163 158 157
-1 165 161 160
164 157 -1 159
166 160 -1 162
168 146 -1 147
170 149 -1 150
251 247 250 249
252 248 258 257
259 253 264 263
260 254 266 265
261 255 268 267
262 256 270 269
158 122 82 81
161 124 92 91
-1 159 106 105
-1 162 108 107
-1 147 122 121
-1 150 124 123
-1 74 76 75
-1 250 252 251
-1 257 260 259
-1 258 262 261
-1 81 84 83
-1 82 86 85
