0 0 16 15
0 0 22 21
0 0 44 43
0 0 46 45
0 0 88 87
0 0 92 91
280 0 98 97
21 15 18 17
45 43 28 27
22 16 20 19
46 44 38 37
91 87 80 79
97 93 86 85
92 88 90 89
98 94 96 95
-1 17 24 23
-1 27 30 29
-1 18 26 25
-1 28 32 31
-1 19 34 33
-1 37 40 39
-1 20 36 35
-1 38 42 41
86 79 82 81
85 80 84 83
96 89 124 123
95 90 126 125
29 23 48 47
30 24 50 49
31 25 52 51
32 26 54 53
-1 81 100 99
-1 82 102 101
-1 83 104 103
-1 84 106 105
39 33 56 55
40 34 58 57
41 35 60 59
42 36 62 61
-1 123 128 127
-1 124 130 129
-1 125 132 131
-1 126 134 133
99 47 64 63
101 48 66 65
100 49 68 67
102 50 70 69
103 51 72 71
105 52 74 73
104 53 76 75
106 54 78 77
127 55 108 107
129 56 110 109
128 57 112 111
130 58 114 113
131 59 116 115
133 60 118 117
132 61 120 119
134 62 122 121
200 63 1 1
198 64 1 1
204 65 1 1
202 66 1 1
201 67 1 1
199 68 1 1
205 69 1 1
203 70 1 1
208 71 1 1
206 72 1 1
212 73 1 1
210 74 1 1
209 75 1 1
207 76 1 1
213 77 1 1
211 78 1 1
248 107 1 1
246 108 1 1
244 109 1 1
242 110 1 1
249 111 1 1
247 112 1 1
245 113 1 1
243 114 1 1
270 117 1 1
268 118 1 1
273 119 1 1
271 121 -1 195
269 122 1 1
-1 115 184 183
-1 116 186 185
-1 120 194 193
-1 195 277 276
-1 184 215 214
224 183 223 222
238 185 235 234
-1 186 237 236
266 193 259 258
267 194 265 264
279 276 -1 278
-1 277 280 279
220 214 217 216
223 216 227 226
222 217 229 228
221 215 219 218
235 218 231 230
234 219 233 232
240 236 251 250
259 250 255 254
258 251 257 256
241 237 253 252
265 252 261 260
264 253 263 262
-1 278 94 93
-1 228 199 198
-1 229 201 200
-1 226 203 202
-1 227 205 204
-1 256 207 206
-1 257 209 208
-1 254 211 210
-1 255 213 212
-1 230 243 242
-1 231 245 244
-1 232 247 246
-1 233 249 248
-1 260 269 268
-1 261 271 270
-1 262 273 272
-1 263 275 274
-1 272 225 224
-1 274 239 238
-1 275 267 266
-1 225 221 220
-1 239 241 240
