0 0 16 15
0 0 22 21
0 0 44 43
0 0 46 45
0 0 88 87
0 0 92 91
290 0 98 97
21 15 18 17
45 43 28 27
22 16 20 19
46 44 38 37
91 87 80 79
97 93 86 85
92 88 90 89
98 94 96 95
-1 17 24 23
-1 27 30 29
-1 18 26 25
-1 28 32 31
-1 19 34 33
-1 37 40 39
-1 20 36 35
-1 38 42 41
86 79 82 81
85 80 84 83
96 89 124 123
95 90 126 125
29 23 48 47
30 24 50 49
31 25 52 51
32 26 54 53
-1 81 100 99
-1 82 102 101
-1 83 104 103
-1 84 106 105
39 33 56 55
40 34 58 57
41 35 60 59
196 36 -1 61
198 42 -1 62
-1 123 128 127
-1 124 130 129
-1 125 132 131
-1 126 135 134
204 132 -1 133
206 135 -1 136
99 47 64 63
101 48 66 65
100 49 68 67
102 50 70 69
103 51 72 71
105 52 74 73
104 53 76 75
106 54 78 77
127 55 108 107
129 56 110 109
128 57 112 111
130 58 114 113
131 59 116 115
134 60 118 117
-1 61 120 119
-1 62 122 121
218 63 1 1
216 64 1 1
222 65 1 1
220 66 1 1
219 67 1 1
217 68 1 1
223 69 1 1
221 70 1 1
226 71 1 1
224 72 1 1
230 73 1 1
228 74 1 1
227 75 1 1
225 76 1 1
231 77 1 1
229 78 1 1
264 107 1 1
262 108 1 1
260 109 1 1
258 110 1 1
265 111 1 1
263 112 1 1
261 113 1 1
259 114 1 1
205 115 1 1
199 117 -1 193
197 118 1 1
-1 133 138 137
-1 136 140 139
-1 116 192 191
121 119 201 200
122 120 203 202
-1 193 287 286
208 191 279 278
209 192 285 284
200 139 214 213
201 137 211 210
249 202 -1 250
252 203 -1 253
255 138 -1 212
257 140 -1 215
289 286 -1 288
-1 287 290 289
-1 212 233 232
-1 250 239 238
-1 213 249 248
-1 214 252 251
-1 210 255 254
-1 211 257 256
-1 215 267 266
-1 253 273 272
279 268 275 274
278 269 277 276
285 270 281 280
284 271 283 282
-1 288 94 93
-1 280 197 196
-1 281 199 198
-1 282 205 204
-1 283 207 206
-1 276 225 224
-1 277 227 226
-1 274 229 228
-1 275 231 230
238 232 235 234
251 234 241 240
248 235 243 242
239 233 237 236
256 236 245 244
254 237 247 246
272 266 269 268
273 267 271 270
-1 242 217 216
-1 243 219 218
-1 240 221 220
-1 241 223 222
-1 244 259 258
-1 245 261 260
-1 246 263 262
-1 247 265 264
-1 207 209 208
