0 0 16 15
0 0 22 21
0 0 44 43
0 0 46 45
0 0 88 87
0 0 92 91
262 0 98 97
21 15 18 17
45 43 28 27
22 16 20 19
46 44 38 37
91 87 80 79
97 93 86 85
92 88 90 89
98 94 96 95
-1 17 24 23
-1 27 30 29
-1 18 26 25
-1 28 32 31
-1 19 34 33
-1 37 40 39
-1 20 36 35
-1 38 42 41
86 79 82 81
85 80 84 83
96 89 124 123
95 90 126 125
29 23 48 47
30 24 50 49
31 25 52 51
32 26 54 53
-1 81 100 99
-1 82 102 101
-1 83 104 103
-1 84 106 105
39 33 56 55
40 34 58 57
41 35 60 59
42 36 62 61
-1 123 128 127
-1 124 130 129
-1 125 132 131
-1 126 136 135
99 47 64 63
101 48 66 65
100 49 68 67
102 50 70 69
103 51 72 71
105 52 74 73
104 53 76 75
106 54 78 77
127 55 108 107
129 56 110 109
128 57 112 111
130 58 114 113
-1 59 116 115
-1 131 134 133
-1 60 118 117
-1 135 138 137
132 61 120 119
136 62 122 121
204 63 1 1
202 64 1 1
208 65 1 1
206 66 1 1
205 67 1 1
203 68 1 1
209 69 1 1
207 70 1 1
212 71 1 1
210 72 1 1
216 73 1 1
214 74 1 1
213 75 1 1
211 76 1 1
217 77 1 1
215 78 1 1
220 107 1 1
218 108 1 1
224 109 1 1
222 110 1 1
221 111 1 1
219 112 1 1
225 113 1 1
223 114 1 1
246 119 1 1
242 120 1 1
254 121 -1 199
250 122 1 1
133 115 188 187
134 116 190 189
137 117 192 191
138 118 194 193
-1 199 259 258
256 187 227 226
252 188 229 228
257 189 231 230
253 190 233 232
248 191 235 234
244 192 237 236
249 193 239 238
245 194 241 240
261 258 -1 260
-1 259 262 261
-1 228 203 202
-1 229 205 204
-1 226 207 206
-1 227 209 208
-1 236 211 210
-1 237 213 212
-1 234 215 214
-1 235 217 216
-1 232 219 218
-1 233 221 220
-1 230 223 222
-1 231 225 224
-1 240 243 242
-1 241 247 246
-1 238 251 250
-1 239 255 254
-1 260 94 93
-1 251 253 252
-1 255 257 256
-1 243 245 244
-1 247 249 248
