0 0 23 22
0 0 41 40
0 0 43 42
0 0 45 44
0 0 51 50
0 0 63 62
0 0 65 64
22 16 19 18
43 41 33 32
23 17 21 20
42 40 39 38
50 44 47 46
65 63 55 54
51 45 49 48
64 62 61 60
33 19 25 24
54 46 29 28
32 18 31 30
60 48 57 56
38 20 35 34
61 49 59 58
39 21 37 36
55 47 53 52
28 24 17 16
56 30 67 66
57 31 69 68
29 25 27 26
58 34 71 70
59 35 73 72
52 36 75 74
53 37 77 76
83 66 1 1
82 67 1 1
101 70 1 1
100 71 1 1
107 72 1 1
106 73 1 1
113 74 1 1
112 75 1 1
118 76 1 1
89 69 87 86
88 68 85 84
119 77 117 116
94 26 91 90
95 27 93 92
122 86 83 82
116 84 89 88
117 85 95 94
124 87 101 100
123 92 107 106
125 93 113 112
130 91 119 118
126 90 121 120
131 120 133 132
127 121 129 128
-1 128 123 122
-1 129 125 124
-1 132 127 126
-1 133 131 130
