0 0 17 16
0 0 23 22
0 0 37 36
0 0 41 40
0 0 49 48
0 0 53 52
0 0 63 62
22 16 19 18
41 37 29 28
23 17 21 20
62 60 35 34
40 36 39 38
53 49 47 46
52 48 51 50
63 61 59 58
28 18 25 24
58 50 55 54
29 19 27 26
59 51 57 56
34 20 31 30
46 38 43 42
35 21 33 32
47 39 45 44
54 24 61 60
55 25 65 64
56 26 67 66
57 27 69 68
42 30 71 70
43 31 73 72
44 32 75 74
45 33 77 76
124 64 1 1
122 65 1 1
86 66 83 82
103 70 1 1
102 71 1 1
109 72 1 1
108 73 1 1
115 74 1 1
114 75 1 1
121 76 1 1
120 77 1 1
87 67 85 84
-1 68 89 88
-1 69 91 90
123 84 87 86
125 85 93 92
94 88 103 102
95 89 109 108
96 90 115 114
97 91 121 120
-1 82 123 122
-1 83 125 124
-1 92 95 94
-1 93 97 96
