0 0 17 16
0 0 23 22
0 0 37 36
0 0 39 38
0 0 95 94
0 0 99 98
0 0 105 104
22 16 19 18
38 36 29 28
23 17 21 20
39 37 35 34
98 94 61 60
104 100 63 62
99 95 97 96
105 101 103 102
28 18 25 24
62 60 45 44
29 19 27 26
63 61 51 50
34 20 31 30
35 21 33 32
102 96 139 138
103 97 141 140
44 24 41 40
45 25 43 42
50 26 47 46
51 27 49 48
106 30 53 52
142 138 115 114
108 31 55 54
144 139 121 120
122 32 57 56
146 140 131 130
124 33 59 58
148 141 137 136
131 57 129 128
130 56 127 126
68 40 65 64
69 41 67 66
74 42 71 70
-1 43 73 72
-1 46 79 78
-1 47 81 80
92 48 89 88
93 49 91 90
114 52 111 110
115 53 113 112
120 54 117 116
121 55 119 118
136 58 133 132
137 59 135 134
155 128 151 150
154 129 1 1
165 126 161 160
164 127 163 162
238 64 1 1
236 65 1 1
242 66 1 1
240 67 1 1
179 70 175 174
178 71 177 176
197 88 1 1
196 89 1 1
203 90 1 1
202 91 1 1
239 110 1 1
237 111 1 1
243 112 1 1
241 113 1 1
217 116 1 1
216 117 1 1
223 118 1 1
222 119 1 1
229 132 1 1
228 133 1 1
235 134 231 1
234 135 1 1
76 72 181 180
77 73 183 182
84 78 185 184
85 79 187 186
86 80 189 188
87 81 191 190
-1 231 101 100
-1 150 143 142
-1 151 145 144
-1 162 147 146
-1 163 149 148
267 191 155 154
-1 160 157 156
-1 161 159 158
266 190 165 164
246 180 179 178
260 184 197 196
261 185 203 202
264 188 217 216
265 189 223 222
262 186 229 228
263 187 235 234
-1 176 237 236
-1 177 239 238
-1 174 241 240
-1 175 243 242
-1 181 245 244
-1 182 251 250
-1 183 253 252
143 107 69 68
145 109 75 74
157 123 83 82
159 125 93 92
-1 156 107 106
-1 158 109 108
-1 147 123 122
-1 149 125 124
248 244 247 246
249 245 255 254
256 250 261 260
257 251 263 262
258 252 265 264
259 253 267 266
-1 75 77 76
-1 82 85 84
-1 83 87 86
-1 247 249 248
-1 254 257 256
-1 255 259 258
