0 0 17 16
0 0 23 22
0 0 37 36
0 0 39 38
0 0 95 94
0 0 99 98
0 0 103 102
22 16 19 18
38 36 29 28
23 17 21 20
39 37 35 34
126 94 67 66
102 98 69 68
129 95 97 96
103 99 101 100
28 18 25 24
68 66 45 44
29 19 27 26
69 67 51 50
34 20 31 30
100 96 57 56
35 21 33 32
101 97 65 64
44 24 41 40
45 25 43 42
50 26 47 46
51 27 49 48
56 30 53 52
-1 31 55 54
-1 57 59 58
64 32 61 60
65 33 63 62
74 40 71 70
75 41 73 72
80 42 77 76
81 43 79 78
86 46 83 82
87 47 85 84
92 48 89 88
93 49 91 90
108 52 105 104
109 53 107 106
58 54 111 110
59 55 113 112
235 60 -1 114
231 61 -1 115
239 63 -1 122
123 62 121 120
232 70 1 1
230 71 1 1
236 72 1 1
234 73 1 1
240 76 1 1
238 77 1 1
244 78 1 1
242 79 1 1
250 82 1 1
246 83 1 1
258 84 1 1
254 85 1 1
264 88 1 1
262 89 1 1
268 90 1 1
266 91 1 1
265 104 1 1
263 105 1 1
269 106 1 1
267 107 1 1
245 120 1 1
243 121 1 1
194 110 191 190
195 111 193 192
200 112 197 196
201 113 199 198
-1 114 205 204
-1 115 209 208
-1 122 213 212
225 205 -1 226
279 209 -1 272
213 127 -1 128
252 190 283 282
248 191 285 284
260 192 287 286
256 193 289 288
253 196 291 290
249 197 293 292
261 198 295 294
257 199 297 296
206 204 299 298
210 208 301 300
214 212 303 302
-1 302 127 126
-1 303 130 129
-1 298 225 224
-1 299 228 227
-1 288 231 230
-1 289 233 232
-1 286 235 234
-1 287 237 236
-1 284 239 238
-1 285 241 240
-1 282 243 242
-1 283 245 244
-1 296 247 246
-1 297 251 250
-1 294 255 254
-1 295 259 258
-1 292 263 262
-1 293 265 264
-1 290 267 266
-1 291 269 268
229 226 271 270
275 272 274 273
131 128 277 276
-1 300 279 278
-1 301 281 280
224 220 133 132
-1 270 151 150
-1 271 155 154
227 222 157 156
-1 273 175 174
-1 274 177 176
278 221 179 178
280 223 203 202
237 116 -1 118
233 117 -1 119
241 124 -1 125
-1 276 221 220
-1 277 223 222
228 207 -1 229
281 211 -1 275
215 130 -1 131
-1 255 257 256
-1 259 261 260
-1 247 249 248
-1 251 253 252
150 132 75 74
154 133 81 80
174 156 87 86
176 157 93 92
178 155 109 108
202 175 117 116
203 177 124 123
-1 179 181 180
-1 151 153 152
-1 118 207 206
-1 119 211 210
-1 125 215 214
180 152 195 194
181 153 201 200
