0 0 17 16
0 0 23 22
0 0 45 44
0 0 47 46
0 0 89 88
0 0 93 92
0 0 99 98
22 16 19 18
46 44 29 28
23 17 21 20
47 45 39 38
92 88 81 80
98 94 87 86
93 89 91 90
99 95 97 96
-1 18 25 24
-1 28 31 30
-1 19 27 26
-1 29 33 32
-1 20 35 34
-1 38 41 40
-1 21 37 36
-1 39 43 42
87 80 83 82
86 81 85 84
97 90 125 124
96 91 127 126
30 24 49 48
31 25 51 50
32 26 53 52
33 27 55 54
-1 82 101 100
-1 83 103 102
-1 84 105 104
-1 85 107 106
40 34 57 56
41 35 59 58
42 36 61 60
198 37 -1 62
200 43 -1 63
-1 124 129 128
-1 125 131 130
-1 126 133 132
-1 127 136 135
206 133 -1 134
208 136 -1 137
100 48 65 64
102 49 67 66
101 50 69 68
103 51 71 70
104 52 73 72
106 53 75 74
105 54 77 76
107 55 79 78
128 56 109 108
130 57 111 110
129 58 113 112
131 59 115 114
132 60 117 116
135 61 119 118
-1 62 121 120
-1 63 123 122
220 64 1 1
218 65 1 1
224 66 1 1
222 67 1 1
221 68 1 1
219 69 1 1
225 70 1 1
223 71 1 1
228 72 1 1
226 73 1 1
232 74 1 1
230 75 1 1
229 76 1 1
227 77 1 1
233 78 1 1
231 79 1 1
266 108 1 1
264 109 1 1
262 110 1 1
260 111 1 1
267 112 1 1
265 113 1 1
263 114 1 1
261 115 1 1
207 116 1 1
201 118 195 1
199 119 1 1
-1 134 139 138
-1 137 141 140
-1 117 193 192
122 120 203 202
123 121 205 204
-1 195 95 94
210 192 281 280
211 193 287 286
202 140 216 215
203 138 213 212
251 204 -1 252
254 205 -1 255
257 139 -1 214
259 141 -1 217
-1 214 235 234
-1 252 241 240
-1 215 251 250
-1 216 254 253
-1 212 257 256
-1 213 259 258
-1 217 269 268
-1 255 275 274
281 270 277 276
280 271 279 278
287 272 283 282
286 273 285 284
-1 282 199 198
-1 283 201 200
-1 284 207 206
-1 285 209 208
-1 278 227 226
-1 279 229 228
-1 276 231 230
-1 277 233 232
240 234 237 236
253 236 243 242
250 237 245 244
241 235 239 238
258 238 247 246
256 239 249 248
274 268 271 270
275 269 273 272
-1 244 219 218
-1 245 221 220
-1 242 223 222
-1 243 225 224
-1 246 261 260
-1 247 263 262
-1 248 265 264
-1 249 267 266
-1 209 211 210
