0 0 17 16
0 0 23 22
0 0 45 44
0 0 47 46
0 0 89 88
0 0 93 92
0 0 97 96
22 16 19 18
46 44 29 28
23 17 21 20
47 45 39 38
140 88 81 80
96 92 87 86
144 89 91 90
97 93 95 94
-1 18 25 24
-1 28 31 30
-1 19 27 26
-1 29 33 32
-1 20 35 34
-1 38 41 40
-1 21 37 36
-1 39 43 42
87 80 83 82
86 81 85 84
95 90 123 122
94 91 125 124
30 24 49 48
31 25 51 50
32 26 53 52
33 27 55 54
-1 82 99 98
-1 83 101 100
-1 84 103 102
-1 85 105 104
40 34 57 56
41 35 59 58
42 36 61 60
204 37 -1 62
206 43 -1 63
-1 122 127 126
-1 123 129 128
-1 124 131 130
-1 125 134 133
212 131 -1 132
214 134 -1 135
98 48 65 64
100 49 67 66
99 50 69 68
101 51 71 70
102 52 73 72
104 53 75 74
103 54 77 76
105 55 79 78
126 56 107 106
128 57 109 108
127 58 111 110
129 59 113 112
130 60 115 114
133 61 117 116
-1 62 119 118
-1 63 121 120
224 64 1 1
222 65 1 1
228 66 1 1
226 67 1 1
225 68 1 1
223 69 1 1
229 70 1 1
227 71 1 1
232 72 1 1
230 73 1 1
236 74 1 1
234 75 1 1
233 76 1 1
231 77 1 1
237 78 1 1
235 79 1 1
284 106 1 1
282 107 1 1
280 108 1 1
278 109 1 1
285 110 1 1
283 111 1 1
281 112 1 1
279 113 1 1
215 114 197 196
213 115 1 1
207 116 1 1
205 117 1 1
-1 132 137 136
-1 135 139 138
120 118 209 208
121 119 211 210
-1 196 141 140
-1 197 145 144
208 138 220 219
209 136 217 216
247 210 -1 248
250 211 -1 251
289 137 -1 218
291 139 -1 221
-1 141 143 142
-1 145 147 146
-1 219 247 246
-1 220 250 249
248 221 277 276
251 218 287 286
-1 216 289 288
-1 217 291 290
246 142 239 238
249 146 243 242
-1 286 261 260
-1 287 265 264
-1 276 269 268
-1 277 273 272
288 143 241 240
290 147 245 244
264 238 253 252
260 239 255 254
272 242 257 256
268 243 259 258
269 241 271 270
273 240 275 274
261 245 263 262
265 244 267 266
-1 262 205 204
-1 263 207 206
-1 266 213 212
-1 267 215 214
-1 258 223 222
-1 259 225 224
-1 256 227 226
-1 257 229 228
-1 254 231 230
-1 255 233 232
-1 252 235 234
-1 253 237 236
-1 270 279 278
-1 271 281 280
-1 274 283 282
-1 275 285 284
