0 0 17 16
0 0 23 22
0 0 37 36
0 0 39 38
0 0 97 96
0 0 101 100
0 0 105 104
22 16 19 18
38 36 29 28
23 17 21 20
39 37 35 34
126 96 75 74
104 100 77 76
129 97 99 98
105 101 103 102
28 18 25 24
76 74 45 44
29 19 27 26
77 75 53 52
34 20 31 30
102 98 63 62
35 21 33 32
103 99 73 72
44 24 41 40
-1 25 43 42
-1 45 47 46
-1 26 49 48
-1 52 55 54
-1 27 51 50
-1 53 57 56
-1 30 59 58
-1 62 65 64
-1 31 61 60
-1 63 67 66
72 32 69 68
73 33 71 70
82 40 79 78
83 41 81 80
46 42 85 84
47 43 87 86
54 48 89 88
55 49 91 90
56 50 93 92
57 51 95 94
64 58 107 106
65 59 109 108
66 60 111 110
374 61 -1 112
376 67 -1 113
118 68 115 114
119 69 117 116
124 70 121 120
125 71 123 122
252 120 249 248
140 78 137 136
141 79 139 138
146 80 143 142
147 81 145 144
152 84 149 148
153 85 151 150
158 86 155 154
159 87 157 156
196 88 171 170
198 89 173 172
197 90 175 174
199 91 177 176
200 92 179 178
202 93 181 180
201 94 183 182
203 95 185 184
219 106 205 204
221 107 207 206
220 108 209 208
222 109 211 210
379 111 -1 214
227 110 213 212
113 112 216 215
260 122 257 256
240 114 237 236
241 115 239 238
246 116 243 242
247 117 245 244
261 123 259 258
-1 121 251 250
272 248 141 140
273 249 147 146
280 256 241 240
281 257 247 246
282 258 253 252
283 259 261 260
276 136 273 272
310 154 277 276
311 155 285 284
312 156 291 290
313 157 297 296
303 148 1 1
302 149 1 1
309 150 1 1
308 151 1 1
416 170 1 1
414 171 1 1
420 172 1 1
418 173 1 1
417 174 1 1
415 175 1 1
421 176 1 1
419 177 1 1
424 178 1 1
422 179 1 1
428 180 1 1
426 181 1 1
425 182 1 1
423 183 1 1
429 184 1 1
427 185 1 1
432 204 1 1
430 205 1 1
436 206 1 1
434 207 1 1
433 208 1 1
431 209 1 1
437 210 1 1
435 211 1 1
226 214 369 368
377 212 1 1
375 213 1 1
229 215 233 232
225 216 231 230
284 138 281 280
289 236 383 382
288 237 385 384
291 143 289 288
287 238 387 386
286 239 389 388
290 142 287 286
295 242 391 390
294 243 393 392
297 145 295 294
293 244 395 394
292 245 397 396
296 144 293 292
285 139 283 282
254 250 399 398
255 251 401 400
-1 137 275 274
410 398 303 302
411 399 309 308
412 400 311 310
413 401 313 312
-1 394 375 374
-1 395 377 376
-1 396 379 378
-1 397 381 380
-1 253 255 254
-1 232 403 402
-1 233 405 404
-1 230 407 406
-1 231 409 408
278 274 411 410
279 275 413 412
-1 277 279 278
-1 384 415 414
-1 385 417 416
-1 382 419 418
-1 383 421 420
-1 388 423 422
-1 389 425 424
-1 386 427 426
-1 387 429 428
-1 392 431 430
-1 393 433 432
-1 390 435 434
-1 391 437 436
-1 368 439 438
-1 369 441 440
-1 439 127 126
-1 441 130 129
378 223 -1 225
380 228 -1 229
-1 403 267 266
-1 405 270 269
402 267 -1 268
404 270 -1 271
406 349 -1 346
408 351 -1 347
438 127 -1 128
440 130 -1 131
-1 407 349 348
-1 409 351 350
381 224 -1 226
266 262 133 132
-1 268 161 160
-1 271 165 164
269 264 187 186
-1 346 193 192
-1 347 195 194
348 263 218 217
350 265 235 234
-1 128 263 262
-1 131 265 264
160 132 83 82
234 193 119 118
235 195 125 124
-1 133 135 134
-1 164 167 166
194 186 189 188
192 187 191 190
218 161 163 162
217 165 169 168
166 134 153 152
167 135 159 158
-1 188 197 196
-1 189 199 198
-1 190 201 200
-1 191 203 202
-1 162 220 219
-1 163 222 221
-1 168 224 223
-1 169 228 227
