0 0 18 17
0 0 24 23
0 0 38 37
0 0 40 39
0 0 110 109
0 0 116 115
215 0 128 127
0 0 130 129
23 17 20 19
39 37 30 29
24 18 22 21
40 38 36 35
115 109 112 111
129 127 122 121
116 110 114 113
130 128 126 125
29 19 26 25
30 20 28 27
35 21 32 31
36 22 34 33
126 114 94 93
121 111 118 117
122 112 120 119
125 113 124 123
67 33 64 63
97 93 70 69
45 25 42 41
131 117 76 75
46 26 44 43
132 118 82 81
51 27 48 47
135 119 88 87
-1 28 50 49
68 34 66 65
98 94 96 95
59 31 56 55
141 123 104 103
-1 32 58 57
-1 120 134 133
-1 124 140 139
69 63 46 45
70 64 52 51
95 65 60 59
96 66 68 67
75 41 72 71
76 42 74 73
81 43 78 77
82 44 80 79
87 47 84 83
88 48 86 85
53 49 90 89
137 133 148 147
54 50 92 91
138 134 150 149
103 55 100 99
104 56 102 101
61 57 106 105
143 139 160 159
62 58 108 107
144 140 162 161
-1 52 54 53
-1 60 62 61
172 71 1 1
171 72 1 1
147 89 172 171
178 73 1 1
177 74 1 1
148 90 178 177
184 77 1 1
183 78 1 1
159 105 184 183
190 79 1 1
189 80 1 1
160 106 190 189
196 83 1 1
195 84 1 1
149 91 196 195
202 85 1 1
201 86 1 1
150 92 202 201
208 99 204 203
207 100 1 1
162 108 208 207
214 101 210 1
213 102 1 1
161 107 214 213
-1 210 216 215
-1 203 164 163
-1 204 166 165
-1 216 156 155
163 155 146 145
165 156 158 157
-1 164 152 151
-1 166 154 153
158 154 98 97
151 145 132 131
153 146 136 135
157 152 142 141
-1 136 138 137
-1 142 144 143
