0 0 18 17
0 0 24 23
0 0 38 37
0 0 40 39
0 0 96 95
0 0 100 99
235 0 102 101
0 0 106 105
23 17 20 19
39 37 30 29
24 18 22 21
40 38 36 35
99 95 66 65
105 101 68 67
100 96 98 97
106 102 104 103
29 19 26 25
67 65 46 45
30 20 28 27
68 66 52 51
35 21 32 31
36 22 34 33
103 97 128 127
104 98 132 131
45 25 42 41
46 26 44 43
51 27 48 47
52 28 50 49
57 31 54 53
129 127 108 107
58 32 56 55
130 128 114 113
63 33 60 59
133 131 120 119
64 34 62 61
134 132 126 125
107 53 58 57
108 54 64 63
113 55 110 109
114 56 112 111
73 41 70 69
74 42 72 71
79 43 76 75
80 44 78 77
85 47 82 81
93 49 90 89
94 50 92 91
119 59 116 115
120 60 118 117
125 61 122 121
126 62 124 123
-1 48 84 83
139 109 74 73
140 110 80 79
143 111 86 85
144 112 94 93
211 69 1 1
209 70 1 1
215 71 1 1
213 72 1 1
219 75 1 1
217 76 1 1
223 77 1 1
221 78 1 1
174 81 170 169
173 82 172 171
220 89 1 1
218 90 1 1
224 91 1 1
222 92 1 1
192 115 188 187
191 116 190 189
198 117 1 1
197 118 1 1
210 121 -1 199
212 122 -1 200
216 123 206 1
214 124 1 1
87 83 176 175
88 84 178 177
-1 206 236 235
-1 86 88 87
-1 189 210 209
-1 190 212 211
-1 187 214 213
-1 188 216 215
-1 171 218 217
-1 172 220 219
-1 169 222 221
-1 170 224 223
227 175 174 173
231 177 192 191
232 178 198 197
-1 199 202 201
-1 200 204 203
-1 176 226 225
-1 236 150 149
240 204 146 145
237 201 -1 151
239 203 -1 152
238 202 234 233
229 225 228 227
230 226 232 231
149 145 136 135
150 146 148 147
-1 228 230 229
-1 233 238 237
-1 234 240 239
-1 151 138 137
-1 152 142 141
137 135 130 129
141 136 134 133
147 138 140 139
148 142 144 143
