0 0 18 17
0 0 24 23
0 0 38 37
0 0 40 39
0 0 94 93
0 0 98 97
273 0 100 99
0 0 104 103
23 17 20 19
39 37 30 29
24 18 22 21
40 38 36 35
97 93 68 67
103 99 70 69
98 94 96 95
104 100 102 101
29 19 26 25
69 67 46 45
30 20 28 27
70 68 52 51
35 21 32 31
101 95 60 59
36 22 34 33
102 96 66 65
45 25 42 41
46 26 44 43
51 27 48 47
-1 28 50 49
-1 52 54 53
59 31 56 55
60 32 58 57
65 33 62 61
66 34 64 63
75 41 72 71
76 42 74 73
81 43 78 77
82 44 80 79
87 47 84 83
88 48 86 85
53 49 90 89
54 50 92 91
109 55 106 105
110 56 108 107
115 57 112 111
116 58 114 113
121 61 118 117
122 62 120 119
127 63 124 123
128 64 126 125
229 77 130 129
243 71 1 1
241 72 1 1
247 73 1 1
245 74 1 1
231 78 142 141
160 83 156 155
159 84 158 157
166 85 162 161
165 86 164 163
249 79 144 143
252 105 1 1
250 106 1 1
232 107 1 1
230 108 1 1
244 111 1 1
242 112 1 1
248 113 1 1
246 114 1 1
251 80 146 145
208 117 1 1
207 118 1 1
214 119 1 1
213 120 1 1
219 123 1 1
228 125 224 1
227 126 1 1
171 89 168 167
-1 90 170 169
179 91 176 175
180 92 178 177
-1 124 218 217
-1 224 274 273
131 129 76 75
132 130 82 81
149 141 88 87
181 143 110 109
182 144 116 115
201 145 122 121
202 146 128 127
253 167 160 159
254 168 166 165
-1 142 152 151
265 175 208 207
266 176 214 213
267 177 220 219
268 178 228 227
-1 161 230 229
-1 162 232 231
222 218 238 237
-1 157 242 241
-1 158 244 243
-1 155 246 245
-1 156 248 247
-1 163 250 249
-1 164 252 251
173 169 256 255
221 217 270 269
174 170 264 263
-1 274 240 239
239 237 148 147
240 238 200 199
153 151 172 171
154 152 180 179
-1 269 234 233
-1 270 236 235
259 255 254 253
271 263 266 265
272 264 268 267
-1 220 222 221
-1 256 258 257
233 147 132 131
235 148 150 149
234 199 182 181
236 200 202 201
-1 172 174 173
261 257 260 259
262 258 272 271
-1 150 154 153
-1 260 262 261
