0 0 18 17
0 0 24 23
0 0 38 37
0 0 40 39
0 0 96 95
0 0 100 99
291 0 102 101
0 0 106 105
23 17 20 19
39 37 30 29
24 18 22 21
40 38 36 35
99 95 68 67
105 101 70 69
100 96 98 97
106 102 104 103
29 19 26 25
69 67 46 45
30 20 28 27
70 68 52 51
35 21 32 31
103 97 58 57
36 22 34 33
104 98 66 65
45 25 42 41
46 26 44 43
51 27 48 47
52 28 50 49
57 31 54 53
-1 32 56 55
-1 58 60 59
65 33 62 61
66 34 64 63
75 41 72 71
76 42 74 73
81 43 78 77
82 44 80 79
87 47 84 83
88 48 86 85
93 49 90 89
94 50 92 91
111 53 108 107
112 54 110 109
59 55 114 113
60 56 116 115
121 61 118 117
122 62 120 119
127 63 124 123
128 64 126 125
231 71 1 1
229 72 1 1
235 73 1 1
233 74 1 1
239 77 1 1
237 78 1 1
243 79 1 1
241 80 1 1
249 83 1 1
245 84 1 1
257 85 1 1
253 86 1 1
263 89 1 1
261 90 1 1
267 91 1 1
265 92 1 1
264 107 1 1
262 108 1 1
268 109 1 1
266 110 1 1
232 117 206 205
230 118 208 207
236 119 1 1
234 120 1 1
238 123 -1 213
240 124 -1 214
244 125 220 1
242 126 1 1
193 113 190 189
194 114 192 191
199 115 196 195
200 116 198 197
-1 220 292 291
-1 205 152 151
-1 206 156 155
-1 207 174 173
-1 208 176 175
251 189 276 275
247 190 278 277
259 191 280 279
255 192 282 281
252 195 284 283
248 196 286 285
260 197 288 287
256 198 290 289
-1 213 216 215
-1 214 218 217
-1 292 228 227
151 129 76 75
155 130 82 81
173 149 88 87
175 150 94 93
177 156 112 111
203 174 122 121
204 176 128 127
-1 152 154 153
-1 281 230 229
-1 282 232 231
-1 279 234 233
-1 280 236 235
-1 277 238 237
-1 278 240 239
-1 275 242 241
-1 276 244 243
-1 289 246 245
-1 290 250 249
-1 287 254 253
-1 288 258 257
-1 285 262 261
-1 286 264 263
-1 283 266 265
-1 284 268 267
272 215 -1 269
274 217 -1 270
-1 216 272 271
-1 218 274 273
271 227 148 147
273 228 202 201
179 153 194 193
180 154 200 199
-1 269 224 223
-1 270 226 225
-1 254 256 255
-1 258 260 259
-1 246 248 247
-1 250 252 251
223 147 130 129
225 148 150 149
224 201 178 177
226 202 204 203
-1 178 180 179
