0 0 18 17
0 0 24 23
0 0 46 45
0 0 48 47
0 0 90 89
0 0 94 93
289 0 96 95
0 0 100 99
23 17 20 19
47 45 30 29
24 18 22 21
48 46 40 39
93 89 82 81
99 95 88 87
94 90 92 91
100 96 98 97
-1 19 26 25
-1 29 32 31
-1 20 28 27
-1 30 34 33
-1 21 36 35
-1 39 42 41
-1 22 38 37
-1 40 44 43
88 81 84 83
87 82 86 85
98 91 125 124
97 92 127 126
31 25 50 49
32 26 52 51
33 27 54 53
34 28 56 55
-1 83 102 101
-1 84 104 103
-1 85 106 105
-1 86 108 107
41 35 58 57
42 36 60 59
43 37 62 61
44 38 64 63
-1 124 129 128
-1 125 131 130
-1 126 133 132
-1 127 136 135
101 49 66 65
103 50 68 67
102 51 70 69
104 52 72 71
105 53 74 73
107 54 76 75
106 55 78 77
108 56 80 79
128 57 110 109
130 58 112 111
129 59 114 113
131 60 116 115
132 61 118 117
135 62 120 119
271 64 -1 123
273 133 -1 134
136 63 122 121
202 65 1 1
200 66 1 1
206 67 1 1
204 68 1 1
203 69 1 1
201 70 1 1
207 71 1 1
205 72 1 1
210 73 1 1
208 74 1 1
214 75 1 1
212 76 1 1
211 77 1 1
209 78 1 1
215 79 1 1
213 80 1 1
280 109 1 1
278 110 1 1
276 111 1 1
274 112 1 1
281 113 1 1
279 114 1 1
277 115 1 1
275 116 1 1
272 117 1 1
270 118 1 1
268 119 1 1
266 120 1 1
269 121 -1 197
267 122 1 1
-1 123 194 193
-1 134 196 195
-1 197 285 284
196 194 265 264
195 193 283 282
288 284 287 286
-1 285 289 288
-1 282 257 256
-1 283 261 260
264 261 263 262
265 257 259 258
-1 286 229 228
-1 287 231 230
-1 256 217 216
-1 260 223 222
-1 258 241 240
-1 259 245 244
-1 262 249 248
-1 263 253 252
228 216 219 218
230 222 225 224
229 217 221 220
231 223 227 226
244 218 233 232
240 219 235 234
252 224 237 236
248 225 239 238
245 220 247 246
241 221 243 242
253 226 255 254
249 227 251 250
-1 234 201 200
-1 235 203 202
-1 232 205 204
-1 233 207 206
-1 238 209 208
-1 239 211 210
-1 236 213 212
-1 237 215 214
-1 254 267 266
-1 255 269 268
-1 250 271 270
-1 251 273 272
-1 246 275 274
-1 247 277 276
-1 242 279 278
-1 243 281 280
