0 0 18 17
0 0 24 23
0 0 38 37
0 0 40 39
0 0 98 97
0 0 102 101
434 0 104 103
0 0 108 107
23 17 20 19
39 37 30 29
24 18 22 21
40 38 36 35
101 97 76 75
107 103 78 77
102 98 100 99
108 104 106 105
29 19 26 25
77 75 46 45
30 20 28 27
78 76 54 53
35 21 32 31
105 99 64 63
36 22 34 33
106 100 74 73
45 25 42 41
-1 26 44 43
-1 46 48 47
-1 27 50 49
-1 53 56 55
-1 28 52 51
-1 54 58 57
-1 31 60 59
-1 63 66 65
-1 32 62 61
-1 64 68 67
73 33 70 69
74 34 72 71
83 41 80 79
84 42 82 81
47 43 86 85
48 44 88 87
55 49 90 89
56 50 92 91
57 51 94 93
58 52 96 95
65 59 110 109
66 60 112 111
67 61 114 113
68 62 116 115
121 69 118 117
122 70 120 119
127 71 124 123
128 72 126 125
249 123 246 245
137 79 134 133
138 80 136 135
143 81 140 139
144 82 142 141
149 85 146 145
150 86 148 147
155 87 152 151
156 88 154 153
195 89 172 171
197 90 174 173
196 91 176 175
198 92 178 177
199 93 180 179
201 94 182 181
200 95 184 183
202 96 186 185
229 113 212 211
225 109 204 203
227 110 206 205
226 111 208 207
228 112 210 209
231 114 214 213
230 115 216 215
232 116 218 217
257 125 254 253
237 117 234 233
238 118 236 235
243 119 240 239
244 120 242 241
258 126 256 255
-1 124 248 247
265 245 138 137
266 246 144 143
273 253 238 237
274 254 244 243
275 255 250 249
276 256 258 257
269 133 266 265
303 151 270 269
304 152 278 277
305 153 284 283
306 154 290 289
296 145 1 1
295 146 1 1
302 147 1 1
301 148 1 1
408 171 1 1
406 172 1 1
412 173 1 1
410 174 1 1
409 175 1 1
407 176 1 1
413 177 1 1
411 178 1 1
416 179 1 1
414 180 1 1
420 181 1 1
418 182 1 1
417 183 1 1
415 184 1 1
421 185 1 1
419 186 1 1
396 211 340 339
394 212 342 341
424 203 1 1
422 204 1 1
428 205 1 1
426 206 1 1
425 207 1 1
423 208 1 1
429 209 1 1
427 210 1 1
400 213 1 1
398 214 1 1
397 215 368 367
395 216 1 1
401 217 -1 371
399 218 1 1
277 135 274 273
282 233 375 374
281 234 377 376
284 140 282 281
280 235 379 378
279 236 381 380
283 139 280 279
288 239 383 382
287 240 385 384
290 142 288 287
286 241 387 386
285 242 389 388
289 141 286 285
278 136 276 275
251 247 391 390
252 248 393 392
-1 134 268 267
-1 371 431 430
-1 339 162 161
-1 340 166 165
-1 341 192 191
-1 342 194 193
402 390 296 295
403 391 302 301
404 392 304 303
405 393 306 305
-1 367 344 343
-1 368 346 345
-1 250 252 251
-1 388 395 394
-1 389 397 396
-1 386 399 398
-1 387 401 400
271 267 403 402
272 268 405 404
-1 270 272 271
-1 376 407 406
-1 377 409 408
-1 374 411 410
-1 375 413 412
-1 380 415 414
-1 381 417 416
-1 378 419 418
-1 379 421 420
-1 384 423 422
-1 385 425 424
-1 382 427 426
-1 383 429 428
433 430 -1 432
343 263 158 157
345 264 222 221
161 129 84 83
223 192 122 121
224 194 128 127
193 159 188 187
191 160 190 189
220 162 164 163
219 166 170 169
-1 431 434 433
-1 165 168 167
-1 344 260 259
-1 346 262 261
-1 432 264 263
259 157 130 129
261 158 160 159
260 221 220 219
262 222 224 223
167 131 150 149
168 132 156 155
-1 187 196 195
-1 188 198 197
-1 189 200 199
-1 190 202 201
-1 163 226 225
-1 164 228 227
-1 169 230 229
-1 170 232 231
-1 130 132 131
