0 0 18 17
0 0 24 23
0 0 46 45
0 0 48 47
0 0 90 89
0 0 94 93
285 0 96 95
0 0 100 99
23 17 20 19
47 45 30 29
24 18 22 21
48 46 40 39
93 89 82 81
99 95 88 87
94 90 92 91
100 96 98 97
-1 19 26 25
-1 29 32 31
-1 20 28 27
-1 30 34 33
-1 21 36 35
-1 39 42 41
-1 22 38 37
-1 40 44 43
88 81 84 83
87 82 86 85
98 91 126 125
97 92 128 127
31 25 50 49
32 26 52 51
33 27 54 53
34 28 56 55
-1 83 102 101
-1 84 104 103
-1 85 106 105
-1 86 108 107
41 35 58 57
42 36 60 59
43 37 62 61
44 38 64 63
-1 125 130 129
-1 126 132 131
-1 127 134 133
-1 128 136 135
101 49 66 65
103 50 68 67
102 51 70 69
104 52 72 71
105 53 74 73
107 54 76 75
106 55 78 77
108 56 80 79
129 57 110 109
131 58 112 111
130 59 114 113
132 60 116 115
133 61 118 117
135 62 120 119
134 63 122 121
136 64 124 123
203 65 1 1
201 66 1 1
207 67 1 1
205 68 1 1
204 69 1 1
202 70 1 1
208 71 1 1
206 72 1 1
211 73 1 1
209 74 1 1
215 75 1 1
213 76 1 1
212 77 1 1
210 78 1 1
216 79 1 1
214 80 1 1
283 109 1 1
281 110 1 1
279 111 1 1
277 112 1 1
284 113 1 1
282 114 1 1
280 115 1 1
278 116 1 1
275 117 1 1
273 118 1 1
271 119 1 1
269 120 1 1
274 121 1 1
272 123 198 1
270 124 1 1
-1 122 196 195
-1 198 286 285
261 195 258 257
-1 196 260 259
-1 286 288 287
-1 257 218 217
-1 258 224 223
264 259 266 265
263 260 268 267
-1 287 230 229
-1 288 232 231
229 217 220 219
231 223 226 225
230 218 222 221
232 224 228 227
-1 267 242 241
-1 268 246 245
-1 265 250 249
-1 266 254 253
245 219 234 233
241 220 236 235
253 225 238 237
249 226 240 239
246 221 248 247
242 222 244 243
254 227 256 255
250 228 252 251
-1 235 202 201
-1 236 204 203
-1 233 206 205
-1 234 208 207
-1 239 210 209
-1 240 212 211
-1 237 214 213
-1 238 216 215
-1 255 270 269
-1 256 272 271
-1 251 274 273
-1 252 276 275
-1 247 278 277
-1 248 280 279
-1 243 282 281
-1 244 284 283
-1 276 262 261
-1 262 264 263
