0 0 19 18
0 0 25 24
0 0 39 38
0 0 43 42
0 0 51 50
0 0 55 54
0 0 63 62
0 0 65 64
24 18 21 20
43 39 31 30
25 19 23 22
65 63 37 36
42 38 41 40
55 51 49 48
54 50 53 52
64 62 61 60
30 20 27 26
60 52 57 56
31 21 29 28
61 53 59 58
36 22 33 32
48 40 45 44
37 23 35 34
49 41 47 46
56 26 67 66
57 27 69 68
58 28 71 70
59 29 73 72
44 32 75 74
45 33 77 76
46 34 79 78
47 35 81 80
134 66 1 1
132 67 1 1
90 68 87 86
109 72 1 1
108 73 1 1
135 74 1 1
133 75 1 1
119 76 1 1
118 77 1 1
125 78 1 1
124 79 1 1
131 80 1 1
130 81 1 1
-1 69 89 88
-1 70 95 94
-1 71 97 96
92 88 91 90
93 89 99 98
100 94 109 108
102 96 119 118
103 97 125 124
101 95 131 130
-1 86 133 132
-1 87 135 134
-1 91 93 92
-1 98 101 100
-1 99 103 102
