0 0 19 18
0 0 25 24
0 0 39 38
0 0 41 40
0 0 117 116
0 0 123 122
0 0 137 136
0 0 139 138
24 18 21 20
40 38 31 30
25 19 23 22
41 39 37 36
122 116 119 118
138 136 129 128
123 117 121 120
139 137 135 134
30 20 27 26
31 21 29 28
36 22 33 32
37 23 35 34
128 118 125 124
129 119 127 126
134 120 131 130
135 121 133 132
58 26 43 42
141 125 67 66
60 27 45 44
140 124 73 72
74 28 47 46
143 127 83 82
76 29 49 48
142 126 89 88
59 32 51 50
145 131 95 94
61 33 53 52
144 130 101 100
75 34 55 54
147 133 107 106
77 35 57 56
146 132 113 112
67 42 1 1
66 43 1 1
73 44 1 1
72 45 1 1
83 46 1 1
82 47 1 1
89 48 1 1
88 49 1 1
95 50 1 1
94 51 1 1
101 52 1 1
100 53 1 1
107 54 103 102
106 55 105 104
112 56 109 1
-1 57 111 110
-1 113 115 114
-1 109 155 154
-1 102 59 58
-1 103 61 60
-1 104 75 74
-1 105 77 76
115 111 153 152
114 110 157 156
152 148 141 140
154 150 143 142
153 149 145 144
155 151 147 146
-1 156 149 148
-1 157 151 150
