0 0 19 18
0 0 25 24
0 0 39 38
0 0 41 40
0 0 89 88
0 0 93 92
0 0 95 94
0 0 99 98
24 18 21 20
40 38 31 30
25 19 23 22
41 39 37 36
92 88 69 68
98 94 71 70
93 89 91 90
99 95 97 96
30 20 27 26
70 68 47 46
31 21 29 28
71 69 53 52
36 22 33 32
96 90 59 58
37 23 35 34
97 91 67 66
46 26 43 42
47 27 45 44
52 28 49 48
53 29 51 50
58 32 55 54
-1 33 57 56
-1 59 61 60
66 34 63 62
67 35 65 64
118 42 1 1
116 43 1 1
122 44 1 1
120 45 1 1
128 48 1 1
124 49 1 1
134 50 1 1
132 51 1 1
135 54 1 1
133 55 1 1
119 62 1 1
117 63 1 1
123 64 1 1
121 65 1 1
60 56 105 104
61 57 107 106
130 104 137 136
126 105 139 138
131 106 141 140
127 107 143 142
-1 138 117 116
-1 139 119 118
-1 136 121 120
-1 137 123 122
-1 142 125 124
-1 143 129 128
-1 140 133 132
-1 141 135 134
-1 125 127 126
-1 129 131 130
