0 0 19 18
0 0 25 24
0 0 39 38
0 0 41 40
0 0 115 114
0 0 121 120
0 0 133 132
0 0 135 134
24 18 21 20
40 38 31 30
25 19 23 22
41 39 37 36
120 114 117 116
134 132 127 126
121 115 119 118
135 133 131 130
30 20 27 26
31 21 29 28
36 22 33 32
37 23 35 34
131 119 99 98
126 116 123 122
127 117 125 124
130 118 129 128
66 34 63 62
102 98 69 68
46 26 43 42
136 122 75 74
47 27 45 44
137 123 81 80
52 28 49 48
138 124 87 86
53 29 51 50
139 125 97 96
67 35 65 64
103 99 101 100
58 32 55 54
142 128 109 108
-1 33 57 56
-1 129 141 140
68 62 47 46
69 63 53 52
100 64 59 58
101 65 67 66
96 50 93 92
-1 49 85 84
-1 87 91 90
108 54 105 104
97 51 95 94
-1 48 83 82
-1 86 89 88
74 42 71 70
75 43 73 72
80 44 77 76
81 45 79 78
109 55 107 106
60 56 111 110
144 140 157 156
61 57 113 112
145 141 159 158
-1 59 61 60
150 92 147 146
90 84 151 150
151 93 149 148
167 104 163 162
166 105 1 1
159 113 167 166
173 94 1 1
172 95 1 1
88 82 173 172
161 70 1 1
160 71 1 1
91 85 161 160
175 72 1 1
174 73 1 1
89 83 175 174
189 76 1 1
188 77 1 1
156 110 189 188
195 78 1 1
194 79 1 1
157 111 195 194
201 106 1 1
200 107 1 1
158 112 201 200
155 149 103 102
152 146 137 136
154 147 139 138
153 148 143 142
-1 162 153 152
-1 163 155 154
-1 143 145 144
