0 0 49 48
0 0 51 50
0 0 97 96
0 0 101 100
0 0 103 102
0 0 107 106
0 0 147 146
0 0 149 148
50 48 41 40
51 49 47 46
100 96 71 70
106 102 73 72
149 147 87 86
101 97 99 98
107 103 105 104
148 146 141 140
41 21 27 26
72 70 31 30
142 86 33 32
40 20 39 38
73 71 57 56
46 22 43 42
47 23 45 44
144 87 89 88
104 98 133 132
143 140 137 136
105 99 135 134
145 141 139 138
30 26 19 18
36 32 25 24
31 27 29 28
37 33 35 34
57 39 55 54
91 89 93 92
56 38 53 52
90 88 95 94
62 42 59 58
136 132 113 112
63 43 61 60
137 133 119 118
68 44 65 64
138 134 125 124
69 45 67 66
139 135 131 130
92 54 37 36
24 18 21 20
25 19 23 22
94 52 63 62
95 53 69 68
34 28 75 74
35 29 77 76
93 55 91 90
130 66 127 126
112 58 109 108
113 59 111 110
118 60 115 114
119 61 117 116
124 64 121 120
125 65 123 122
131 67 129 128
184 74 1 1
182 75 1 1
188 76 1 1
186 77 1 1
201 126 151 150
198 127 1 1
192 108 1 1
190 109 1 1
196 110 1 1
194 111 1 1
185 114 1 1
183 115 1 1
189 116 1 1
187 117 1 1
193 120 1 1
191 121 1 1
197 122 1 1
195 123 1 1
-1 128 179 178
-1 129 181 180
-1 150 143 142
-1 151 145 144
206 178 215 214
207 179 217 216
211 180 219 218
212 181 221 220
236 214 223 222
234 215 225 224
237 216 227 226
235 217 229 228
244 218 231 230
242 219 233 232
243 220 239 238
245 221 241 240
-1 224 183 182
-1 225 185 184
-1 222 187 186
-1 223 189 188
-1 228 191 190
-1 229 193 192
-1 226 195 194
-1 227 197 196
-1 230 199 198
-1 231 202 201
-1 232 205 204
-1 233 210 209
238 199 -1 200
239 202 -1 203
240 205 -1 208
241 210 -1 213
-1 204 207 206
-1 209 212 211
-1 200 235 234
-1 203 237 236
-1 208 243 242
-1 213 245 244
