0 0 19 18
0 0 25 24
0 0 45 44
0 0 47 46
0 0 91 90
0 0 95 94
0 0 97 96
0 0 101 100
24 18 21 20
46 44 31 30
25 19 23 22
47 45 41 40
94 90 83 82
100 96 89 88
95 91 93 92
101 97 99 98
-1 20 27 26
-1 30 33 32
-1 21 29 28
-1 31 35 34
40 22 37 36
98 92 61 60
-1 23 39 38
-1 41 43 42
89 82 85 84
88 83 87 86
-1 93 111 110
-1 99 113 112
32 26 49 48
33 27 51 50
34 28 53 52
35 29 55 54
-1 84 103 102
-1 85 105 104
-1 86 107 106
-1 87 109 108
60 36 57 56
61 37 59 58
42 38 63 62
112 110 133 132
43 39 65 64
113 111 138 137
102 48 67 66
104 49 69 68
103 50 71 70
105 51 73 72
106 52 75 74
108 53 77 76
107 54 79 78
109 55 81 80
124 58 121 120
118 56 115 114
119 57 117 116
-1 59 123 122
132 62 129 128
133 63 131 130
187 65 -1 136
243 138 -1 139
137 64 135 134
172 120 119 118
173 121 125 124
179 114 175 174
178 115 177 176
185 116 181 180
184 117 183 182
214 66 1 1
212 67 1 1
218 68 1 1
216 69 1 1
215 70 1 1
213 71 1 1
219 72 1 1
217 73 1 1
222 74 1 1
220 75 1 1
226 76 1 1
224 77 1 1
223 78 1 1
221 79 1 1
227 80 1 1
225 81 1 1
195 128 1 1
194 129 1 1
201 130 1 1
200 131 1 1
211 134 207 1
210 135 1 1
126 122 187 186
127 123 189 188
-1 136 203 202
-1 139 205 204
-1 207 235 234
-1 125 127 126
244 188 195 194
245 189 201 200
242 186 211 210
-1 176 213 212
-1 177 215 214
-1 174 217 216
-1 175 219 218
-1 182 221 220
-1 183 223 222
-1 180 225 224
-1 181 227 226
246 203 -1 236
248 205 -1 239
204 202 251 250
234 232 173 172
235 229 179 178
239 236 238 237
-1 250 247 246
-1 251 249 248
247 233 185 184
-1 249 241 240
-1 237 229 228
-1 238 233 232
240 230 243 242
241 231 245 244
-1 228 231 230
