0 0 19 18
0 0 25 24
0 0 47 46
0 0 49 48
0 0 91 90
0 0 95 94
0 0 97 96
0 0 101 100
24 18 21 20
48 46 31 30
25 19 23 22
49 47 41 40
94 90 83 82
100 96 89 88
95 91 93 92
101 97 99 98
-1 20 27 26
-1 30 33 32
-1 21 29 28
-1 31 35 34
-1 22 37 36
-1 40 43 42
-1 23 39 38
-1 41 45 44
89 82 85 84
88 83 87 86
99 92 126 125
98 93 128 127
32 26 51 50
33 27 53 52
34 28 55 54
35 29 57 56
-1 84 103 102
-1 85 105 104
-1 86 107 106
-1 87 109 108
42 36 59 58
43 37 61 60
44 38 63 62
45 39 65 64
-1 125 130 129
-1 126 132 131
-1 127 134 133
-1 128 137 136
102 50 67 66
104 51 69 68
103 52 71 70
105 53 73 72
106 54 75 74
108 55 77 76
107 56 79 78
109 57 81 80
129 58 111 110
131 59 113 112
130 60 115 114
132 61 117 116
133 62 119 118
136 63 121 120
265 65 -1 124
267 134 -1 135
137 64 123 122
204 66 1 1
202 67 1 1
208 68 1 1
206 69 1 1
205 70 1 1
203 71 1 1
209 72 1 1
207 73 1 1
212 74 1 1
210 75 1 1
216 76 1 1
214 77 1 1
213 78 1 1
211 79 1 1
217 80 1 1
215 81 1 1
246 110 1 1
244 111 1 1
220 112 1 1
218 113 1 1
266 118 1 1
264 119 1 1
270 120 1 1
268 121 1 1
271 122 199 1
269 123 1 1
219 114 179 178
221 115 181 180
245 116 183 182
247 117 185 184
-1 124 195 194
-1 135 197 196
-1 199 243 242
227 178 223 222
226 179 225 224
233 180 229 228
232 181 231 230
241 182 249 248
240 183 251 250
237 184 253 252
236 185 255 254
260 195 -1 256
262 197 -1 259
196 194 273 272
242 234 227 226
243 235 237 236
-1 224 203 202
-1 225 205 204
-1 222 207 206
-1 223 209 208
-1 230 211 210
-1 231 213 212
-1 228 215 214
-1 229 217 216
-1 248 219 218
-1 249 221 220
-1 250 245 244
-1 251 247 246
-1 254 265 264
-1 255 267 266
-1 252 269 268
-1 253 271 270
259 256 258 257
-1 272 261 260
-1 273 263 262
261 238 233 232
263 239 241 240
-1 257 235 234
-1 258 239 238
