0 0 19 18
0 0 25 24
0 0 47 46
0 0 49 48
0 0 91 90
0 0 95 94
0 0 97 96
0 0 101 100
24 18 21 20
48 46 31 30
25 19 23 22
49 47 41 40
94 90 83 82
100 96 89 88
95 91 93 92
101 97 99 98
-1 20 27 26
-1 30 33 32
-1 21 29 28
-1 31 35 34
-1 22 37 36
-1 40 43 42
-1 23 39 38
-1 41 45 44
89 82 85 84
88 83 87 86
99 92 127 126
98 93 129 128
32 26 51 50
33 27 53 52
34 28 55 54
35 29 57 56
-1 84 103 102
-1 85 105 104
-1 86 107 106
-1 87 109 108
42 36 59 58
43 37 61 60
44 38 63 62
45 39 65 64
-1 126 131 130
-1 127 133 132
-1 128 135 134
-1 129 137 136
102 50 67 66
104 51 69 68
103 52 71 70
105 53 73 72
106 54 75 74
108 55 77 76
107 56 79 78
109 57 81 80
130 58 111 110
132 59 113 112
131 60 115 114
133 61 117 116
134 62 119 118
136 63 121 120
135 64 123 122
137 65 125 124
204 66 1 1
202 67 1 1
208 68 1 1
206 69 1 1
205 70 1 1
203 71 1 1
209 72 1 1
207 73 1 1
212 74 1 1
210 75 1 1
216 76 1 1
214 77 1 1
213 78 1 1
211 79 1 1
217 80 1 1
215 81 1 1
276 110 1 1
274 111 1 1
272 112 1 1
270 113 1 1
277 114 1 1
275 115 1 1
273 116 1 1
271 117 1 1
268 118 1 1
266 119 1 1
264 120 1 1
262 121 1 1
267 122 1 1
265 124 199 1
263 125 1 1
-1 123 197 196
-1 199 279 278
254 196 251 250
-1 197 253 252
-1 278 231 230
-1 279 237 236
-1 250 219 218
-1 251 225 224
257 252 259 258
256 253 261 260
244 218 221 220
242 230 233 232
248 224 227 226
246 236 239 238
245 219 223 222
243 231 235 234
249 225 229 228
247 237 241 240
-1 260 243 242
-1 261 245 244
-1 258 247 246
-1 259 249 248
-1 232 203 202
-1 233 205 204
-1 220 207 206
-1 221 209 208
-1 238 211 210
-1 239 213 212
-1 226 215 214
-1 227 217 216
-1 228 263 262
-1 229 265 264
-1 240 267 266
-1 241 269 268
-1 222 271 270
-1 223 273 272
-1 234 275 274
-1 235 277 276
-1 269 255 254
-1 255 257 256
