0 0 19 18
0 0 25 24
0 0 47 46
0 0 49 48
0 0 91 90
0 0 95 94
0 0 97 96
0 0 101 100
24 18 21 20
48 46 31 30
25 19 23 22
49 47 41 40
94 90 83 82
100 96 89 88
95 91 93 92
101 97 99 98
-1 20 27 26
-1 30 33 32
-1 21 29 28
-1 31 35 34
-1 22 37 36
-1 40 43 42
-1 23 39 38
-1 41 45 44
89 82 85 84
88 83 87 86
99 92 127 126
98 93 129 128
32 26 51 50
33 27 53 52
34 28 55 54
35 29 57 56
-1 84 103 102
-1 85 105 104
-1 86 107 106
-1 87 109 108
42 36 59 58
43 37 61 60
44 38 63 62
45 39 65 64
-1 126 131 130
-1 127 133 132
-1 128 135 134
-1 129 137 136
102 50 67 66
104 51 69 68
103 52 71 70
105 53 73 72
106 54 75 74
108 55 77 76
107 56 79 78
109 57 81 80
130 58 111 110
132 59 113 112
131 60 115 114
133 61 117 116
134 62 119 118
-1 63 121 120
-1 136 139 138
135 64 123 122
137 65 125 124
208 66 1 1
206 67 1 1
212 68 1 1
210 69 1 1
209 70 1 1
207 71 1 1
213 72 1 1
211 73 1 1
216 74 1 1
214 75 1 1
220 76 1 1
218 77 1 1
217 78 1 1
215 79 1 1
221 80 1 1
219 81 1 1
224 110 1 1
222 111 1 1
228 112 1 1
226 113 1 1
225 114 1 1
223 115 1 1
229 116 1 1
227 117 1 1
232 118 1 1
230 119 1 1
246 122 1 1
242 123 1 1
233 124 1 1
231 125 1 1
138 120 193 192
-1 121 195 194
-1 139 197 196
-1 192 235 234
-1 193 237 236
196 194 239 238
197 195 241 240
255 234 251 250
254 235 253 252
261 236 257 256
260 237 259 258
264 238 267 266
262 239 269 268
265 240 271 270
263 241 273 272
-1 256 207 206
-1 257 209 208
-1 250 211 210
-1 251 213 212
-1 268 215 214
-1 269 217 216
-1 266 219 218
-1 267 221 220
-1 258 223 222
-1 259 225 224
-1 252 227 226
-1 253 229 228
-1 270 231 230
-1 271 233 232
-1 272 243 242
-1 273 247 246
-1 243 245 244
-1 247 249 248
-1 244 255 254
-1 248 261 260
-1 245 263 262
-1 249 265 264
