0 0 -1 19
0 0 -1 21
0 0 -1 35
0 0 -1 38
0 0 52 51
0 0 54 53
0 0 83 82
0 0 87 86
98 0 93 92
25 19 -1 20
28 21 -1 22
38 35 37 36
53 51 44 43
54 52 50 49
86 82 79 78
92 88 81 80
87 83 85 84
93 89 91 90
22 20 24 23
36 26 -1 27
37 29 -1 30
43 31 40 39
80 78 60 59
44 32 42 41
81 79 66 65
49 33 46 45
90 84 72 71
50 34 48 47
91 85 77 76
27 23 32 31
30 24 34 33
60 39 1 1
59 40 1 1
66 41 1 1
65 42 1 1
72 45 68 67
71 46 1 1
77 47 -1 73
76 48 1 1
-1 73 95 94
-1 67 26 25
-1 68 29 28
97 94 -1 96
-1 95 98 97
-1 96 89 88
