0 0 20 19
0 0 26 25
0 0 40 39
0 0 42 41
0 0 98 97
0 0 102 101
0 0 104 103
0 0 108 107
155 0 136 135
25 19 22 21
41 39 32 31
26 20 24 23
42 40 38 37
101 97 68 67
107 103 70 69
135 133 76 75
136 134 84 83
102 98 100 99
108 104 106 105
31 21 28 27
69 67 48 47
32 22 30 29
70 68 54 53
37 23 34 33
105 99 60 59
38 24 36 35
106 100 66 65
75 43 72 71
-1 76 78 77
83 45 80 79
84 46 82 81
47 27 44 43
48 28 46 45
53 29 50 49
138 72 90 89
54 30 52 51
137 71 96 95
59 33 56 55
144 80 114 113
60 34 58 57
143 79 120 119
65 35 62 61
146 82 126 125
66 36 64 63
145 81 132 131
77 73 140 139
78 74 142 141
90 49 1 1
89 50 1 1
96 51 1 1
95 52 1 1
114 55 1 1
113 56 1 1
120 57 1 1
119 58 1 1
126 61 1 1
125 62 1 1
132 63 128 1
131 64 1 1
149 139 138 137
-1 44 74 73
153 141 144 143
154 142 146 145
-1 140 148 147
-1 128 156 155
151 147 150 149
152 148 154 153
-1 156 134 133
-1 150 152 151
