0 0 20 19
0 0 26 25
0 0 40 39
0 0 42 41
0 0 96 95
0 0 100 99
0 0 102 101
0 0 106 105
271 0 240 239
25 19 22 21
41 39 32 31
26 20 24 23
42 40 38 37
99 95 70 69
105 101 72 71
100 96 98 97
106 102 104 103
239 237 150 149
240 238 202 201
31 21 28 27
71 69 48 47
32 22 30 29
72 70 54 53
37 23 34 33
103 97 62 61
38 24 36 35
104 98 68 67
233 149 134 133
235 150 152 151
234 201 184 183
236 202 204 203
47 27 44 43
133 131 78 77
48 28 46 45
134 132 84 83
53 29 50 49
151 143 90 89
-1 30 52 51
-1 54 56 55
61 33 58 57
183 145 112 111
62 34 60 59
184 146 118 117
67 35 64 63
203 147 124 123
68 36 66 65
204 148 130 129
-1 152 156 155
77 43 74 73
78 44 76 75
83 45 80 79
84 46 82 81
89 49 86 85
90 50 88 87
55 51 92 91
155 153 174 173
56 52 94 93
156 154 182 181
111 57 108 107
112 58 110 109
117 59 114 113
118 60 116 115
123 63 120 119
124 64 122 121
129 65 126 125
130 66 128 127
229 79 132 131
243 73 1 1
241 74 1 1
247 75 1 1
245 76 1 1
231 80 144 143
162 85 158 157
161 86 160 159
168 87 164 163
167 88 166 165
249 81 146 145
252 107 1 1
250 108 1 1
232 109 1 1
230 110 1 1
244 113 1 1
242 114 1 1
248 115 1 1
246 116 1 1
251 82 148 147
210 119 1 1
209 120 1 1
216 121 1 1
215 122 1 1
222 125 218 217
221 126 1 1
228 127 224 1
227 128 1 1
173 91 170 169
-1 92 172 171
-1 174 176 175
181 93 178 177
182 94 180 179
-1 224 272 271
253 169 162 161
254 170 168 167
-1 144 154 153
265 177 210 209
266 178 216 215
267 179 222 221
268 180 228 227
-1 163 230 229
-1 164 232 231
-1 217 234 233
-1 218 236 235
-1 159 242 241
-1 160 244 243
-1 157 246 245
-1 158 248 247
-1 165 250 249
-1 166 252 251
175 171 256 255
176 172 264 263
-1 272 238 237
259 255 254 253
269 263 266 265
270 264 268 267
-1 256 258 257
261 257 260 259
262 258 270 269
-1 260 262 261
