0 0 20 19
0 0 26 25
0 0 40 39
0 0 42 41
0 0 98 97
0 0 102 101
0 0 104 103
0 0 108 107
283 0 156 155
25 19 22 21
41 39 32 31
26 20 24 23
42 40 38 37
101 97 64 63
107 103 66 65
102 98 100 99
108 104 106 105
155 151 150 149
156 152 154 153
31 21 28 27
65 63 48 47
32 22 30 29
66 64 54 53
37 23 34 33
38 24 36 35
105 99 142 141
157 149 146 145
106 100 144 143
159 150 148 147
165 153 162 161
167 154 164 163
47 27 44 43
161 110 72 71
48 28 46 45
162 112 78 77
53 29 50 49
163 126 86 85
54 30 52 51
164 128 96 95
109 33 56 55
145 141 118 117
111 34 58 57
146 142 124 123
125 35 60 59
147 143 134 133
127 36 62 61
148 144 140 139
133 59 130 129
71 43 68 67
72 44 70 69
77 45 74 73
-1 46 76 75
-1 78 80 79
-1 49 82 81
-1 85 88 87
-1 50 84 83
-1 86 90 89
95 51 92 91
96 52 94 93
117 55 114 113
118 56 116 115
123 57 120 119
124 58 122 121
134 60 132 131
139 61 136 135
140 62 138 137
174 129 170 169
173 130 172 171
253 67 1 1
251 68 1 1
257 69 1 1
255 70 1 1
188 73 184 183
187 74 186 185
206 91 1 1
205 92 1 1
212 93 1 1
211 94 1 1
254 113 1 1
252 114 1 1
258 115 1 1
256 116 1 1
226 119 1 1
225 120 1 1
232 121 1 1
231 122 1 1
238 131 1 1
237 132 1 1
244 135 1 1
243 136 1 1
250 137 246 1
249 138 1 1
79 75 190 189
80 76 192 191
87 81 194 193
88 82 196 195
89 83 198 197
90 84 200 199
-1 246 284 283
-1 171 158 157
-1 172 160 159
-1 169 166 165
-1 170 168 167
281 199 174 173
261 189 188 187
275 193 206 205
276 194 212 211
279 197 226 225
280 198 232 231
282 200 238 237
277 195 244 243
278 196 250 249
-1 185 252 251
-1 186 254 253
-1 183 256 255
-1 184 258 257
-1 190 260 259
-1 191 266 265
-1 192 268 267
-1 284 152 151
-1 166 110 109
-1 168 112 111
-1 158 126 125
-1 160 128 127
263 259 262 261
264 260 270 269
271 265 276 275
272 266 278 277
273 267 280 279
274 268 282 281
-1 262 264 263
-1 269 272 271
-1 270 274 273
