0 0 20 19
0 0 26 25
0 0 40 39
0 0 42 41
0 0 98 97
0 0 102 101
0 0 104 103
0 0 108 107
282 0 164 163
25 19 22 21
41 39 32 31
26 20 24 23
42 40 38 37
101 97 64 63
107 103 66 65
102 98 100 99
108 104 106 105
163 159 150 149
164 160 162 161
31 21 28 27
65 63 48 47
32 22 30 29
66 64 54 53
37 23 34 33
38 24 36 35
105 99 142 141
151 149 146 145
106 100 144 143
155 150 148 147
161 152 154 153
162 156 158 157
47 27 44 43
153 110 72 71
48 28 46 45
154 112 78 77
53 29 50 49
157 126 86 85
54 30 52 51
158 128 96 95
109 33 56 55
145 141 118 117
111 34 58 57
146 142 124 123
125 35 60 59
147 143 134 133
127 36 62 61
148 144 140 139
134 60 132 131
71 43 68 67
72 44 70 69
77 45 74 73
-1 46 76 75
-1 78 80 79
-1 49 82 81
-1 85 88 87
-1 50 84 83
-1 86 90 89
95 51 92 91
96 52 94 93
133 59 130 129
117 55 114 113
118 56 116 115
123 57 120 119
124 58 122 121
139 61 136 135
140 62 138 137
170 131 166 165
169 132 1 1
248 67 1 1
246 68 1 1
252 69 1 1
250 70 1 1
184 73 180 179
183 74 182 181
202 91 1 1
201 92 1 1
208 93 1 1
207 94 1 1
214 129 210 209
213 130 212 211
249 113 1 1
247 114 1 1
253 115 1 1
251 116 1 1
228 119 1 1
227 120 1 1
234 121 1 1
233 122 1 1
240 135 1 1
239 136 1 1
245 137 -1 241
244 138 1 1
79 75 186 185
80 76 188 187
87 81 190 189
88 82 192 191
89 83 194 193
90 84 196 195
-1 241 279 278
-1 209 110 109
-1 210 112 111
-1 211 126 125
-1 212 128 127
-1 165 152 151
-1 166 156 155
277 196 170 169
256 185 184 183
270 189 202 201
271 190 208 207
276 195 214 213
274 193 228 227
275 194 234 233
272 191 240 239
273 192 245 244
-1 181 247 246
-1 182 249 248
-1 179 251 250
-1 180 253 252
-1 186 255 254
-1 187 261 260
-1 188 263 262
281 278 -1 280
-1 279 282 281
258 254 257 256
259 255 265 264
266 260 271 270
267 261 273 272
268 262 275 274
269 263 277 276
-1 280 160 159
-1 257 259 258
-1 264 267 266
-1 265 269 268
