0 0 20 19
0 0 26 25
0 0 48 47
0 0 50 49
0 0 92 91
0 0 96 95
0 0 98 97
0 0 102 101
300 0 245 244
25 19 22 21
49 47 32 31
26 20 24 23
50 48 42 41
95 91 84 83
101 97 90 89
96 92 94 93
102 98 100 99
244 240 235 234
245 241 243 242
-1 21 28 27
-1 31 34 33
-1 22 30 29
-1 32 36 35
-1 23 38 37
-1 41 44 43
-1 24 40 39
-1 42 46 45
90 83 86 85
89 84 88 87
100 93 128 127
99 94 130 129
246 234 237 236
249 235 239 238
292 242 279 278
294 243 281 280
33 27 52 51
34 28 54 53
35 29 56 55
36 30 58 57
-1 85 104 103
-1 86 106 105
-1 87 108 107
-1 88 110 109
43 37 60 59
44 38 62 61
45 39 64 63
200 40 -1 65
202 46 -1 66
-1 127 132 131
-1 128 134 133
-1 129 136 135
-1 130 139 138
264 236 253 252
260 237 255 254
272 238 257 256
268 239 259 258
279 269 271 270
278 273 275 274
281 261 263 262
280 265 267 266
208 136 -1 137
210 139 -1 140
103 51 68 67
105 52 70 69
104 53 72 71
106 54 74 73
107 55 76 75
109 56 78 77
108 57 80 79
110 58 82 81
131 59 112 111
133 60 114 113
132 61 116 115
134 62 118 117
135 63 120 119
138 64 122 121
-1 262 201 200
-1 263 203 202
-1 65 124 123
-1 66 126 125
-1 266 209 208
-1 267 211 210
-1 258 219 218
-1 259 221 220
-1 256 223 222
-1 257 225 224
-1 254 227 226
-1 255 229 228
-1 252 231 230
-1 253 233 232
-1 270 283 282
-1 271 285 284
-1 274 287 286
-1 275 289 288
220 67 1 1
218 68 1 1
224 69 1 1
222 70 1 1
221 71 1 1
219 72 1 1
225 73 1 1
223 74 1 1
228 75 1 1
226 76 1 1
232 77 1 1
230 78 1 1
229 79 1 1
227 80 1 1
233 81 1 1
231 82 1 1
288 111 1 1
286 112 1 1
284 113 1 1
282 114 1 1
289 115 1 1
287 116 1 1
285 117 1 1
283 118 1 1
211 119 1 1
209 120 1 1
203 121 -1 197
201 122 1 1
-1 137 142 141
-1 140 144 143
125 123 205 204
126 124 207 206
-1 197 297 296
204 143 216 215
205 141 213 212
247 206 -1 248
250 207 -1 251
293 142 -1 214
295 144 -1 217
299 296 -1 298
-1 297 300 299
-1 215 247 246
-1 216 250 249
248 217 277 276
251 214 291 290
-1 212 293 292
-1 213 295 294
-1 298 241 240
-1 290 261 260
-1 291 265 264
-1 276 269 268
-1 277 273 272
