0 0 20 19
0 0 26 25
0 0 40 39
0 0 42 41
0 0 100 99
0 0 104 103
0 0 106 105
0 0 110 109
434 0 268 267
25 19 22 21
41 39 32 31
26 20 24 23
42 40 38 37
103 99 78 77
109 105 80 79
104 100 102 101
110 106 108 107
267 265 160 159
268 266 224 223
31 21 28 27
79 77 48 47
32 22 30 29
80 78 56 55
37 23 34 33
107 101 66 65
38 24 36 35
108 102 76 75
261 159 132 131
263 160 162 161
262 223 222 221
264 224 226 225
47 27 44 43
163 131 86 85
-1 28 46 45
-1 48 50 49
-1 29 52 51
-1 55 58 57
-1 30 54 53
-1 56 60 59
-1 33 62 61
-1 65 68 67
-1 34 64 63
-1 66 70 69
75 35 72 71
225 194 124 123
76 36 74 73
226 196 130 129
-1 132 134 133
195 161 190 189
193 162 192 191
222 164 166 165
221 168 172 171
85 43 82 81
86 44 84 83
49 45 88 87
169 133 152 151
50 46 90 89
170 134 158 157
57 51 92 91
58 52 94 93
59 53 96 95
60 54 98 97
-1 189 198 197
-1 190 200 199
-1 191 202 201
-1 192 204 203
67 61 112 111
68 62 114 113
69 63 116 115
70 64 118 117
-1 165 228 227
-1 166 230 229
-1 171 232 231
-1 172 234 233
123 71 120 119
124 72 122 121
129 73 126 125
130 74 128 127
251 125 248 247
139 81 136 135
140 82 138 137
145 83 142 141
146 84 144 143
151 87 148 147
152 88 150 149
157 89 154 153
158 90 156 155
197 91 174 173
199 92 176 175
198 93 178 177
200 94 180 179
201 95 182 181
203 96 184 183
202 97 186 185
204 98 188 187
231 115 214 213
232 117 218 217
227 111 206 205
229 112 208 207
228 113 210 209
230 114 212 211
233 116 216 215
234 118 220 219
259 127 256 255
239 119 236 235
240 120 238 237
245 121 242 241
246 122 244 243
260 128 258 257
-1 126 250 249
269 247 140 139
270 248 146 145
277 255 240 239
278 256 246 245
279 257 252 251
280 258 260 259
273 135 270 269
307 153 274 273
308 154 282 281
309 155 288 287
310 156 294 293
300 147 1 1
299 148 1 1
306 149 1 1
305 150 1 1
408 173 1 1
406 174 1 1
412 175 1 1
410 176 1 1
409 177 1 1
407 178 1 1
413 179 1 1
411 180 1 1
416 181 1 1
414 182 1 1
420 183 1 1
418 184 1 1
417 185 1 1
415 186 1 1
421 187 1 1
419 188 1 1
396 213 344 343
394 214 346 345
397 217 348 347
395 218 1 1
424 205 1 1
422 206 1 1
428 207 1 1
426 208 1 1
425 209 1 1
423 210 1 1
429 211 1 1
427 212 1 1
400 215 1 1
398 216 1 1
401 219 -1 371
399 220 1 1
281 137 278 277
286 235 375 374
285 236 377 376
288 142 286 285
284 237 379 378
283 238 381 380
287 141 284 283
292 241 383 382
291 242 385 384
294 144 292 291
290 243 387 386
289 244 389 388
293 143 290 289
282 138 280 279
253 249 391 390
254 250 393 392
-1 136 272 271
-1 371 431 430
-1 343 164 163
-1 344 168 167
-1 345 194 193
-1 346 196 195
-1 347 262 261
-1 348 264 263
402 390 300 299
403 391 306 305
404 392 308 307
405 393 310 309
-1 252 254 253
-1 388 395 394
-1 389 397 396
-1 386 399 398
-1 387 401 400
275 271 403 402
276 272 405 404
-1 274 276 275
-1 376 407 406
-1 377 409 408
-1 374 411 410
-1 375 413 412
-1 380 415 414
-1 381 417 416
-1 378 419 418
-1 379 421 420
-1 384 423 422
-1 385 425 424
-1 382 427 426
-1 383 429 428
433 430 -1 432
-1 431 434 433
-1 167 170 169
-1 432 266 265
