0 0 20 19
0 0 26 25
0 0 48 47
0 0 50 49
0 0 92 91
0 0 96 95
0 0 98 97
0 0 102 101
-1 0 229 228
25 19 22 21
49 47 32 31
26 20 24 23
50 48 42 41
95 91 84 83
101 97 90 89
96 92 94 93
102 98 100 99
228 224 219 218
229 225 227 226
-1 21 28 27
-1 31 34 33
-1 22 30 29
-1 32 36 35
-1 23 38 37
-1 41 44 43
-1 24 40 39
-1 42 46 45
90 83 86 85
89 84 88 87
100 93 128 127
99 94 130 129
230 218 221 220
234 219 223 222
231 226 233 232
235 227 237 236
33 27 52 51
34 28 54 53
35 29 56 55
36 30 58 57
-1 85 104 103
-1 86 106 105
-1 87 108 107
-1 88 110 109
43 37 60 59
44 38 62 61
45 39 64 63
46 40 66 65
-1 127 132 131
-1 128 134 133
-1 129 136 135
-1 130 138 137
250 220 239 238
246 221 241 240
258 222 243 242
254 223 245 244
251 232 253 252
247 233 249 248
259 236 261 260
255 237 257 256
103 51 68 67
105 52 70 69
104 53 72 71
106 54 74 73
107 55 76 75
109 56 78 77
108 57 80 79
110 58 82 81
131 59 112 111
133 60 114 113
132 61 116 115
134 62 118 117
135 63 120 119
137 64 122 121
136 65 124 123
138 66 126 125
-1 240 203 202
-1 241 205 204
-1 238 207 206
-1 239 209 208
-1 244 211 210
-1 245 213 212
-1 242 215 214
-1 243 217 216
-1 260 269 268
-1 261 271 270
-1 256 273 272
-1 257 275 274
-1 252 277 276
-1 253 279 278
-1 248 281 280
-1 249 283 282
204 67 1 1
202 68 1 1
208 69 1 1
206 70 1 1
205 71 1 1
203 72 1 1
209 73 1 1
207 74 1 1
212 75 1 1
210 76 1 1
216 77 1 1
214 78 1 1
213 79 1 1
211 80 1 1
217 81 1 1
215 82 1 1
282 111 1 1
280 112 1 1
278 113 1 1
276 114 1 1
283 115 1 1
281 116 1 1
279 117 1 1
277 118 1 1
274 119 1 1
272 120 1 1
270 121 1 1
268 122 1 1
273 123 1 1
271 125 -1 199
269 126 1 1
-1 124 198 197
-1 275 267 266
-1 199 285 284
267 197 263 262
266 198 265 264
288 284 287 286
-1 285 289 288
-1 264 247 246
-1 265 251 250
-1 262 255 254
-1 263 259 258
-1 289 225 224
-1 286 231 230
-1 287 235 234
