0 0 21 20
0 0 27 26
0 0 41 40
0 0 43 42
0 0 115 114
0 0 121 120
0 0 133 132
0 0 135 134
0 0 159 158
26 20 23 22
42 40 33 32
27 21 25 24
43 41 39 38
120 114 117 116
134 132 127 126
121 115 119 118
135 133 131 130
158 154 147 146
159 155 157 156
32 22 29 28
33 23 31 30
38 24 35 34
39 25 37 36
131 119 97 96
157 75 101 100
126 116 123 122
146 72 137 136
127 117 125 124
147 73 141 140
130 118 129 128
156 74 145 144
68 36 65 64
100 96 71 70
48 28 45 44
136 122 77 76
49 29 47 46
137 123 83 82
54 30 51 50
140 124 89 88
-1 31 53 52
69 37 67 66
101 97 99 98
62 34 59 58
144 128 107 106
63 35 61 60
145 129 113 112
-1 125 139 138
-1 141 143 142
70 64 49 48
71 65 55 54
98 66 63 62
99 67 69 68
76 44 73 72
77 45 75 74
82 46 79 78
83 47 81 80
88 50 85 84
89 51 87 86
56 52 91 90
142 138 149 148
-1 53 93 92
-1 139 151 150
-1 143 153 152
106 58 103 102
107 59 105 104
112 60 109 108
113 61 111 110
-1 55 57 56
214 78 1 1
212 79 1 1
218 80 1 1
216 81 1 1
173 84 1 1
172 85 1 1
179 86 1 1
178 87 1 1
149 90 181 180
148 91 183 182
215 102 1 1
213 103 1 1
219 104 1 1
217 105 1 1
205 108 1 1
204 109 1 1
211 110 207 1
210 111 1 1
94 92 185 184
152 150 189 188
95 93 187 186
153 151 191 190
-1 207 155 154
188 184 173 172
189 185 179 178
-1 57 95 94
190 186 205 204
191 187 211 210
-1 182 213 212
-1 183 215 214
-1 180 217 216
-1 181 219 218
