0 0 21 20
0 0 27 26
0 0 41 40
0 0 43 42
0 0 99 98
0 0 103 102
0 0 105 104
0 0 109 108
0 0 171 170
26 20 23 22
42 40 33 32
27 21 25 24
43 41 39 38
102 98 65 64
108 104 67 66
103 99 101 100
109 105 107 106
176 170 153 152
178 171 173 172
32 22 29 28
66 64 49 48
33 23 31 30
67 65 55 54
38 24 35 34
39 25 37 36
106 100 143 142
162 152 147 146
107 101 145 144
166 153 151 150
172 163 165 164
173 167 169 168
48 28 45 44
164 111 73 72
49 29 47 46
165 113 79 78
54 30 51 50
168 127 87 86
55 31 53 52
169 129 97 96
110 34 57 56
146 142 119 118
112 35 59 58
147 143 125 124
126 36 61 60
150 144 135 134
128 37 63 62
151 145 149 148
141 62 137 136
140 63 139 138
160 148 -1 154
161 149 -1 155
72 44 69 68
73 45 71 70
78 46 75 74
-1 47 77 76
-1 79 81 80
-1 50 83 82
-1 86 89 88
-1 51 85 84
-1 87 91 90
96 52 93 92
97 53 95 94
118 56 115 114
119 57 117 116
124 58 121 120
125 59 123 122
134 60 131 130
135 61 133 132
-1 136 111 110
-1 137 113 112
-1 138 127 126
-1 139 129 128
265 85 141 140
271 91 161 160
250 68 1 1
248 69 1 1
254 70 1 1
252 71 1 1
193 74 189 188
192 75 191 190
209 92 1 1
208 93 1 1
215 94 1 1
214 95 1 1
251 114 1 1
249 115 1 1
255 116 1 1
253 117 1 1
229 120 1 1
228 121 1 1
235 122 1 1
234 123 1 1
241 130 1 1
240 131 1 1
247 132 1 1
246 133 1 1
-1 154 157 156
-1 155 159 158
80 76 195 194
81 77 197 196
88 82 199 198
89 83 201 200
90 84 203 202
177 156 -1 174
179 158 -1 175
-1 157 177 176
-1 159 179 178
258 194 193 192
272 198 209 208
273 199 215 214
276 202 229 228
277 203 235 234
274 200 241 240
275 201 247 246
-1 190 249 248
-1 191 251 250
-1 188 253 252
-1 189 255 254
-1 195 257 256
-1 196 263 262
-1 197 265 264
-1 174 163 162
-1 175 167 166
260 256 259 258
261 257 267 266
268 262 273 272
269 263 275 274
270 264 277 276
-1 259 261 260
-1 266 269 268
-1 267 271 270
