0 0 21 20
0 0 27 26
0 0 49 48
0 0 51 50
0 0 93 92
0 0 97 96
0 0 99 98
0 0 103 102
0 0 233 232
26 20 23 22
50 48 33 32
27 21 25 24
51 49 43 42
96 92 85 84
102 98 91 90
97 93 95 94
103 99 101 100
232 228 221 220
233 229 231 230
-1 22 29 28
-1 32 35 34
-1 23 31 30
-1 33 37 36
-1 24 39 38
-1 42 45 44
-1 25 41 40
-1 43 47 46
91 84 87 86
90 85 89 88
101 94 129 128
100 95 131 130
226 220 223 222
227 221 225 224
268 230 265 264
269 231 267 266
34 28 53 52
35 29 55 54
36 30 57 56
37 31 59 58
-1 86 105 104
-1 87 107 106
-1 88 109 108
-1 89 111 110
44 38 61 60
45 39 63 62
46 40 65 64
47 41 67 66
-1 128 133 132
-1 129 135 134
-1 130 137 136
-1 131 139 138
254 222 241 240
250 223 243 242
249 224 245 244
248 225 247 246
265 258 261 260
264 259 263 262
267 251 253 252
266 255 257 256
104 52 69 68
106 53 71 70
105 54 73 72
107 55 75 74
108 56 77 76
110 57 79 78
109 58 81 80
111 59 83 82
132 60 113 112
134 61 115 114
133 62 117 116
135 63 119 118
136 64 121 120
138 65 123 122
137 66 125 124
139 67 127 126
-1 246 205 204
-1 247 207 206
-1 244 209 208
-1 245 211 210
-1 242 213 212
-1 243 215 214
-1 240 217 216
-1 241 219 218
-1 260 271 270
-1 261 273 272
-1 262 275 274
-1 263 277 276
-1 252 283 282
-1 253 285 284
-1 256 287 286
-1 257 289 288
206 68 1 1
204 69 1 1
210 70 1 1
208 71 1 1
207 72 1 1
205 73 1 1
211 74 1 1
209 75 1 1
214 76 1 1
212 77 1 1
218 78 1 1
216 79 1 1
215 80 1 1
213 81 1 1
219 82 1 1
217 83 1 1
276 112 1 1
274 113 1 1
272 114 1 1
270 115 1 1
277 116 1 1
275 117 1 1
273 118 1 1
271 119 1 1
284 122 1 1
282 123 1 1
289 124 1 1
287 125 1 1
285 126 201 1
283 127 1 1
-1 120 189 188
-1 286 237 236
-1 121 191 190
-1 288 281 280
-1 201 229 228
236 188 227 226
-1 189 235 234
-1 237 239 238
281 191 269 268
280 190 279 278
238 234 249 248
-1 278 251 250
-1 279 255 254
239 235 259 258
