0 0 -1 20
0 0 -1 23
0 0 29 28
0 0 33 32
0 0 -1 70
0 0 -1 73
0 0 77 76
0 0 81 80
0 0 97 96
23 20 22 21
32 28 -1 30
33 29 -1 31
73 70 72 71
80 76 -1 78
81 77 -1 79
96 94 87 86
97 95 93 92
30 21 25 24
31 22 27 26
79 72 69 68
78 71 75 74
86 82 -1 84
87 83 -1 85
92 88 -1 90
93 89 -1 91
45 27 43 42
90 68 47 46
38 24 35 34
85 75 53 52
39 25 37 36
84 74 59 58
44 26 41 40
91 69 65 64
46 42 39 38
47 43 45 44
53 34 1 1
52 35 1 1
59 36 55 1
58 37 1 1
64 40 1 1
-1 41 63 62
-1 65 67 66
-1 55 95 94
66 62 83 82
67 63 89 88
