0 0 -1 21
0 0 -1 23
0 0 -1 33
0 0 -1 36
0 0 54 53
0 0 60 59
0 0 74 73
0 0 76 75
107 0 93 92
0 0 95 94
27 21 -1 22
28 23 -1 24
36 33 35 34
94 92 46 45
95 93 52 51
59 53 56 55
75 73 66 65
60 54 58 57
76 74 72 71
24 22 26 25
39 34 -1 37
40 35 -1 38
65 55 62 61
45 29 42 41
66 56 64 63
46 30 44 43
71 57 68 67
51 31 48 47
72 58 70 69
52 32 50 49
37 25 30 29
38 26 32 31
61 42 1 1
62 41 1 1
63 44 1 1
64 43 1 1
67 48 86 85
68 47 1 1
69 50 -1 89
70 49 1 1
-1 89 105 104
-1 85 97 96
-1 86 101 100
104 102 -1 28
-1 105 107 106
99 96 -1 39
103 100 -1 40
-1 97 99 98
-1 101 103 102
106 98 -1 27
