0 0 22 21
0 0 28 27
0 0 42 41
0 0 44 43
0 0 104 103
0 0 108 107
0 0 110 109
0 0 114 113
440 0 395 394
0 0 399 398
27 21 24 23
43 41 34 33
28 22 26 25
44 42 40 39
107 103 72 71
113 109 74 73
108 104 106 105
114 110 112 111
399 395 338 337
398 394 397 396
33 23 30 29
73 71 50 49
34 24 32 31
74 72 56 55
39 25 36 35
111 105 62 61
40 26 38 37
112 106 70 69
404 337 226 225
400 396 260 259
401 397 310 309
406 338 340 339
49 29 46 45
50 30 48 47
55 31 52 51
56 32 54 53
61 35 58 57
-1 36 60 59
-1 62 64 63
69 37 66 65
70 38 68 67
227 225 164 163
228 226 220 219
263 259 232 231
264 260 262 261
313 309 302 301
314 310 312 311
343 339 350 349
-1 340 381 380
129 65 126 125
167 163 138 137
79 45 76 75
233 231 144 143
80 46 78 77
234 232 150 149
85 47 82 81
267 261 156 155
86 48 84 83
268 262 162 161
130 66 128 127
168 164 166 165
-1 51 88 87
-1 52 90 89
101 53 98 97
317 311 182 181
102 54 100 99
318 312 188 187
135 67 132 131
223 219 192 191
119 57 116 115
351 349 200 199
120 58 118 117
352 350 206 205
63 59 122 121
64 60 124 123
136 68 134 133
224 220 222 221
308 301 304 303
307 302 306 305
382 380 423 422
383 381 425 424
137 125 80 79
138 126 86 85
165 127 92 91
166 128 102 101
191 131 120 119
221 133 130 129
222 134 136 135
-1 132 190 189
-1 192 194 193
143 75 140 139
144 76 142 141
149 77 146 145
150 78 148 147
155 81 152 151
156 82 154 153
161 83 158 157
162 84 160 159
93 87 170 169
94 88 172 171
95 89 174 173
96 90 176 175
-1 303 320 319
-1 304 322 321
-1 305 324 323
-1 306 326 325
181 97 178 177
182 98 180 179
187 99 184 183
188 100 186 185
199 115 196 195
200 116 198 197
205 117 202 201
206 118 204 203
211 121 208 207
432 422 387 386
212 122 210 209
433 423 389 388
217 123 214 213
434 424 391 390
218 124 216 215
435 425 393 392
-1 91 94 93
-1 92 96 95
193 189 212 211
194 190 218 217
299 179 230 229
240 139 1 1
239 140 1 1
326 176 240 239
246 141 1 1
245 142 1 1
324 175 246 245
252 145 1 1
251 146 1 1
322 172 252 251
258 147 1 1
257 148 1 1
320 171 258 257
297 177 266 265
274 151 1 1
273 152 1 1
386 207 274 273
280 153 1 1
279 154 1 1
387 208 280 279
286 157 1 1
285 158 1 1
388 209 286 285
292 159 1 1
291 160 1 1
389 210 292 291
298 178 316 315
323 173 298 297
325 174 300 299
294 183 1 1
293 184 1 1
319 169 294 293
296 185 1 1
295 186 1 1
321 170 296 295
357 195 354 353
392 215 358 357
366 197 1 1
365 198 1 1
393 216 366 365
373 201 -1 367
374 202 -1 368
390 213 374 373
379 203 -1 375
378 204 1 1
391 214 379 378
300 180 328 327
-1 196 356 355
-1 375 437 436
345 229 168 167
347 230 224 223
408 265 234 233
412 266 268 267
346 315 308 307
348 316 318 317
413 327 352 351
360 356 401 400
359 355 403 402
-1 358 360 359
-1 353 405 404
-1 354 407 406
-1 328 385 384
-1 367 370 369
-1 368 372 371
439 436 -1 438
-1 437 440 439
-1 405 346 345
-1 407 348 347
-1 402 409 408
-1 403 413 412
429 369 -1 426
431 371 -1 427
-1 370 429 428
-1 372 431 430
410 384 433 432
411 385 435 434
-1 438 421 420
430 421 342 341
428 420 415 414
-1 426 417 416
-1 427 419 418
-1 409 411 410
416 341 228 227
417 414 264 263
419 415 314 313
418 342 344 343
-1 344 383 382
