0 0 140 139
0 0 144 143
0 0 146 145
0 0 150 149
0 0 241 240
0 0 245 244
0 0 247 246
0 0 251 250
0 0 257 256
429 0 263 262
143 139 84 83
149 145 86 85
244 240 104 103
250 246 108 107
256 252 110 109
262 258 114 113
144 140 142 141
150 146 148 147
245 241 243 242
251 247 249 248
257 253 255 254
263 259 261 260
85 83 34 33
107 103 36 35
113 109 40 39
86 84 60 59
147 141 66 65
148 142 71 70
108 104 106 105
114 110 112 111
248 242 335 334
260 254 343 342
249 243 337 336
261 255 349 348
33 29 22 21
39 35 28 27
34 30 32 31
40 36 38 37
60 42 58 57
112 106 126 125
59 41 56 55
111 105 138 137
65 45 62 61
66 46 64 63
70 47 68 67
224 71 -1 72
342 334 339 338
343 335 341 340
348 336 345 344
349 337 347 346
27 21 24 23
28 22 26 25
125 57 78 77
37 31 88 87
38 32 90 89
137 55 134 133
138 56 136 135
126 58 124 123
155 61 152 151
338 117 188 187
156 62 154 153
339 118 194 193
161 63 158 157
340 121 200 199
162 64 160 159
341 122 206 205
167 67 164 163
344 330 214 213
168 68 166 165
345 331 220 219
-1 72 172 171
388 346 385 384
-1 347 387 386
44 24 30 29
81 77 54 53
43 23 42 41
49 25 46 45
50 26 48 47
82 78 80 79
130 124 132 131
173 133 156 155
174 134 162 161
177 135 168 167
129 123 182 181
-1 136 176 175
95 87 92 91
96 88 94 93
101 89 98 97
102 90 100 99
-1 384 323 322
-1 385 327 326
-1 171 231 230
187 151 184 183
188 152 186 185
193 153 190 189
194 154 192 191
199 157 196 195
200 158 198 197
205 159 202 201
206 160 204 203
213 163 210 209
214 164 212 211
219 165 216 215
220 166 218 217
391 387 393 392
390 386 398 397
231 172 -1 232
53 51 44 43
54 52 50 49
322 312 74 73
131 127 82 81
79 75 96 95
80 76 102 101
-1 397 116 115
-1 398 120 119
221 48 -1 69
207 181 174 173
208 182 178 177
132 128 130 129
179 175 234 233
180 176 236 235
230 227 253 252
284 91 1 1
280 92 1 1
292 93 1 1
288 94 1 1
300 97 1 1
296 98 1 1
308 99 1 1
304 100 1 1
326 316 319 318
-1 323 325 324
-1 327 329 328
415 183 1 1
413 184 1 1
419 185 1 1
417 186 1 1
423 189 1 1
421 190 1 1
427 191 1 1
425 192 1 1
392 313 315 314
285 195 1 1
281 196 1 1
293 197 1 1
289 198 1 1
301 201 1 1
297 202 1 1
309 203 1 1
305 204 1 1
416 209 1 1
414 210 1 1
420 211 1 1
418 212 1 1
424 215 1 1
422 216 1 1
428 217 379 1
426 218 1 1
393 317 321 320
232 229 412 411
-1 379 430 429
115 73 52 51
119 74 76 75
328 319 128 127
324 318 208 207
-1 233 222 221
-1 69 170 169
-1 178 180 179
-1 411 313 312
-1 412 317 316
314 116 118 117
315 120 122 121
325 320 331 330
-1 234 238 237
-1 321 383 382
-1 329 333 332
235 222 -1 223
238 236 -1 239
-1 430 259 258
-1 169 228 227
394 237 389 388
382 332 400 399
383 333 402 401
228 170 -1 229
226 223 448 447
396 239 454 453
-1 389 391 390
466 400 406 405
461 399 404 403
467 402 410 409
462 401 408 407
-1 447 450 449
-1 448 452 451
-1 453 456 455
-1 454 458 457
451 405 432 431
449 406 434 433
457 403 436 435
455 404 438 437
452 409 440 439
450 410 442 441
458 407 444 443
456 408 446 445
-1 433 281 280
-1 434 285 284
-1 431 289 288
-1 432 293 292
-1 437 297 296
-1 438 301 300
-1 435 305 304
-1 436 309 308
-1 441 414 413
-1 442 416 415
-1 439 418 417
-1 440 420 419
-1 445 422 421
-1 446 424 423
-1 443 426 425
-1 444 428 427
-1 473 225 224
469 225 -1 226
-1 475 395 394
471 395 -1 396
-1 470 460 459
-1 459 462 461
474 460 -1 463
-1 463 470 469
-1 472 465 464
-1 464 467 466
476 465 -1 468
-1 468 472 471
-1 481 474 473
-1 486 476 475
-1 479 478 477
-1 477 480 479
480 478 -1 481
-1 484 483 482
-1 482 485 484
485 483 -1 486
