94 0 10 9
9 3 6 5
-1 10 12 11
-1 6 16 15
-1 5 14 13
-1 11 28 27
-1 12 30 29
21 15 18 17
-1 13 36 35
-1 14 38 37
-1 16 32 31
27 23 44 43
28 24 46 45
29 25 48 47
30 26 50 49
-1 18 22 21
-1 17 20 19
42 37 1 1
41 38 1 1
-1 35 52 51
-1 36 54 53
34 31 1 1
33 32 1 1
66 43 1 1
65 44 1 1
64 45 1 1
63 46 1 1
70 47 1 1
69 48 1 1
68 49 -1 87
67 50 1 1
-1 87 91 90
-1 19 40 39
-1 20 42 41
-1 22 34 33
56 52 66 65
55 51 64 63
58 54 70 69
57 53 68 67
93 90 -1 92
-1 91 94 93
-1 39 56 55
-1 40 58 57
-1 92 4 3
-1 4 8 7
-1 7 24 23
-1 8 26 25
