160 0 10 9
9 3 6 5
10 4 8 7
-1 5 12 11
-1 6 14 13
-1 7 22 21
-1 8 24 23
17 11 16 15
19 13 26 25
-1 12 32 31
20 14 36 35
-1 21 38 37
-1 22 40 39
-1 23 46 45
-1 24 48 47
-1 15 18 17
-1 16 20 19
-1 25 28 27
-1 26 30 29
33 31 54 53
34 32 56 55
-1 35 65 64
-1 36 67 66
41 37 89 88
42 38 91 90
43 39 93 92
44 40 95 94
49 45 97 96
50 46 99 98
51 47 101 100
52 48 103 102
-1 18 34 33
122 53 -1 57
120 54 1 1
121 55 61 60
123 56 63 62
-1 27 42 41
-1 28 44 43
-1 29 50 49
-1 30 52 51
-1 64 73 72
-1 65 75 74
-1 66 81 80
-1 67 83 82
107 88 1 1
106 89 1 1
105 90 1 1
104 91 1 1
111 92 1 1
110 93 1 1
109 94 1 1
108 95 1 1
115 96 1 1
114 97 1 1
113 98 1 1
112 99 1 1
119 100 1 1
118 101 1 1
117 102 1 1
116 103 1 1
-1 57 157 156
-1 62 69 68
-1 63 71 70
-1 60 121 120
-1 61 123 122
77 73 107 106
76 72 105 104
79 75 111 110
78 74 109 108
85 81 115 114
84 80 113 112
87 83 119 118
86 82 117 116
159 156 -1 158
-1 157 160 159
-1 68 77 76
-1 69 79 78
-1 70 85 84
-1 71 87 86
-1 158 4 3
