157 0 10 9
9 3 6 5
10 4 8 7
-1 5 12 11
-1 6 14 13
-1 7 22 21
-1 8 24 23
17 11 16 15
19 13 26 25
-1 12 32 31
20 14 36 35
-1 21 38 37
-1 22 40 39
-1 23 46 45
-1 24 48 47
-1 15 18 17
-1 16 20 19
-1 25 28 27
-1 26 30 29
33 31 54 53
34 32 56 55
-1 35 66 65
-1 36 68 67
41 37 90 89
42 38 92 91
43 39 94 93
44 40 96 95
49 45 98 97
50 46 100 99
51 47 102 101
52 48 104 103
-1 18 34 33
123 53 58 1
121 54 1 1
122 55 62 61
124 56 64 63
-1 27 42 41
-1 28 44 43
-1 29 50 49
-1 30 52 51
-1 65 74 73
-1 66 76 75
-1 67 82 81
-1 68 84 83
108 89 1 1
107 90 1 1
106 91 1 1
105 92 1 1
112 93 1 1
111 94 1 1
110 95 1 1
109 96 1 1
116 97 1 1
115 98 1 1
114 99 1 1
113 100 1 1
120 101 1 1
119 102 1 1
118 103 1 1
117 104 1 1
-1 58 158 157
-1 63 70 69
-1 64 72 71
-1 61 122 121
-1 62 124 123
78 74 108 107
77 73 106 105
80 76 112 111
79 75 110 109
86 82 116 115
85 81 114 113
88 84 120 119
87 83 118 117
-1 158 4 3
-1 69 78 77
-1 70 80 79
-1 71 86 85
-1 72 88 87
