222 0 48 47
47 41 44 43
-1 48 50 49
-1 43 60 59
-1 44 63 62
-1 49 56 55
-1 50 58 57
59 23 36 35
55 51 68 67
56 52 70 69
57 53 72 71
58 54 74 73
-1 62 65 64
65 60 -1 61
96 63 -1 66
-1 35 94 93
-1 36 96 95
67 27 76 75
68 28 78 77
69 29 80 79
70 30 82 81
71 31 84 83
72 32 86 85
73 33 88 87
74 34 90 89
64 37 92 91
-1 61 102 101
66 40 104 103
-1 93 10 9
196 95 1 1
94 26 -1 40
110 75 1 1
109 76 1 1
116 77 1 1
115 78 1 1
122 79 1 1
121 80 1 1
128 81 1 1
127 82 1 1
134 83 1 1
133 84 1 1
140 85 1 1
139 86 1 1
146 87 1 1
145 88 1 1
151 89 -1 147
150 90 1 1
176 91 1 1
174 92 1 1
-1 103 165 164
-1 104 167 166
-1 101 161 160
-1 102 163 162
-1 147 219 218
-1 9 12 11
-1 10 14 13
171 164 169 168
175 165 -1 170
194 166 191 190
195 167 193 192
160 156 203 202
161 157 205 204
162 158 207 206
163 159 209 208
221 218 -1 220
-1 219 222 221
-1 11 20 19
-1 12 22 21
13 7 24 23
14 8 26 25
213 205 110 109
212 204 116 115
211 203 122 121
210 202 128 127
217 209 134 133
216 208 140 139
215 207 146 145
214 206 151 150
-1 168 175 174
-1 169 177 176
-1 170 179 178
-1 190 197 196
-1 191 200 199
197 192 -1 198
200 193 -1 201
-1 220 42 41
-1 199 4 3
19 15 28 27
20 16 30 29
21 17 32 31
22 18 34 33
-1 24 38 37
38 25 -1 39
-1 198 172 171
177 172 -1 173
-1 201 195 194
-1 178 183 182
-1 179 185 184
-1 42 46 45
-1 3 6 5
-1 4 8 7
-1 39 100 99
-1 173 181 180
186 182 211 210
187 183 213 212
188 184 215 214
189 185 217 216
-1 45 52 51
-1 46 54 53
-1 5 16 15
-1 6 18 17
-1 99 157 156
-1 100 159 158
-1 180 187 186
-1 181 189 188
