215 0 96 95
95 91 90 89
96 92 94 93
89 70 72 71
90 66 68 67
93 82 84 83
94 78 80 79
-1 71 98 97
-1 72 100 99
-1 67 102 101
-1 68 104 103
-1 83 106 105
-1 84 108 107
-1 79 110 109
-1 80 115 114
175 110 -1 113
179 115 -1 118
97 5 18 17
99 11 22 21
98 6 20 19
100 12 24 23
101 35 48 47
103 41 52 51
102 36 50 49
104 42 54 53
105 7 26 25
107 13 30 29
106 8 28 27
108 14 32 31
-1 109 112 111
-1 114 117 116
193 17 1 1
191 18 1 1
197 21 1 1
195 22 1 1
194 19 1 1
192 20 1 1
198 23 1 1
196 24 1 1
201 47 1 1
199 48 1 1
205 51 1 1
203 52 1 1
202 49 1 1
200 50 1 1
206 53 1 1
204 54 1 1
209 25 1 1
207 26 1 1
213 29 1 1
211 30 1 1
210 27 1 1
208 28 1 1
214 31 164 1
212 32 1 1
113 60 64 63
118 57 62 61
111 55 168 167
112 56 170 169
116 58 172 171
117 59 174 173
-1 164 216 215
-1 63 74 73
-1 64 76 75
-1 61 86 85
-1 62 88 87
181 167 218 217
177 168 220 219
182 169 222 221
178 170 224 223
189 171 226 225
185 172 228 227
190 173 230 229
186 174 232 231
-1 216 92 91
73 65 -1 15
75 69 -1 16
85 77 -1 45
87 81 -1 46
-1 74 66 65
-1 76 70 69
-1 86 78 77
-1 88 82 81
-1 229 176 175
-1 230 180 179
-1 231 184 183
-1 232 188 187
-1 219 192 191
-1 220 194 193
-1 217 196 195
-1 218 198 197
-1 227 200 199
-1 228 202 201
-1 225 204 203
-1 226 206 205
-1 223 208 207
-1 224 210 209
-1 221 212 211
-1 222 214 213
-1 15 4 3
-1 16 10 9
-1 45 34 33
-1 46 40 39
183 38 -1 57
187 44 -1 60
-1 176 178 177
-1 180 182 181
-1 184 186 185
-1 188 190 189
-1 3 6 5
-1 9 12 11
-1 4 8 7
-1 10 14 13
-1 33 36 35
-1 39 42 41
-1 34 38 37
-1 40 44 43
-1 37 56 55
-1 43 59 58
