234 0 94 93
93 89 78 77
94 90 92 91
91 88 46 45
83 78 82 81
87 77 80 79
-1 92 104 103
-1 45 48 47
-1 81 96 95
-1 82 98 97
-1 79 100 99
-1 80 102 101
-1 46 50 49
103 85 116 115
104 86 122 121
47 41 56 55
49 43 106 105
95 33 62 61
97 34 64 63
96 35 66 65
98 36 68 67
99 37 70 69
101 38 72 71
100 39 74 73
102 40 76 75
115 51 112 111
116 52 114 113
121 53 118 117
122 54 120 119
-1 48 60 59
-1 50 110 109
-1 55 24 23
-1 56 28 27
194 105 124 123
190 106 1 1
208 61 1 1
206 62 1 1
212 63 1 1
210 64 1 1
209 65 1 1
207 66 1 1
213 67 1 1
211 68 1 1
216 69 1 1
214 70 1 1
220 71 1 1
218 72 1 1
217 73 1 1
215 74 1 1
221 75 1 1
219 76 1 1
224 111 1 1
222 112 1 1
228 113 1 1
226 114 1 1
225 117 1 1
223 118 1 1
229 119 -1 171
227 120 1 1
59 57 175 174
60 58 177 176
109 107 187 186
110 108 189 188
-1 171 231 230
-1 23 26 25
-1 27 30 29
24 10 14 13
-1 28 32 31
-1 123 84 83
-1 124 88 87
196 174 179 178
192 175 181 180
197 176 183 182
193 177 185 184
186 21 199 198
187 17 201 200
188 22 203 202
189 18 205 204
233 230 -1 232
-1 231 234 233
-1 200 16 15
-1 201 20 19
-1 13 42 41
25 5 34 33
26 6 36 35
29 11 38 37
30 12 40 39
-1 14 44 43
31 7 52 51
32 8 54 53
-1 84 86 85
-1 198 191 190
-1 199 195 194
-1 184 207 206
-1 185 209 208
-1 182 211 210
-1 183 213 212
-1 204 215 214
-1 205 217 216
-1 202 219 218
-1 203 221 220
-1 180 223 222
-1 181 225 224
-1 178 227 226
-1 179 229 228
-1 232 90 89
-1 15 4 3
-1 19 10 9
-1 42 58 57
-1 44 108 107
-1 191 193 192
-1 195 197 196
-1 16 18 17
-1 20 22 21
-1 3 6 5
-1 9 12 11
-1 4 8 7
