285 0 32 31
32 30 12 11
31 29 26 25
11 7 4 3
25 5 22 21
-1 26 28 27
12 8 10 9
17 4 8 7
13 3 6 5
41 9 38 37
45 10 40 39
21 14 16 15
22 18 20 19
27 23 34 33
28 24 36 35
-1 6 24 23
54 37 50 49
53 38 52 51
44 35 68 67
48 36 76 75
43 33 82 81
59 39 56 55
-1 34 84 83
67 15 64 63
-1 16 66 65
-1 19 72 71
-1 20 74 73
-1 40 58 57
-1 49 14 13
-1 50 18 17
-1 51 42 41
-1 52 46 45
81 55 54 53
82 56 60 59
-1 68 70 69
-1 75 78 77
-1 76 80 79
-1 83 88 87
-1 84 90 89
-1 57 124 123
-1 58 126 125
99 63 96 95
100 64 98 97
69 65 102 101
-1 66 104 103
-1 71 108 107
-1 72 110 109
-1 73 116 115
-1 74 118 117
-1 42 44 43
-1 46 48 47
163 95 100 99
-1 60 62 61
-1 70 106 105
157 101 154 153
-1 96 148 147
-1 77 112 111
-1 78 114 113
-1 79 120 119
-1 80 122 121
158 102 156 155
-1 97 150 149
-1 98 152 151
91 87 132 131
128 124 142 141
92 88 134 133
127 123 140 139
93 89 136 135
130 126 146 145
94 90 138 137
129 125 144 143
105 103 160 159
106 104 162 161
111 107 178 177
112 108 180 179
113 109 182 181
114 110 184 183
119 115 186 185
120 116 188 187
121 117 190 189
122 118 192 191
-1 47 86 85
-1 61 128 127
-1 62 130 129
165 147 158 157
167 153 -1 163
168 154 -1 164
175 161 168 167
-1 148 170 169
199 155 -1 193
200 156 -1 194
176 162 200 199
-1 149 202 201
-1 150 204 203
-1 151 210 209
-1 152 212 211
142 131 1 1
141 132 1 1
140 133 1 1
139 134 1 1
146 135 1 1
145 136 1 1
144 137 1 1
143 138 1 1
174 159 1 1
173 160 1 1
220 177 1 1
219 178 1 1
218 179 1 1
217 180 1 1
224 181 1 1
223 182 1 1
222 183 1 1
221 184 1 1
228 185 1 1
227 186 1 1
226 187 1 1
225 188 1 1
232 189 1 1
231 190 1 1
230 191 282 1
229 192 1 1
-1 282 286 285
-1 85 92 91
-1 86 94 93
-1 164 166 165
-1 193 196 195
-1 194 198 197
171 169 174 173
172 170 176 175
206 202 220 219
205 201 218 217
208 204 224 223
207 203 222 221
214 210 228 227
213 209 226 225
216 212 232 231
215 211 230 229
-1 286 30 29
-1 166 172 171
-1 195 206 205
-1 196 208 207
-1 197 214 213
-1 198 216 215
