260 0 229 228
228 222 225 224
-1 229 231 230
-1 224 241 240
-1 225 245 244
-1 230 237 236
-1 231 239 238
244 200 215 214
240 201 217 216
-1 241 243 242
-1 245 247 246
236 232 249 248
237 233 251 250
238 234 253 252
239 235 255 254
-1 216 16 15
-1 217 20 19
251 209 104 103
250 208 110 109
249 207 116 115
248 206 122 121
255 213 128 127
254 212 134 133
253 211 140 139
252 210 146 145
247 221 152 151
243 220 158 157
246 219 164 163
242 218 169 168
-1 214 189 188
-1 215 191 190
-1 15 4 3
-1 19 10 9
104 39 1 1
103 40 1 1
110 43 1 1
109 44 1 1
116 41 1 1
115 42 1 1
122 45 1 1
121 46 1 1
128 47 1 1
127 48 1 1
134 51 1 1
133 52 1 1
140 49 1 1
139 50 1 1
146 53 1 1
145 54 1 1
152 55 1 1
151 56 1 1
158 59 1 1
157 60 1 1
164 57 1 1
163 58 1 1
169 61 -1 165
168 62 1 1
79 16 1 1
-1 20 22 21
190 95 1 1
188 96 1 1
191 97 1 1
189 98 1 1
-1 165 257 256
-1 3 6 5
-1 9 12 11
-1 4 8 7
-1 10 14 13
-1 21 177 176
-1 22 179 178
259 256 -1 258
-1 257 260 259
-1 5 24 23
-1 11 28 27
-1 6 26 25
-1 12 30 29
-1 7 32 31
-1 13 36 35
-1 8 34 33
-1 14 38 37
-1 176 197 196
-1 177 199 198
178 174 201 200
-1 179 205 204
-1 258 223 222
75 33 78 77
81 23 40 39
85 27 44 43
82 24 42 41
86 28 46 45
83 25 48 47
87 29 52 51
84 26 50 49
88 30 54 53
89 31 56 55
93 35 60 59
90 32 58 57
94 36 62 61
76 34 80 79
91 37 96 95
92 38 98 97
196 192 207 206
197 193 209 208
198 194 211 210
199 195 213 212
204 202 219 218
205 203 221 220
-1 223 227 226
-1 77 64 63
-1 78 70 69
-1 80 171 170
-1 226 233 232
-1 227 235 234
-1 63 66 65
-1 69 72 71
-1 64 68 67
-1 70 74 73
-1 170 173 172
-1 171 175 174
-1 67 76 75
-1 65 82 81
-1 71 86 85
-1 66 84 83
-1 72 88 87
-1 68 90 89
-1 74 94 93
-1 73 92 91
-1 172 193 192
-1 173 195 194
-1 175 203 202
