209 0 218 217
-1 217 220 219
-1 218 222 221
220 213 224 223
219 214 226 225
222 215 228 227
221 216 230 229
-1 223 232 231
-1 224 234 233
-1 225 236 235
-1 226 238 237
-1 227 240 239
-1 228 242 241
-1 229 244 243
-1 230 246 245
243 161 122 121
231 123 132 131
232 124 134 133
235 125 140 139
236 126 142 141
233 127 136 135
234 128 138 137
237 129 144 143
238 130 146 145
239 157 180 179
240 155 182 181
244 159 184 183
241 158 190 189
242 156 196 195
245 162 202 201
246 160 208 207
-1 122 84 83
121 33 64 63
132 23 1 1
131 27 1 1
134 24 1 1
133 28 1 1
140 25 1 1
139 29 1 1
142 26 1 1
141 30 1 1
136 105 1 1
135 106 1 1
138 107 1 1
137 108 1 1
144 109 1 1
143 110 1 1
146 111 1 1
145 112 1 1
180 31 1 1
179 35 1 1
182 32 1 1
181 36 1 1
184 34 1 1
183 38 1 1
190 113 1 1
189 114 1 1
196 115 1 1
195 116 1 1
202 117 1 1
201 118 1 1
208 119 204 1
207 120 1 1
-1 204 210 209
-1 63 16 15
-1 64 20 19
-1 83 72 71
-1 84 86 85
-1 210 212 211
-1 15 4 3
-1 19 10 9
-1 71 74 73
-1 72 76 75
-1 16 18 17
-1 20 22 21
-1 85 148 147
-1 86 150 149
-1 211 214 213
-1 212 216 215
-1 3 6 5
-1 9 12 11
-1 4 8 7
-1 10 14 13
-1 73 90 89
-1 74 92 91
-1 75 98 97
-1 76 100 99
-1 17 124 123
-1 21 128 127
-1 18 126 125
-1 22 130 129
152 148 158 157
151 147 156 155
154 150 162 161
153 149 160 159
-1 5 24 23
-1 11 28 27
-1 6 26 25
-1 12 30 29
-1 7 32 31
-1 13 36 35
-1 8 34 33
-1 14 38 37
93 89 106 105
94 90 108 107
95 91 110 109
96 92 112 111
101 97 114 113
102 98 116 115
103 99 118 117
104 100 120 119
-1 37 68 67
-1 67 78 77
-1 68 88 87
-1 77 80 79
-1 78 82 81
-1 87 152 151
-1 88 154 153
-1 79 94 93
-1 80 96 95
-1 81 102 101
-1 82 104 103
