0 0 23 22
0 0 29 28
0 0 43 42
0 0 47 46
0 0 55 54
0 0 59 58
0 0 67 66
0 0 73 72
0 0 87 86
0 0 103 102
28 22 25 24
47 43 35 34
29 23 27 26
46 42 45 44
59 55 53 52
58 54 57 56
72 66 69 68
94 87 79 78
73 67 71 70
90 86 89 88
103 95 97 96
102 91 93 92
34 24 31 30
64 56 61 60
35 25 33 32
65 57 63 62
40 26 37 36
52 44 49 48
41 27 39 38
108 92 105 104
84 70 81 80
96 88 99 98
79 69 77 76
109 93 107 106
53 45 51 50
78 68 75 74
85 71 83 82
97 89 101 100
60 30 41 40
61 31 65 64
100 82 85 84
101 83 109 108
62 32 111 110
98 80 127 126
63 33 113 112
106 76 133 132
48 36 115 114
99 81 139 138
49 37 117 116
107 77 145 144
104 38 119 118
74 50 151 150
105 39 121 120
75 51 155 154
-1 121 91 90
-1 155 95 94
127 110 1 1
126 111 1 1
133 112 1 1
132 113 1 1
139 114 1 1
138 115 1 1
145 116 1 1
144 117 1 1
151 118 1 1
150 119 1 1
154 120 1 1
