0 0 23 22
0 0 29 28
0 0 43 42
0 0 45 44
0 0 115 114
0 0 121 120
0 0 133 132
0 0 135 134
0 0 161 160
0 0 165 164
28 22 25 24
44 42 35 34
29 23 27 26
45 43 41 40
120 114 117 116
134 132 127 126
121 115 119 118
135 133 131 130
164 160 151 150
165 161 163 162
34 24 31 30
35 25 33 32
40 26 37 36
41 27 39 38
131 119 99 98
163 159 103 102
126 116 123 122
156 150 137 136
127 117 125 124
158 151 141 140
130 118 129 128
162 157 147 146
72 38 69 68
102 98 75 74
50 30 47 46
136 122 81 80
51 31 49 48
137 123 87 86
56 32 53 52
140 124 93 92
-1 33 55 54
73 39 71 70
103 99 101 100
64 36 61 60
146 128 109 108
-1 37 63 62
-1 125 139 138
-1 141 143 142
-1 129 145 144
-1 147 149 148
74 68 51 50
75 69 57 56
100 70 65 64
101 71 73 72
108 60 105 104
80 46 77 76
81 47 79 78
86 48 83 82
87 49 85 84
92 52 89 88
93 53 91 90
58 54 95 94
142 138 153 152
59 55 97 96
143 139 155 154
109 61 107 106
66 62 111 110
148 144 167 166
67 63 113 112
149 145 169 168
-1 57 59 58
-1 65 67 66
175 104 171 170
174 105 1 1
169 113 175 174
181 76 1 1
180 77 1 1
152 94 181 180
187 78 1 1
186 79 1 1
153 95 187 186
193 82 1 1
192 83 1 1
166 110 193 192
199 84 1 1
198 85 1 1
167 111 199 198
205 88 1 1
204 89 1 1
154 96 205 204
211 90 1 1
210 91 1 1
155 97 211 210
217 106 1 1
216 107 1 1
168 112 217 216
-1 170 157 156
-1 171 159 158
