0 0 23 22
0 0 29 28
0 0 43 42
0 0 45 44
0 0 117 116
0 0 123 122
0 0 135 134
0 0 137 136
0 0 157 156
0 0 161 160
28 22 25 24
44 42 35 34
29 23 27 26
45 43 41 40
122 116 119 118
136 134 129 128
123 117 121 120
137 135 133 132
160 156 149 148
161 157 159 158
34 24 31 30
35 25 33 32
40 26 37 36
41 27 39 38
133 121 99 98
159 77 103 102
128 118 125 124
148 74 139 138
129 119 127 126
149 75 143 142
132 120 131 130
158 76 147 146
70 38 67 66
102 98 73 72
50 30 47 46
138 124 79 78
51 31 49 48
139 125 85 84
56 32 53 52
142 126 91 90
-1 33 55 54
71 39 69 68
103 99 101 100
64 36 61 60
146 130 109 108
65 37 63 62
147 131 115 114
-1 127 141 140
-1 143 145 144
72 66 51 50
73 67 57 56
100 68 65 64
101 69 71 70
78 46 75 74
79 47 77 76
84 48 81 80
85 49 83 82
90 52 87 86
91 53 89 88
58 54 93 92
144 140 151 150
-1 55 95 94
-1 141 153 152
-1 145 155 154
108 60 105 104
109 61 107 106
114 62 111 110
115 63 113 112
-1 57 59 58
216 80 1 1
214 81 1 1
220 82 1 1
218 83 1 1
175 86 1 1
174 87 1 1
181 88 1 1
180 89 1 1
151 92 183 182
150 93 185 184
217 104 1 1
215 105 1 1
221 106 1 1
219 107 1 1
207 110 1 1
206 111 1 1
213 112 1 1
212 113 1 1
96 94 187 186
154 152 191 190
97 95 189 188
155 153 193 192
190 186 175 174
191 187 181 180
-1 59 97 96
192 188 207 206
193 189 213 212
-1 184 215 214
-1 185 217 216
-1 182 219 218
-1 183 221 220
