0 0 23 22
0 0 29 28
0 0 43 42
0 0 45 44
0 0 101 100
0 0 105 104
0 0 107 106
0 0 111 110
0 0 385 384
0 0 389 388
28 22 25 24
44 42 35 34
29 23 27 26
45 43 41 40
104 100 73 72
110 106 75 74
105 101 103 102
111 107 109 108
389 385 329 328
388 384 387 386
34 24 31 30
74 72 51 50
35 25 33 32
75 73 57 56
40 26 37 36
108 102 65 64
41 27 39 38
109 103 71 70
396 328 235 234
390 386 253 252
393 387 301 300
399 329 331 330
50 30 47 46
51 31 49 48
56 32 53 52
-1 33 55 54
-1 57 59 58
64 36 61 60
65 37 63 62
70 38 67 66
71 39 69 68
236 234 163 162
237 235 229 228
256 252 239 238
257 253 255 254
304 300 275 274
358 330 339 338
359 331 357 356
-1 301 303 302
128 66 125 124
166 162 137 136
80 46 77 76
240 238 143 142
81 47 79 78
241 239 149 148
86 48 83 82
254 242 155 154
87 49 85 84
255 243 161 160
129 67 127 126
167 163 165 164
92 52 89 88
274 244 177 176
93 53 91 90
275 245 183 182
58 54 95 94
-1 55 97 96
-1 59 99 98
134 68 131 130
232 228 203 202
116 60 113 112
338 248 209 208
117 61 115 114
339 249 215 214
122 62 119 118
356 250 221 220
123 63 121 120
357 251 227 226
135 69 133 132
233 229 231 230
306 302 415 414
-1 303 417 416
136 124 81 80
137 125 87 86
164 126 93 92
202 130 117 116
203 131 123 122
230 132 129 128
231 133 135 134
-1 127 169 168
-1 165 171 170
149 79 147 146
142 76 139 138
143 77 141 140
148 78 145 144
154 82 151 150
155 83 153 152
160 84 157 156
161 85 159 158
176 88 173 172
177 89 175 174
182 90 179 178
183 91 181 180
188 94 185 184
435 415 313 312
189 95 187 186
434 414 319 318
98 96 191 190
99 97 193 192
208 112 205 204
209 113 207 206
214 114 211 210
215 115 213 212
220 118 217 216
221 119 219 218
226 120 223 222
227 121 225 224
418 416 437 436
419 417 439 438
332 146 167 166
170 168 189 188
-1 169 195 194
-1 171 197 196
334 147 233 232
406 138 241 240
408 139 243 242
458 150 1 1
456 151 1 1
462 152 1 1
460 153 1 1
466 156 1 1
464 157 1 1
470 158 1 1
468 159 1 1
333 140 245 244
281 172 1 1
280 173 1 1
287 174 1 1
286 175 1 1
293 178 1 1
292 179 1 1
299 180 1 1
298 181 1 1
313 184 309 308
312 185 311 310
319 186 315 314
318 187 317 316
407 144 249 248
459 204 1 1
457 205 1 1
463 206 1 1
461 207 1 1
467 210 1 1
465 211 1 1
471 212 1 1
469 213 1 1
409 145 251 250
324 216 -1 360
452 217 -1 361
325 218 -1 366
453 219 -1 367
327 222 -1 372
455 223 -1 373
383 224 379 1
382 225 1 1
-1 141 247 246
198 190 321 320
444 436 449 448
199 191 323 322
445 437 451 450
200 192 325 324
446 438 453 452
201 193 327 326
447 439 455 454
-1 379 425 424
448 320 281 280
449 321 287 286
450 322 293 292
451 323 299 298
196 194 199 198
197 195 201 200
454 326 383 382
-1 360 363 362
-1 361 365 364
-1 366 369 368
-1 367 371 370
336 246 435 434
-1 247 441 440
-1 316 457 456
-1 317 459 458
-1 314 461 460
-1 315 463 462
-1 310 465 464
-1 311 467 466
-1 308 469 468
-1 309 471 470
-1 372 375 374
-1 373 377 376
424 420 237 236
425 421 257 256
364 362 403 402
365 363 405 404
370 368 411 410
371 369 413 412
430 375 -1 426
432 377 -1 429
442 440 445 444
443 441 447 446
376 374 473 472
-1 402 391 390
-1 403 394 393
-1 410 397 396
-1 411 400 399
404 391 -1 392
405 394 -1 395
412 397 -1 398
413 400 -1 401
429 426 428 427
-1 472 431 430
-1 473 433 432
431 423 305 304
433 422 359 358
-1 398 333 332
-1 401 335 334
-1 392 407 406
-1 395 409 408
-1 427 421 420
-1 428 423 422
-1 305 307 306
-1 335 337 336
-1 307 419 418
-1 337 443 442
