0 0 23 22
0 0 29 28
0 0 43 42
0 0 45 44
0 0 101 100
0 0 105 104
0 0 107 106
0 0 111 110
0 0 231 230
0 0 233 232
28 22 25 24
44 42 35 34
29 23 27 26
45 43 41 40
104 100 73 72
110 106 75 74
105 101 103 102
111 107 109 108
232 230 153 152
233 231 207 206
34 24 31 30
74 72 51 50
35 25 33 32
75 73 57 56
40 26 37 36
108 102 63 62
41 27 39 38
109 103 71 70
226 152 135 134
228 153 155 154
227 206 183 182
229 207 209 208
50 30 47 46
156 134 81 80
51 31 49 48
160 135 87 86
56 32 53 52
178 154 93 92
57 33 55 54
180 155 99 98
62 36 59 58
182 161 117 116
-1 37 61 60
-1 63 65 64
70 38 67 66
208 179 127 126
71 39 69 68
209 181 133 132
-1 183 185 184
80 46 77 76
81 47 79 78
86 48 83 82
87 49 85 84
92 52 89 88
93 53 91 90
98 54 95 94
99 55 97 96
116 58 113 112
117 59 115 114
64 60 119 118
184 158 199 198
65 61 121 120
185 159 205 204
126 66 123 122
127 67 125 124
132 68 129 128
133 69 131 130
236 76 1 1
234 77 1 1
240 78 1 1
238 79 1 1
244 82 1 1
242 83 1 1
248 84 1 1
246 85 1 1
254 88 1 1
250 89 1 1
262 90 1 1
258 91 1 1
268 94 1 1
266 95 1 1
272 96 1 1
270 97 1 1
269 112 1 1
267 113 1 1
273 114 1 1
271 115 1 1
237 122 211 210
235 123 213 212
241 124 1 1
239 125 1 1
245 128 219 218
243 129 1 1
249 130 1 1
247 131 1 1
198 118 195 194
199 119 197 196
204 120 201 200
205 121 203 202
-1 210 157 156
-1 211 161 160
-1 212 179 178
-1 213 181 180
-1 218 227 226
-1 219 229 228
256 194 275 274
252 195 277 276
264 196 279 278
260 197 281 280
257 200 283 282
253 201 285 284
265 202 287 286
261 203 289 288
-1 157 159 158
-1 280 235 234
-1 281 237 236
-1 278 239 238
-1 279 241 240
-1 276 243 242
-1 277 245 244
-1 274 247 246
-1 275 249 248
-1 288 251 250
-1 289 255 254
-1 286 259 258
-1 287 263 262
-1 284 267 266
-1 285 269 268
-1 282 271 270
-1 283 273 272
-1 259 261 260
-1 263 265 264
-1 251 253 252
-1 255 257 256
