0 0 -1 22
0 0 -1 25
0 0 31 30
0 0 35 34
0 0 81 80
0 0 83 82
0 0 95 94
0 0 101 100
0 0 103 102
0 0 107 106
25 22 24 23
34 30 -1 32
35 31 -1 33
82 80 49 48
83 81 67 66
100 94 -1 96
101 95 -1 97
106 102 -1 104
107 103 -1 105
32 23 27 26
33 24 29 28
48 44 -1 46
49 45 -1 47
66 62 -1 64
67 63 -1 65
104 96 79 78
105 97 99 98
46 26 37 36
111 99 55 54
47 27 39 38
110 98 61 60
64 28 41 40
93 79 73 72
65 29 43 42
92 78 77 76
76 42 45 44
55 36 1 1
54 37 1 1
61 38 57 1
60 39 1 1
77 43 63 62
72 40 1 1
-1 41 71 70
-1 73 75 74
-1 57 113 112
-1 71 87 86
-1 75 89 88
74 70 85 84
90 84 -1 92
112 91 -1 93
108 85 -1 110
113 109 -1 111
89 87 91 90
88 86 109 108
