0 0 -1 23
0 0 -1 25
101 0 -1 29
0 0 -1 35
0 0 -1 38
0 0 58 57
0 0 64 63
0 0 78 77
0 0 80 79
0 0 98 97
0 0 100 99
29 23 -1 24
30 25 -1 26
38 35 37 36
99 97 50 49
100 98 56 55
63 57 60 59
79 77 70 69
64 58 62 61
80 78 76 75
26 24 28 27
41 36 -1 39
42 37 -1 40
69 59 66 65
49 31 46 45
70 60 68 67
50 32 48 47
75 61 72 71
55 33 52 51
76 62 74 73
56 34 54 53
39 27 32 31
40 28 34 33
65 46 1 1
66 45 1 1
67 48 1 1
68 47 1 1
71 52 90 89
72 51 1 1
73 54 94 1
74 53 1 1
-1 94 106 105
-1 89 102 101
-1 90 104 103
105 103 -1 30
-1 106 44 43
102 43 -1 41
104 44 -1 42
