0 0 46 45
0 0 44 43
0 0 48 47
50 0 24 23
0 0 26 25
0 0 28 27
112 0 30 29
118 0 32 31
0 0 34 33
0 0 36 35
122 0 38 37
126 0 40 39
0 0 42 41
144 43 137 136
127 48 131 130
133 46 141 140
132 45 139 138
145 47 143 142
129 44 135 134
25 24 52 51
37 36 125 124
41 40 129 128
26 23 50 49
30 27 111 110
29 28 113 112
33 32 119 118
34 31 117 116
38 35 123 122
42 39 127 126
131 59 64 63
137 102 104 103
141 57 95 94
140 62 68 67
138 105 -1 74
139 83 85 84
135 90 109 108
136 107 -1 105
130 106 -1 101
134 65 -1 73
143 60 -1 65
142 61 -1 66
110 49 54 53
125 117 107 106
111 52 58 57
123 116 121 120
124 51 56 55
147 128 133 132
119 113 115 114
76 63 1 1
75 64 1 1
104 94 1 1
103 95 -1 98
74 58 76 75
78 67 1 1
77 68 1 1
108 85 1 1
109 84 1 1
93 73 78 77
101 91 -1 102
92 66 -1 83
121 54 62 61
120 53 60 59
115 56 93 92
114 55 91 90
-1 98 100 99
146 99 145 144
-1 100 147 146
