0 0 24 23
0 0 30 29
0 0 44 43
0 0 46 45
0 0 120 119
0 0 126 125
0 0 140 139
0 0 142 141
0 0 156 155
0 0 160 159
167 0 166 165
29 23 26 25
45 43 36 35
30 24 28 27
46 44 42 41
125 119 122 121
141 139 132 131
126 120 124 123
142 140 138 137
159 155 152 151
165 161 154 153
160 156 158 157
166 162 164 163
35 25 32 31
36 26 34 33
41 27 38 37
42 28 40 39
131 121 128 127
153 151 144 143
132 122 130 129
154 152 146 145
137 123 134 133
163 157 148 147
138 124 136 135
164 158 150 149
63 31 48 47
144 128 72 71
65 32 50 49
143 127 78 77
79 33 52 51
146 130 88 87
81 34 54 53
145 129 94 93
64 37 56 55
148 134 100 99
66 38 58 57
147 133 106 105
80 39 60 59
150 136 112 111
82 40 62 61
149 135 118 117
72 47 1 1
71 48 1 1
78 49 1 1
77 50 1 1
88 51 1 1
87 52 1 1
94 53 1 1
93 54 1 1
100 55 1 1
99 56 1 1
106 57 1 1
105 58 1 1
112 59 108 107
111 60 110 109
118 61 114 1
117 62 1 1
-1 114 168 167
-1 107 64 63
-1 108 66 65
-1 109 80 79
-1 110 82 81
-1 168 162 161
