0 0 24 23
0 0 30 29
0 0 44 43
0 0 46 45
0 0 100 99
0 0 104 103
0 0 106 105
0 0 110 109
0 0 138 137
0 0 144 143
173 0 160 159
29 23 26 25
45 43 36 35
30 24 28 27
46 44 42 41
103 99 72 71
109 105 74 73
104 100 102 101
110 106 108 107
143 137 140 139
159 157 150 149
144 138 142 141
160 158 156 155
35 25 32 31
73 71 52 51
36 26 34 33
74 72 58 57
41 27 38 37
107 101 64 63
42 28 40 39
108 102 70 69
149 139 146 145
150 140 148 147
155 141 152 151
156 142 154 153
51 31 48 47
163 146 80 79
52 32 50 49
161 145 86 85
57 33 54 53
167 148 92 91
58 34 56 55
165 147 98 97
63 37 60 59
164 152 116 115
64 38 62 61
162 151 122 121
69 39 66 65
168 154 128 127
70 40 68 67
166 153 136 135
80 47 1 1
79 48 1 1
86 49 1 1
85 50 1 1
92 53 1 1
91 54 1 1
98 55 1 1
97 56 1 1
116 59 1 1
115 60 1 1
122 61 1 1
121 62 1 1
127 65 1 1
136 67 132 1
135 68 1 1
-1 66 126 125
-1 128 130 129
-1 132 174 173
130 125 170 169
129 126 172 171
-1 174 158 157
-1 169 162 161
-1 170 164 163
-1 171 166 165
-1 172 168 167
