0 0 24 23
0 0 30 29
0 0 44 43
0 0 46 45
0 0 100 99
0 0 104 103
0 0 106 105
0 0 110 109
0 0 242 241
0 0 244 243
279 0 248 247
29 23 26 25
45 43 36 35
30 24 28 27
46 44 42 41
103 99 74 73
109 105 76 75
104 100 102 101
110 106 108 107
243 241 154 153
247 245 158 157
244 242 208 207
248 246 212 211
35 25 32 31
75 73 52 51
36 26 34 33
76 74 58 57
41 27 38 37
107 101 66 65
42 28 40 39
108 102 72 71
157 153 138 137
158 154 156 155
211 207 190 189
212 208 210 209
51 31 48 47
137 135 82 81
52 32 50 49
138 136 88 87
57 33 54 53
155 147 94 93
-1 34 56 55
-1 58 60 59
65 37 62 61
189 149 116 115
66 38 64 63
190 150 122 121
71 39 68 67
209 151 128 127
72 40 70 69
210 152 134 133
-1 156 162 161
81 47 78 77
82 48 80 79
87 49 84 83
88 50 86 85
93 53 90 89
94 54 92 91
59 55 96 95
161 159 180 179
60 56 98 97
162 160 188 187
115 61 112 111
116 62 114 113
121 63 118 117
122 64 120 119
127 67 124 123
128 68 126 125
133 69 130 129
134 70 132 131
237 83 136 135
251 77 1 1
249 78 1 1
255 79 1 1
253 80 1 1
239 84 148 147
168 89 164 163
167 90 166 165
174 91 170 169
173 92 172 171
257 85 150 149
260 111 1 1
258 112 1 1
240 113 1 1
238 114 1 1
252 117 1 1
250 118 1 1
256 119 1 1
254 120 1 1
259 86 152 151
218 123 1 1
217 124 1 1
224 125 1 1
223 126 1 1
230 129 1 1
229 130 1 1
236 131 232 1
235 132 1 1
179 95 176 175
-1 96 178 177
-1 180 182 181
187 97 184 183
188 98 186 185
-1 232 280 279
261 175 168 167
262 176 174 173
-1 148 160 159
273 183 218 217
274 184 224 223
275 185 230 229
276 186 236 235
-1 169 238 237
-1 170 240 239
-1 165 250 249
-1 166 252 251
-1 163 254 253
-1 164 256 255
-1 171 258 257
-1 172 260 259
181 177 264 263
182 178 272 271
-1 280 246 245
267 263 262 261
277 271 274 273
278 272 276 275
-1 264 266 265
269 265 268 267
270 266 278 277
-1 268 270 269
