0 0 24 23
0 0 30 29
0 0 44 43
0 0 46 45
0 0 106 105
0 0 110 109
0 0 112 111
0 0 116 115
0 0 395 394
0 0 399 398
436 0 423 422
29 23 26 25
45 43 36 35
30 24 28 27
46 44 42 41
109 105 74 73
115 111 76 75
110 106 108 107
116 112 114 113
399 395 340 339
423 421 344 343
398 394 397 396
422 420 415 414
35 25 32 31
75 73 52 51
36 26 34 33
76 74 58 57
41 27 38 37
113 107 64 63
42 28 40 39
114 108 72 71
404 339 228 227
416 343 230 229
400 396 262 261
417 414 266 265
401 397 312 311
419 415 316 315
406 340 342 341
418 344 346 345
51 31 48 47
52 32 50 49
57 33 54 53
58 34 56 55
63 37 60 59
-1 38 62 61
-1 64 66 65
71 39 68 67
72 40 70 69
229 227 166 165
230 228 222 221
265 261 234 233
266 262 264 263
315 311 304 303
316 312 314 313
345 341 352 351
-1 342 381 380
-1 346 383 382
131 67 128 127
169 165 140 139
81 47 78 77
235 233 146 145
82 48 80 79
236 234 152 151
87 49 84 83
269 263 158 157
88 50 86 85
270 264 164 163
132 68 130 129
170 166 168 167
-1 53 90 89
-1 54 92 91
103 55 100 99
319 313 184 183
104 56 102 101
320 314 190 189
137 69 134 133
225 221 194 193
121 59 118 117
353 351 202 201
122 60 120 119
354 352 208 207
65 61 124 123
66 62 126 125
138 70 136 135
226 222 224 223
310 303 306 305
309 304 308 307
382 380 425 424
383 381 427 426
139 127 82 81
140 128 88 87
167 129 94 93
168 130 104 103
193 133 122 121
223 135 132 131
224 136 138 137
-1 134 192 191
-1 194 196 195
145 77 142 141
146 78 144 143
151 79 148 147
152 80 150 149
157 83 154 153
158 84 156 155
163 85 160 159
164 86 162 161
95 89 172 171
96 90 174 173
97 91 176 175
98 92 178 177
-1 305 322 321
-1 306 324 323
-1 307 326 325
-1 308 328 327
183 99 180 179
184 100 182 181
189 101 186 185
190 102 188 187
201 117 198 197
202 118 200 199
207 119 204 203
208 120 206 205
213 123 210 209
428 424 387 386
214 124 212 211
429 425 389 388
219 125 216 215
430 426 391 390
220 126 218 217
431 427 393 392
-1 93 96 95
-1 94 98 97
195 191 214 213
196 192 220 219
301 181 232 231
242 141 1 1
241 142 1 1
328 178 242 241
248 143 1 1
247 144 1 1
326 177 248 247
254 147 1 1
253 148 1 1
324 174 254 253
260 149 1 1
259 150 1 1
322 173 260 259
299 179 268 267
276 153 1 1
275 154 1 1
386 209 276 275
282 155 1 1
281 156 1 1
387 210 282 281
288 159 1 1
287 160 1 1
388 211 288 287
294 161 1 1
293 162 1 1
389 212 294 293
300 180 318 317
325 175 300 299
327 176 302 301
296 185 1 1
295 186 1 1
321 171 296 295
298 187 1 1
297 188 1 1
323 172 298 297
359 197 356 355
392 217 360 359
368 199 1 1
367 200 1 1
393 218 368 367
374 203 370 369
373 204 1 1
390 215 374 373
379 205 -1 375
378 206 1 1
391 216 379 378
302 182 330 329
-1 198 358 357
-1 375 433 432
347 231 170 169
349 232 226 225
408 267 236 235
412 268 270 269
348 317 310 309
350 318 320 319
413 329 354 353
362 358 401 400
361 357 403 402
-1 360 362 361
-1 355 405 404
-1 356 407 406
-1 369 417 416
-1 370 419 418
-1 330 385 384
435 432 -1 434
-1 433 436 435
-1 405 348 347
-1 407 350 349
-1 402 409 408
-1 403 413 412
410 384 429 428
411 385 431 430
-1 434 421 420
-1 409 411 410
