0 0 24 23
0 0 30 29
0 0 44 43
0 0 46 45
0 0 102 101
0 0 106 105
0 0 108 107
0 0 112 111
0 0 158 157
0 0 162 161
290 0 168 167
29 23 26 25
45 43 36 35
30 24 28 27
46 44 42 41
105 101 68 67
111 107 70 69
106 102 104 103
112 108 110 109
161 157 154 153
167 163 156 155
162 158 160 159
168 164 166 165
35 25 32 31
69 67 52 51
36 26 34 33
70 68 58 57
41 27 38 37
42 28 40 39
109 103 146 145
155 153 150 149
110 104 148 147
156 154 152 151
165 159 170 169
166 160 172 171
51 31 48 47
169 114 76 75
52 32 50 49
170 116 82 81
57 33 54 53
171 130 90 89
58 34 56 55
172 132 100 99
113 37 60 59
149 145 122 121
115 38 62 61
150 146 128 127
129 39 64 63
151 147 138 137
131 40 66 65
152 148 144 143
75 47 72 71
76 48 74 73
81 49 78 77
-1 50 80 79
-1 82 84 83
-1 53 86 85
-1 89 92 91
-1 54 88 87
-1 90 94 93
99 55 96 95
100 56 98 97
137 63 134 133
121 59 118 117
122 60 120 119
127 61 124 123
128 62 126 125
138 64 136 135
143 65 140 139
144 66 142 141
256 71 1 1
254 72 1 1
260 73 1 1
258 74 1 1
186 77 182 181
185 78 184 183
204 95 1 1
203 96 1 1
210 97 1 1
209 98 1 1
216 133 212 211
215 134 214 213
257 117 1 1
255 118 1 1
261 119 1 1
259 120 1 1
230 123 1 1
229 124 1 1
236 125 1 1
235 126 1 1
242 135 1 1
241 136 1 1
248 139 1 1
247 140 1 1
253 141 -1 249
252 142 1 1
83 79 188 187
84 80 190 189
91 85 192 191
92 86 194 193
93 87 196 195
94 88 198 197
-1 249 287 286
-1 211 114 113
-1 212 116 115
-1 213 130 129
-1 214 132 131
264 187 186 185
278 191 204 203
279 192 210 209
284 197 216 215
282 195 230 229
283 196 236 235
285 198 242 241
280 193 248 247
281 194 253 252
-1 183 255 254
-1 184 257 256
-1 181 259 258
-1 182 261 260
-1 188 263 262
-1 189 269 268
-1 190 271 270
289 286 -1 288
-1 287 290 289
266 262 265 264
267 263 273 272
274 268 279 278
275 269 281 280
276 270 283 282
277 271 285 284
-1 288 164 163
-1 265 267 266
-1 272 275 274
-1 273 277 276
