0 0 24 23
0 0 30 29
0 0 44 43
0 0 46 45
0 0 102 101
0 0 106 105
0 0 108 107
0 0 112 111
0 0 231 230
0 0 233 232
298 0 237 236
29 23 26 25
45 43 36 35
30 24 28 27
46 44 42 41
105 101 74 73
111 107 76 75
106 102 104 103
112 108 110 109
232 230 154 153
236 234 158 157
233 231 210 209
237 235 214 213
35 25 32 31
75 73 52 51
36 26 34 33
76 74 58 57
41 27 38 37
109 103 64 63
42 28 40 39
110 104 72 71
157 153 136 135
158 154 156 155
213 209 186 185
214 210 212 211
51 31 48 47
159 135 82 81
52 32 50 49
163 136 88 87
57 33 54 53
181 155 94 93
58 34 56 55
183 156 100 99
63 37 60 59
185 164 118 117
-1 38 62 61
-1 64 66 65
71 39 68 67
211 182 128 127
72 40 70 69
212 184 134 133
-1 186 188 187
81 47 78 77
82 48 80 79
87 49 84 83
88 50 86 85
93 53 90 89
94 54 92 91
99 55 96 95
100 56 98 97
117 59 114 113
118 60 116 115
65 61 120 119
187 161 202 201
66 62 122 121
188 162 208 207
127 67 124 123
128 68 126 125
133 69 130 129
134 70 132 131
240 77 1 1
238 78 1 1
244 79 1 1
242 80 1 1
248 83 1 1
246 84 1 1
252 85 1 1
250 86 1 1
258 89 1 1
254 90 1 1
266 91 1 1
262 92 1 1
272 95 1 1
270 96 1 1
276 97 1 1
274 98 1 1
273 113 1 1
271 114 1 1
277 115 1 1
275 116 1 1
241 123 216 215
239 124 218 217
245 125 1 1
243 126 1 1
249 129 1 1
247 130 1 1
253 131 -1 227
251 132 1 1
201 119 198 197
202 120 200 199
207 121 204 203
208 122 206 205
-1 227 295 294
-1 215 160 159
-1 216 164 163
-1 217 182 181
-1 218 184 183
260 197 279 278
256 198 281 280
268 199 283 282
264 200 285 284
261 203 287 286
257 204 289 288
269 205 291 290
265 206 293 292
297 294 -1 296
-1 295 298 297
-1 160 162 161
-1 284 239 238
-1 285 241 240
-1 282 243 242
-1 283 245 244
-1 280 247 246
-1 281 249 248
-1 278 251 250
-1 279 253 252
-1 292 255 254
-1 293 259 258
-1 290 263 262
-1 291 267 266
-1 288 271 270
-1 289 273 272
-1 286 275 274
-1 287 277 276
-1 296 235 234
-1 263 265 264
-1 267 269 268
-1 255 257 256
-1 259 261 260
