0 0 24 23
0 0 30 29
0 0 52 51
0 0 54 53
0 0 96 95
0 0 100 99
0 0 102 101
0 0 106 105
0 0 244 243
0 0 248 247
279 0 254 253
29 23 26 25
53 51 36 35
30 24 28 27
54 52 46 45
99 95 88 87
105 101 94 93
100 96 98 97
106 102 104 103
247 243 240 239
253 249 242 241
248 244 246 245
254 250 252 251
-1 25 32 31
-1 35 38 37
-1 26 34 33
-1 36 40 39
-1 27 42 41
-1 45 48 47
-1 28 44 43
-1 46 50 49
94 87 90 89
93 88 92 91
104 97 132 131
103 98 134 133
241 239 232 231
242 240 238 237
252 246 264 263
251 245 270 269
37 31 56 55
38 32 58 57
39 33 60 59
40 34 62 61
-1 89 108 107
-1 90 110 109
-1 91 112 111
-1 92 114 113
47 41 64 63
48 42 66 65
49 43 68 67
50 44 70 69
-1 131 136 135
-1 132 138 137
-1 133 140 139
-1 134 142 141
232 183 228 227
231 184 230 229
238 185 234 233
237 186 236 235
264 187 260 259
263 188 262 261
270 189 266 265
269 190 268 267
107 55 72 71
109 56 74 73
108 57 76 75
110 58 78 77
111 59 80 79
113 60 82 81
112 61 84 83
114 62 86 85
135 63 116 115
137 64 118 117
136 65 120 119
138 66 122 121
139 67 124 123
141 68 126 125
140 69 128 127
142 70 130 129
-1 229 208 207
-1 230 210 209
-1 227 212 211
-1 228 214 213
-1 235 216 215
-1 236 218 217
-1 233 220 219
-1 234 222 221
-1 259 224 223
-1 260 226 225
-1 261 256 255
-1 262 258 257
-1 267 272 271
-1 268 274 273
-1 265 276 275
-1 266 278 277
209 71 1 1
207 72 1 1
213 73 1 1
211 74 1 1
210 75 1 1
208 76 1 1
214 77 1 1
212 78 1 1
217 79 1 1
215 80 1 1
221 81 1 1
219 82 1 1
218 83 1 1
216 84 1 1
222 85 1 1
220 86 1 1
257 115 1 1
255 116 1 1
225 117 1 1
223 118 1 1
273 123 1 1
271 124 1 1
277 125 1 1
275 126 1 1
274 127 1 1
272 128 1 1
278 129 204 1
276 130 1 1
224 119 184 183
226 120 186 185
256 121 188 187
258 122 190 189
-1 204 280 279
-1 280 250 249
