0 0 24 23
0 0 30 29
0 0 52 51
0 0 54 53
0 0 96 95
0 0 100 99
0 0 102 101
0 0 106 105
-1 0 232 231
-1 0 236 235
-1 0 238 237
-1 0 242 241
-1 0 262 261
29 23 26 25
53 51 36 35
30 24 28 27
54 52 46 45
99 95 88 87
105 101 94 93
100 96 98 97
106 102 104 103
235 231 224 223
241 237 230 229
261 257 256 255
236 232 234 233
242 238 240 239
262 258 260 259
-1 25 32 31
-1 35 38 37
-1 26 34 33
-1 36 40 39
-1 27 42 41
-1 45 48 47
-1 28 44 43
-1 46 50 49
94 87 90 89
93 88 92 91
104 97 132 131
103 98 134 133
229 223 226 225
263 255 248 247
230 224 228 227
267 256 254 253
239 233 272 271
268 260 270 269
240 234 274 273
264 259 266 265
37 31 56 55
38 32 58 57
39 33 60 59
40 34 62 61
-1 89 108 107
-1 90 110 109
-1 91 112 111
-1 92 114 113
47 41 64 63
48 42 66 65
49 43 68 67
50 44 70 69
-1 131 136 135
-1 132 138 137
-1 133 140 139
-1 134 142 141
248 225 244 243
247 226 246 245
254 227 250 249
253 228 252 251
271 270 276 275
272 269 278 277
273 266 280 279
274 265 282 281
107 55 72 71
109 56 74 73
108 57 76 75
110 58 78 77
111 59 80 79
113 60 82 81
112 61 84 83
114 62 86 85
135 63 116 115
137 64 118 117
136 65 120 119
138 66 122 121
139 67 124 123
141 68 126 125
140 69 128 127
142 70 130 129
-1 245 208 207
-1 246 210 209
-1 243 212 211
-1 244 214 213
-1 251 216 215
-1 252 218 217
-1 249 220 219
-1 250 222 221
-1 277 284 283
-1 278 286 285
-1 275 288 287
-1 276 290 289
-1 281 292 291
-1 282 294 293
-1 279 296 295
-1 280 298 297
209 71 1 1
207 72 1 1
213 73 1 1
211 74 1 1
210 75 1 1
208 76 1 1
214 77 1 1
212 78 1 1
217 79 1 1
215 80 1 1
221 81 1 1
219 82 1 1
218 83 1 1
216 84 1 1
222 85 1 1
220 86 1 1
285 115 1 1
283 116 1 1
289 117 1 1
287 118 1 1
286 119 1 1
284 120 1 1
290 121 1 1
288 122 1 1
293 123 1 1
291 124 1 1
297 125 1 1
295 126 1 1
294 127 1 1
292 128 1 1
298 129 204 1
296 130 1 1
-1 204 300 299
-1 300 302 301
-1 299 258 257
-1 301 264 263
-1 302 268 267
