0 0 -1 23
0 0 -1 26
0 0 32 31
0 0 36 35
0 0 81 80
0 0 83 82
0 0 93 92
0 0 99 98
0 0 101 100
0 0 105 104
118 0 113 112
26 23 25 24
35 31 -1 33
36 32 -1 34
82 80 50 49
83 81 67 66
113 111 91 90
98 92 -1 94
99 93 -1 95
104 100 -1 102
105 101 -1 103
112 110 109 108
33 24 28 27
34 25 30 29
49 45 -1 47
50 46 -1 48
66 62 -1 64
67 63 -1 65
102 94 79 78
90 86 -1 88
91 87 -1 89
103 95 97 96
108 84 -1 106
109 85 -1 107
47 27 38 37
107 97 56 55
48 28 40 39
106 96 61 60
64 29 42 41
89 79 73 72
65 30 44 43
88 78 77 76
76 43 46 45
56 37 1 1
55 38 1 1
61 39 -1 57
60 40 1 1
77 44 63 62
72 41 1 1
-1 42 71 70
-1 73 75 74
-1 57 115 114
75 71 87 86
74 70 85 84
117 114 -1 116
-1 115 118 117
-1 116 111 110
