0 0 -1 23
0 0 -1 26
0 0 32 31
0 0 36 35
0 0 82 81
0 0 84 83
0 0 94 93
0 0 100 99
0 0 102 101
0 0 106 105
115 0 114 113
26 23 25 24
35 31 -1 33
36 32 -1 34
83 81 50 49
84 82 68 67
114 112 92 91
99 93 -1 95
100 94 -1 96
105 101 -1 103
106 102 -1 104
113 111 110 109
33 24 28 27
34 25 30 29
49 45 -1 47
50 46 -1 48
67 63 -1 65
68 64 -1 66
103 95 80 79
91 87 -1 89
92 88 -1 90
104 96 98 97
109 85 -1 107
110 86 -1 108
47 27 38 37
108 98 56 55
48 28 40 39
107 97 62 61
65 29 42 41
90 80 74 73
66 30 44 43
89 79 78 77
77 43 46 45
56 37 1 1
55 38 1 1
62 39 58 1
61 40 1 1
78 44 64 63
73 41 1 1
-1 42 72 71
-1 74 76 75
-1 58 116 115
76 72 88 87
75 71 86 85
-1 116 112 111
