0 0 -1 24
0 0 -1 27
0 0 33 32
0 0 37 36
0 0 75 74
0 0 81 80
0 0 89 88
0 0 91 90
0 0 -1 136
0 0 -1 139
0 0 147 146
27 24 26 25
36 32 -1 34
37 33 -1 35
80 74 77 76
90 88 83 82
81 75 79 78
91 89 86 85
139 136 138 137
146 142 -1 144
147 143 -1 145
34 25 29 28
35 26 31 30
82 76 57 56
83 77 63 62
85 78 69 68
127 79 -1 84
154 86 -1 87
144 137 127 126
145 138 141 140
49 31 47 46
42 28 39 38
43 29 41 40
48 30 45 44
57 39 55 54
56 38 53 52
62 40 59 58
63 41 61 60
68 44 65 64
69 45 67 66
-1 84 93 92
-1 87 95 94
152 126 129 128
153 140 149 148
155 141 151 150
50 46 43 42
51 47 49 48
72 54 51 50
148 96 73 72
149 97 101 100
107 58 1 1
106 59 1 1
151 99 107 106
113 60 1 1
112 61 1 1
150 98 113 112
119 64 1 1
118 65 1 1
129 71 119 118
125 66 1 1
124 67 1 1
128 70 125 124
-1 92 131 130
-1 94 134 133
73 55 71 70
100 52 97 96
101 53 99 98
131 93 -1 132
134 95 -1 135
133 130 143 142
135 132 157 156
-1 156 153 152
-1 157 155 154
