0 0 25 24
0 0 31 30
0 0 45 44
0 0 47 46
0 0 121 120
0 0 127 126
0 0 141 140
0 0 143 142
0 0 157 156
0 0 161 160
0 0 167 166
30 24 27 26
46 44 37 36
31 25 29 28
47 45 43 42
126 120 123 122
142 140 133 132
127 121 125 124
143 141 139 138
160 156 153 152
166 162 155 154
161 157 159 158
167 163 165 164
36 26 33 32
37 27 35 34
42 28 39 38
43 29 41 40
132 122 129 128
154 152 145 144
133 123 131 130
155 153 147 146
138 124 135 134
164 158 149 148
139 125 137 136
165 159 151 150
64 32 49 48
145 129 73 72
66 33 51 50
144 128 79 78
80 34 53 52
147 131 89 88
82 35 55 54
146 130 95 94
65 38 57 56
149 135 101 100
67 39 59 58
148 134 107 106
81 40 61 60
151 137 113 112
83 41 63 62
150 136 119 118
73 48 1 1
72 49 1 1
79 50 1 1
78 51 1 1
89 52 1 1
88 53 1 1
95 54 1 1
94 55 1 1
101 56 1 1
100 57 1 1
107 58 1 1
106 59 1 1
113 60 109 108
112 61 111 110
119 62 115 1
118 63 1 1
-1 115 163 162
-1 108 65 64
-1 109 67 66
-1 110 81 80
-1 111 83 82
