0 0 25 24
0 0 31 30
0 0 45 44
0 0 47 46
0 0 103 102
0 0 107 106
0 0 109 108
0 0 113 112
0 0 253 252
0 0 255 254
0 0 271 270
30 24 27 26
46 44 37 36
31 25 29 28
47 45 43 42
106 102 73 72
112 108 75 74
107 103 105 104
113 109 111 110
254 252 159 158
270 268 163 162
255 253 219 218
271 269 223 222
36 26 33 32
74 72 53 52
37 27 35 34
75 73 59 58
42 28 39 38
110 104 65 64
43 29 41 40
111 105 71 70
256 158 139 138
264 162 141 140
260 159 161 160
266 163 165 164
302 218 191 190
265 222 193 192
304 219 221 220
267 223 225 224
52 32 49 48
140 138 81 80
53 33 51 50
141 139 89 88
58 34 55 54
164 160 95 94
59 35 57 56
165 161 101 100
64 38 61 60
192 190 119 118
65 39 63 62
193 191 125 124
70 40 67 66
224 220 131 130
71 41 69 68
225 221 137 136
80 48 77 76
-1 49 79 78
-1 81 83 82
88 50 85 84
89 51 87 86
94 54 91 90
95 55 93 92
100 56 97 96
101 57 99 98
118 60 115 114
119 61 117 116
124 62 121 120
125 63 123 122
130 66 127 126
131 67 129 128
136 68 133 132
137 69 135 134
171 90 1 1
170 91 1 1
177 92 1 1
176 93 1 1
183 96 1 1
182 97 1 1
189 98 1 1
188 99 1 1
199 114 1 1
198 115 1 1
205 116 1 1
204 117 1 1
211 120 1 1
210 121 1 1
217 122 1 1
216 123 1 1
231 126 227 226
230 127 229 228
237 128 1 1
236 129 1 1
242 132 1 1
251 134 1 1
250 135 1 1
258 76 143 142
262 77 145 144
82 78 147 146
83 79 149 148
259 84 151 150
263 85 153 152
288 86 155 154
292 87 157 156
-1 133 241 240
274 144 171 170
275 145 177 176
272 142 183 182
273 143 189 188
286 152 199 198
287 153 205 204
284 150 211 210
285 151 217 216
298 156 231 230
299 157 237 236
296 154 243 242
297 155 251 250
-1 226 257 256
-1 227 261 260
245 241 269 268
290 146 277 276
-1 228 303 302
-1 229 305 304
244 240 307 306
291 148 281 280
295 149 283 282
-1 147 279 278
-1 306 265 264
-1 307 267 266
-1 257 259 258
-1 261 263 262
301 277 273 272
300 276 275 274
309 281 285 284
308 280 287 286
-1 303 289 288
-1 305 293 292
311 283 297 296
310 282 299 298
-1 243 245 244
312 278 315 314
313 279 323 322
318 314 301 300
324 322 309 308
325 323 311 310
-1 289 291 290
-1 293 295 294
-1 315 317 316
320 316 319 318
-1 294 313 312
321 317 325 324
-1 319 321 320
