0 0 25 24
0 0 31 30
0 0 45 44
0 0 47 46
0 0 107 106
0 0 111 110
0 0 113 112
0 0 117 116
0 0 399 398
0 0 401 400
0 0 435 434
30 24 27 26
46 44 37 36
31 25 29 28
47 45 43 42
110 106 75 74
116 112 77 76
111 107 109 108
117 113 115 114
401 399 341 340
435 433 343 342
400 398 397 396
434 432 427 426
36 26 33 32
76 74 53 52
37 27 35 34
77 75 59 58
42 28 39 38
114 108 65 64
43 29 41 40
115 109 73 72
340 336 213 212
428 342 215 214
396 394 247 246
429 426 251 250
397 395 309 308
431 427 313 312
341 337 339 338
430 343 345 344
52 32 49 48
53 33 51 50
58 34 55 54
59 35 57 56
64 38 61 60
72 40 69 68
73 41 71 70
214 212 163 162
215 213 207 206
250 246 219 218
251 247 249 248
312 308 281 280
313 309 311 310
344 338 347 346
-1 39 63 62
-1 65 67 66
-1 339 375 374
-1 345 377 376
128 68 125 124
166 162 137 136
82 48 79 78
220 218 143 142
83 49 81 80
221 219 149 148
88 50 85 84
254 248 155 154
89 51 87 86
255 249 161 160
129 69 127 126
167 163 165 164
104 56 101 100
316 310 173 172
105 57 103 102
317 311 179 178
134 70 131 130
210 206 183 182
122 60 119 118
348 346 199 198
123 61 121 120
349 347 205 204
135 71 133 132
211 207 209 208
-1 280 283 282
-1 54 91 90
-1 281 285 284
-1 55 93 92
180 62 187 186
184 66 191 190
181 63 189 188
185 67 193 192
440 374 437 436
378 376 443 442
441 375 439 438
379 377 445 444
136 124 83 82
137 125 89 88
164 126 95 94
165 127 105 104
182 130 123 122
208 132 129 128
209 133 135 134
-1 131 181 180
-1 183 185 184
142 78 139 138
143 79 141 140
148 80 145 144
149 81 147 146
154 84 151 150
155 85 153 152
160 86 157 156
161 87 159 158
172 100 169 168
173 101 171 170
178 102 175 174
179 103 177 176
198 118 195 194
199 119 197 196
204 120 201 200
205 121 203 202
190 186 381 380
442 436 387 386
191 187 383 382
443 437 389 388
192 188 385 384
444 438 391 390
445 439 393 392
284 92 301 300
285 93 303 302
282 90 293 292
283 91 295 294
392 189 357 356
393 193 361 360
322 170 217 216
227 138 1 1
226 139 1 1
233 140 1 1
232 141 1 1
239 144 1 1
238 145 1 1
245 146 1 1
244 147 1 1
318 168 253 252
261 150 1 1
260 151 1 1
267 152 1 1
266 153 1 1
273 156 1 1
272 157 1 1
279 158 1 1
278 159 1 1
-1 94 97 96
-1 95 99 98
319 169 315 314
329 174 1 1
328 175 1 1
335 176 1 1
334 177 1 1
356 194 -1 350
357 195 -1 351
360 196 -1 358
361 197 -1 359
367 200 363 362
366 201 1 1
373 202 369 1
372 203 1 1
323 171 321 320
307 303 227 226
306 302 233 232
299 295 239 238
298 294 245 244
386 380 261 260
387 381 267 266
388 382 273 272
389 383 279 278
304 300 319 318
305 301 323 322
296 292 329 328
297 293 335 334
390 384 367 366
391 385 373 372
-1 369 433 432
-1 321 379 378
448 216 167 166
450 217 211 210
447 252 221 220
451 253 255 254
449 314 287 286
453 315 317 316
452 320 349 348
-1 362 429 428
-1 363 431 430
290 98 305 304
291 99 307 306
288 96 297 296
289 97 299 298
359 350 353 352
358 351 355 354
-1 286 289 288
-1 287 291 290
-1 352 403 402
-1 353 408 407
-1 354 411 410
-1 355 414 413
422 410 337 336
420 407 395 394
418 413 416 415
424 402 405 404
419 403 -1 406
423 411 -1 412
421 408 -1 409
425 414 -1 417
-1 415 419 418
-1 416 421 420
-1 404 423 422
-1 405 425 424
-1 409 447 446
-1 406 449 448
-1 417 451 450
-1 412 453 452
-1 446 441 440
