0 0 25 24
0 0 31 30
0 0 45 44
0 0 47 46
0 0 103 102
0 0 107 106
0 0 109 108
0 0 113 112
0 0 159 158
0 0 163 162
0 0 169 168
30 24 27 26
46 44 37 36
31 25 29 28
47 45 43 42
106 102 69 68
112 108 71 70
107 103 105 104
113 109 111 110
162 158 155 154
168 164 157 156
163 159 161 160
169 165 167 166
36 26 33 32
70 68 53 52
37 27 35 34
71 69 59 58
42 28 39 38
43 29 41 40
110 104 147 146
156 154 151 150
111 105 149 148
157 155 153 152
166 160 171 170
167 161 173 172
52 32 49 48
170 115 77 76
53 33 51 50
171 117 83 82
58 34 55 54
172 131 91 90
59 35 57 56
173 133 101 100
114 38 61 60
150 146 123 122
116 39 63 62
151 147 129 128
130 40 65 64
152 148 139 138
132 41 67 66
153 149 145 144
76 48 73 72
77 49 75 74
82 50 79 78
-1 51 81 80
-1 83 85 84
-1 54 87 86
-1 90 93 92
-1 55 89 88
-1 91 95 94
100 56 97 96
101 57 99 98
138 64 135 134
122 60 119 118
123 61 121 120
128 62 125 124
129 63 127 126
139 65 137 136
144 66 141 140
145 67 143 142
258 72 1 1
256 73 1 1
262 74 1 1
260 75 1 1
187 78 183 182
186 79 185 184
205 96 1 1
204 97 1 1
211 98 1 1
210 99 1 1
217 134 213 212
216 135 215 214
259 118 1 1
257 119 1 1
263 120 1 1
261 121 1 1
231 124 1 1
230 125 1 1
237 126 1 1
236 127 1 1
243 136 1 1
242 137 1 1
249 140 1 1
248 141 1 1
255 142 251 1
254 143 1 1
84 80 189 188
85 81 191 190
92 86 193 192
93 87 195 194
94 88 197 196
95 89 199 198
-1 251 165 164
-1 212 115 114
-1 213 117 116
-1 214 131 130
-1 215 133 132
266 188 187 186
280 192 205 204
281 193 211 210
286 198 217 216
284 196 231 230
285 197 237 236
287 199 243 242
282 194 249 248
283 195 255 254
-1 184 257 256
-1 185 259 258
-1 182 261 260
-1 183 263 262
-1 189 265 264
-1 190 271 270
-1 191 273 272
268 264 267 266
269 265 275 274
276 270 281 280
277 271 283 282
278 272 285 284
279 273 287 286
-1 267 269 268
-1 274 277 276
-1 275 279 278
