0 0 25 24
0 0 31 30
0 0 51 50
0 0 53 52
0 0 97 96
0 0 101 100
0 0 103 102
0 0 107 106
0 0 249 248
0 0 251 250
0 0 255 254
30 24 27 26
52 50 37 36
31 25 29 28
53 51 47 46
100 96 89 88
106 102 95 94
101 97 99 98
107 103 105 104
251 249 197 196
255 253 201 200
250 248 245 244
254 252 247 246
-1 26 33 32
-1 36 39 38
-1 27 35 34
-1 37 41 40
46 28 43 42
104 98 67 66
-1 29 45 44
-1 47 49 48
95 88 91 90
94 89 93 92
-1 99 117 116
-1 105 119 118
200 196 179 178
246 244 185 184
247 245 191 190
-1 197 199 198
-1 201 203 202
38 32 55 54
39 33 57 56
40 34 59 58
41 35 61 60
-1 90 109 108
-1 91 111 110
-1 92 113 112
-1 93 115 114
66 42 63 62
178 126 125 124
67 43 65 64
179 127 131 130
48 44 69 68
118 116 139 138
49 45 71 70
119 117 145 144
185 120 181 180
184 121 183 182
191 122 187 186
190 123 189 188
202 198 257 256
203 199 259 258
108 54 73 72
110 55 75 74
109 56 77 76
111 57 79 78
112 58 81 80
114 59 83 82
113 60 85 84
115 61 87 86
130 64 127 126
124 62 121 120
125 63 123 122
-1 65 129 128
-1 131 133 132
138 68 135 134
258 194 209 208
139 69 137 136
259 195 215 214
144 70 141 140
256 192 221 220
145 71 143 142
257 193 227 226
-1 182 229 228
-1 183 231 230
-1 180 233 232
-1 181 235 234
-1 188 237 236
-1 189 239 238
-1 186 241 240
-1 187 243 242
230 72 1 1
228 73 1 1
234 74 1 1
232 75 1 1
231 76 1 1
229 77 1 1
235 78 1 1
233 79 1 1
238 80 1 1
236 81 1 1
242 82 1 1
240 83 1 1
239 84 1 1
237 85 1 1
243 86 1 1
241 87 1 1
209 134 1 1
208 135 1 1
215 136 1 1
214 137 1 1
221 140 1 1
220 141 1 1
227 142 223 1
226 143 1 1
132 128 193 192
133 129 195 194
-1 223 253 252
