0 0 25 24
0 0 31 30
0 0 45 44
0 0 47 46
0 0 103 102
0 0 107 106
0 0 109 108
0 0 113 112
0 0 389 388
0 0 393 392
0 0 431 430
30 24 27 26
46 44 37 36
31 25 29 28
47 45 43 42
106 102 75 74
112 108 77 76
107 103 105 104
113 109 111 110
393 389 331 330
438 431 335 334
392 388 391 390
436 430 419 418
36 26 33 32
76 74 53 52
37 27 35 34
77 75 59 58
42 28 39 38
110 104 67 66
43 29 41 40
111 105 73 72
400 330 237 236
426 334 239 238
394 390 255 254
427 418 259 258
397 391 303 302
429 419 307 306
403 331 333 332
428 335 337 336
52 32 49 48
53 33 51 50
58 34 55 54
-1 35 57 56
-1 59 61 60
66 38 63 62
67 39 65 64
72 40 69 68
73 41 71 70
238 236 165 164
239 237 231 230
258 254 241 240
259 255 257 256
306 302 277 276
336 332 345 344
337 333 363 362
-1 303 305 304
-1 307 309 308
130 68 127 126
168 164 139 138
82 48 79 78
242 240 145 144
83 49 81 80
243 241 151 150
88 50 85 84
256 244 157 156
89 51 87 86
257 245 163 162
131 69 129 128
169 165 167 166
94 54 91 90
276 246 179 178
95 55 93 92
277 247 185 184
60 56 97 96
-1 57 99 98
-1 61 101 100
136 70 133 132
234 230 205 204
118 62 115 114
344 250 211 210
119 63 117 116
345 251 217 216
124 64 121 120
362 252 223 222
125 65 123 122
363 253 229 228
137 71 135 134
235 231 233 232
308 304 421 420
-1 305 423 422
-1 309 425 424
138 126 83 82
139 127 89 88
166 128 95 94
204 132 119 118
205 133 125 124
232 134 131 130
233 135 137 136
-1 129 171 170
-1 167 173 172
151 81 149 148
144 78 141 140
145 79 143 142
150 80 147 146
156 84 153 152
157 85 155 154
162 86 159 158
163 87 161 160
178 90 175 174
179 91 177 176
184 92 181 180
185 93 183 182
190 96 187 186
441 421 315 314
191 97 189 188
440 420 321 320
100 98 193 192
101 99 195 194
210 114 207 206
211 115 209 208
216 116 213 212
217 117 215 214
222 120 219 218
223 121 221 220
228 122 225 224
229 123 227 226
424 422 443 442
425 423 445 444
338 148 169 168
172 170 191 190
-1 171 197 196
-1 173 199 198
340 149 235 234
410 140 243 242
412 141 245 244
464 152 1 1
462 153 1 1
468 154 1 1
466 155 1 1
472 158 1 1
470 159 1 1
476 160 1 1
474 161 1 1
339 142 247 246
283 174 1 1
282 175 1 1
289 176 1 1
288 177 1 1
295 180 1 1
294 181 1 1
301 182 1 1
300 183 1 1
315 186 311 310
314 187 313 312
321 188 317 316
320 189 319 318
411 146 251 250
465 206 1 1
463 207 1 1
469 208 1 1
467 209 1 1
473 212 1 1
471 213 1 1
477 214 1 1
475 215 1 1
413 147 253 252
326 218 -1 364
458 219 -1 365
327 220 -1 370
459 221 -1 371
329 224 -1 376
461 225 -1 377
387 226 1 1
386 227 1 1
-1 143 249 248
200 192 323 322
450 442 455 454
201 193 325 324
451 443 457 456
202 194 327 326
452 444 459 458
203 195 329 328
453 445 461 460
454 322 283 282
455 323 289 288
456 324 295 294
457 325 301 300
198 196 201 200
199 197 203 202
460 328 387 386
-1 364 367 366
-1 365 369 368
-1 370 373 372
-1 371 375 374
342 248 441 440
-1 249 447 446
-1 318 463 462
-1 319 465 464
-1 316 467 466
-1 317 469 468
-1 312 471 470
-1 313 473 472
-1 310 475 474
-1 311 477 476
-1 376 379 378
-1 377 381 380
368 366 407 406
369 367 409 408
374 372 415 414
375 373 417 416
437 379 -1 432
439 381 -1 435
448 446 451 450
449 447 453 452
380 378 479 478
-1 406 395 394
-1 407 398 397
-1 414 401 400
-1 415 404 403
408 395 -1 396
409 398 -1 399
416 401 -1 402
417 404 -1 405
435 432 434 433
-1 478 437 436
-1 479 439 438
-1 402 339 338
-1 405 341 340
-1 396 411 410
-1 399 413 412
-1 433 427 426
-1 434 429 428
-1 341 343 342
-1 343 449 448
