0 0 143 142
0 0 147 146
0 0 149 148
0 0 153 152
0 0 244 243
0 0 248 247
0 0 250 249
0 0 254 253
0 0 260 259
0 0 262 261
0 0 266 265
146 142 87 86
152 148 89 88
247 243 107 106
253 249 111 110
259 255 113 112
265 261 117 116
147 143 145 144
153 149 151 150
248 244 246 245
254 250 252 251
260 256 258 257
266 262 264 263
88 86 37 36
110 106 39 38
116 112 43 42
89 87 63 62
150 144 69 68
151 145 74 73
111 107 109 108
117 113 115 114
251 245 338 337
263 257 346 345
252 246 340 339
264 258 352 351
36 32 25 24
42 38 31 30
37 33 35 34
43 39 41 40
63 45 61 60
115 109 129 128
62 44 59 58
114 108 141 140
68 48 65 64
69 49 67 66
73 50 71 70
227 74 -1 75
345 337 342 341
346 338 344 343
351 339 348 347
352 340 350 349
30 24 27 26
31 25 29 28
128 60 81 80
40 34 91 90
41 35 93 92
140 58 137 136
141 59 139 138
129 61 127 126
158 64 155 154
341 120 191 190
159 65 157 156
342 121 197 196
164 66 161 160
343 124 203 202
165 67 163 162
344 125 209 208
170 70 167 166
347 333 217 216
171 71 169 168
348 334 223 222
-1 75 175 174
391 349 388 387
-1 350 390 389
47 27 33 32
84 80 57 56
46 26 45 44
52 28 49 48
53 29 51 50
85 81 83 82
133 127 135 134
176 136 159 158
177 137 165 164
180 138 171 170
132 126 185 184
-1 139 179 178
98 90 95 94
99 91 97 96
104 92 101 100
105 93 103 102
-1 387 326 325
-1 388 330 329
-1 174 234 233
190 154 187 186
191 155 189 188
196 156 193 192
197 157 195 194
202 160 199 198
203 161 201 200
208 162 205 204
209 163 207 206
216 166 213 212
217 167 215 214
222 168 219 218
223 169 221 220
394 390 396 395
393 389 401 400
234 175 -1 235
56 54 47 46
57 55 53 52
325 315 77 76
134 130 85 84
82 78 99 98
83 79 105 104
-1 400 119 118
-1 401 123 122
224 51 -1 72
210 184 177 176
211 185 181 180
135 131 133 132
182 178 237 236
183 179 239 238
233 230 256 255
287 94 1 1
283 95 1 1
295 96 1 1
291 97 1 1
303 100 1 1
299 101 1 1
311 102 1 1
307 103 1 1
329 319 322 321
-1 326 328 327
-1 330 332 331
418 186 1 1
416 187 1 1
422 188 1 1
420 189 1 1
426 192 1 1
424 193 1 1
430 194 1 1
428 195 1 1
395 316 318 317
288 198 1 1
284 199 1 1
296 200 1 1
292 201 1 1
304 204 1 1
300 205 1 1
312 206 1 1
308 207 1 1
419 212 1 1
417 213 1 1
423 214 1 1
421 215 1 1
427 218 1 1
425 219 1 1
431 220 1 1
429 221 1 1
396 320 324 323
235 232 415 414
118 76 55 54
122 77 79 78
331 322 131 130
327 321 211 210
-1 236 225 224
-1 72 173 172
-1 181 183 182
-1 414 316 315
-1 415 320 319
317 119 121 120
318 123 125 124
328 323 334 333
-1 237 241 240
-1 324 386 385
-1 332 336 335
238 225 -1 226
241 239 -1 242
-1 172 231 230
397 240 392 391
385 335 403 402
386 336 405 404
231 173 -1 232
229 226 449 448
399 242 455 454
-1 392 394 393
467 403 409 408
462 402 407 406
468 405 413 412
463 404 411 410
-1 448 451 450
-1 449 453 452
-1 454 457 456
-1 455 459 458
452 408 433 432
450 409 435 434
458 406 437 436
456 407 439 438
453 412 441 440
451 413 443 442
459 410 445 444
457 411 447 446
-1 434 284 283
-1 435 288 287
-1 432 292 291
-1 433 296 295
-1 438 300 299
-1 439 304 303
-1 436 308 307
-1 437 312 311
-1 442 417 416
-1 443 419 418
-1 440 421 420
-1 441 423 422
-1 446 425 424
-1 447 427 426
-1 444 429 428
-1 445 431 430
-1 474 228 227
470 228 -1 229
-1 476 398 397
472 398 -1 399
-1 471 461 460
-1 460 463 462
475 461 -1 464
-1 464 471 470
-1 473 466 465
-1 465 468 467
477 466 -1 469
-1 469 473 472
-1 482 475 474
-1 487 477 476
-1 480 479 478
-1 478 481 480
481 479 -1 482
-1 485 484 483
-1 483 486 485
486 484 -1 487
