0 0 -1 25
0 0 -1 27
0 0 -1 31
164 0 -1 32
0 0 -1 37
0 0 -1 40
0 0 80 79
0 0 82 81
0 0 141 140
0 0 145 144
0 0 153 152
0 0 155 154
31 25 -1 26
32 27 -1 28
40 37 39 38
81 79 71 70
82 80 78 77
145 141 109 108
155 153 113 112
144 140 143 142
154 152 151 150
28 26 30 29
43 38 -1 41
44 39 -1 42
70 55 68 67
109 56 -1 69
113 71 -1 72
77 57 74 73
78 58 76 75
150 142 147 146
151 143 149 148
112 108 111 110
41 29 34 33
42 30 36 35
74 48 62 61
147 123 66 65
67 53 84 83
111 64 102 101
68 54 86 85
110 63 107 106
-1 69 88 87
-1 72 90 89
73 47 92 91
146 122 127 126
75 49 94 93
149 125 133 132
76 50 96 95
148 124 139 138
119 35 52 51
65 61 60 59
121 36 54 53
118 33 48 47
120 34 50 49
102 83 1 1
101 84 1 1
107 85 -1 103
106 86 1 1
89 87 115 114
133 93 1 1
132 94 1 1
139 95 1 1
138 96 1 1
126 91 123 122
127 92 125 124
66 62 64 63
157 88 -1 116
159 90 -1 117
-1 103 161 160
59 51 56 55
60 52 58 57
-1 116 119 118
-1 117 121 120
-1 114 157 156
-1 115 159 158
163 160 -1 162
156 45 -1 43
158 46 -1 44
-1 161 164 163
-1 162 46 45
