0 0 -1 25
0 0 -1 28
0 0 34 33
0 0 38 37
0 0 52 51
0 0 54 53
0 0 108 107
0 0 112 111
0 0 114 113
0 0 118 117
0 0 -1 141
175 0 -1 144
28 25 27 26
37 33 -1 35
38 34 -1 36
53 51 44 43
54 52 50 49
111 107 80 79
117 113 82 81
112 108 110 109
118 114 116 115
144 141 143 142
35 26 30 29
36 27 32 31
43 29 40 39
81 79 60 59
44 30 42 41
82 80 66 65
49 31 46 45
115 109 72 71
50 32 48 47
116 110 77 76
149 142 146 145
150 143 148 147
59 39 56 55
60 40 58 57
65 41 62 61
66 42 64 63
71 45 68 67
72 46 70 69
156 48 -1 75
92 77 -1 78
76 47 74 73
167 145 154 153
169 146 156 155
168 147 158 157
170 148 160 159
158 84 88 87
157 83 94 93
100 61 1 1
99 62 1 1
160 86 100 99
106 63 1 1
105 64 1 1
159 85 106 105
124 67 1 1
123 68 1 1
154 90 124 123
130 69 1 1
129 70 1 1
153 89 130 129
140 73 136 1
139 74 1 1
155 91 140 139
93 57 90 89
94 58 92 91
87 55 84 83
88 56 86 85
-1 75 132 131
-1 78 134 133
-1 136 176 175
162 132 -1 163
165 134 -1 166
133 131 174 173
-1 176 152 151
-1 173 162 161
-1 174 165 164
166 163 172 171
161 151 -1 149
164 152 -1 150
-1 171 168 167
-1 172 170 169
