0 0 26 25
0 0 30 29
0 0 38 37
0 0 42 41
0 0 50 49
0 0 54 53
0 0 62 61
0 0 66 65
0 0 74 73
0 0 76 75
122 0 78 77
0 0 80 79
73 25 -1 27
75 29 -1 31
81 26 -1 28
83 30 -1 32
112 37 -1 39
118 41 -1 43
113 38 -1 40
119 42 -1 44
74 49 -1 51
76 53 -1 55
82 50 -1 52
84 54 -1 56
77 61 -1 63
79 65 -1 67
78 62 -1 64
80 66 -1 68
31 27 34 33
68 64 72 71
32 28 36 35
67 63 70 69
56 52 60 59
43 39 46 45
55 51 58 57
44 40 48 47
71 33 86 85
59 45 98 97
72 34 88 87
60 46 104 103
69 35 90 89
57 47 109 108
58 36 -1 91
70 48 -1 92
98 85 1 1
97 86 1 1
104 87 1 1
103 88 1 1
109 89 -1 105
108 90 1 1
-1 91 111 110
-1 92 113 112
-1 105 115 114
116 110 82 81
-1 111 117 116
121 114 -1 120
-1 115 122 121
-1 117 119 118
-1 120 84 83
