0 0 -1 25
0 0 -1 28
0 0 34 33
0 0 38 37
0 0 52 51
0 0 54 53
0 0 108 107
0 0 112 111
0 0 114 113
0 0 118 117
0 0 -1 144
176 0 -1 147
28 25 27 26
37 33 -1 35
38 34 -1 36
53 51 44 43
54 52 50 49
111 107 80 79
117 113 82 81
112 108 110 109
118 114 116 115
147 144 146 145
35 26 30 29
36 27 32 31
43 29 40 39
81 79 60 59
44 30 42 41
82 80 66 65
49 31 46 45
115 109 72 71
50 32 48 47
116 110 78 77
154 145 149 148
155 146 151 150
59 39 56 55
60 40 58 57
65 41 62 61
66 42 64 63
71 45 68 67
72 46 70 69
77 47 74 73
78 48 76 75
168 148 159 158
170 149 161 160
169 150 163 162
171 151 165 164
163 84 88 87
162 83 94 93
100 61 1 1
99 62 1 1
165 86 100 99
106 63 1 1
105 64 1 1
164 85 106 105
124 67 1 1
123 68 1 1
159 90 124 123
130 69 1 1
129 70 1 1
158 89 130 129
135 73 1 1
161 92 136 135
143 75 -1 139
142 76 1 1
160 91 143 142
-1 74 134 133
93 57 90 89
94 58 92 91
87 55 84 83
88 56 86 85
-1 139 173 172
138 134 153 152
137 133 167 166
-1 136 138 137
175 172 -1 174
156 152 -1 154
157 153 -1 155
-1 173 176 175
-1 166 169 168
-1 167 171 170
-1 174 157 156
