0 0 26 25
0 0 32 31
0 0 46 45
0 0 48 47
0 0 104 103
0 0 108 107
0 0 110 109
0 0 114 113
0 0 258 257
0 0 260 259
313 0 262 261
0 0 264 263
31 25 28 27
47 45 38 37
32 26 30 29
48 46 44 43
107 103 74 73
113 109 76 75
108 104 106 105
114 110 112 111
259 257 160 159
263 261 164 163
260 258 222 221
264 262 226 225
37 27 34 33
75 73 54 53
38 28 36 35
76 74 60 59
43 29 40 39
111 105 66 65
44 30 42 41
112 106 72 71
163 159 140 139
164 160 162 161
225 221 194 193
226 222 224 223
53 33 50 49
141 139 82 81
54 34 52 51
142 140 90 89
59 35 56 55
167 161 96 95
60 36 58 57
168 162 102 101
65 39 62 61
195 193 120 119
66 40 64 63
196 194 126 125
71 41 68 67
229 223 132 131
72 42 70 69
230 224 138 137
81 49 78 77
-1 50 80 79
-1 82 84 83
89 51 86 85
90 52 88 87
95 55 92 91
96 56 94 93
101 57 98 97
102 58 100 99
119 61 116 115
120 62 118 117
125 63 122 121
126 64 124 123
131 67 128 127
132 68 130 129
137 69 134 133
138 70 136 135
174 91 1 1
173 92 1 1
180 93 1 1
179 94 1 1
186 97 1 1
185 98 1 1
192 99 1 1
191 100 1 1
202 115 1 1
201 116 1 1
208 117 1 1
207 118 1 1
214 121 1 1
213 122 1 1
220 123 1 1
219 124 1 1
236 127 232 231
235 128 234 233
242 129 1 1
241 130 1 1
247 133 1 1
256 135 252 1
255 136 1 1
273 77 144 143
275 78 146 145
83 79 148 147
84 80 150 149
274 85 152 151
276 86 154 153
293 87 156 155
297 88 158 157
-1 134 246 245
-1 252 314 313
279 145 174 173
280 146 180 179
277 143 186 185
278 144 192 191
291 153 202 201
292 154 208 207
289 151 214 213
290 152 220 219
303 157 236 235
304 158 242 241
301 155 248 247
302 156 256 255
250 246 270 269
-1 231 274 273
-1 232 276 275
-1 233 294 293
-1 234 298 297
295 147 282 281
249 245 308 307
296 149 286 285
300 150 288 287
-1 148 284 283
-1 314 272 271
271 269 166 165
272 270 228 227
-1 307 266 265
-1 308 268 267
306 282 278 277
305 281 280 279
310 286 290 289
309 285 292 291
312 288 302 301
311 287 304 303
-1 248 250 249
-1 294 296 295
-1 298 300 299
315 283 318 317
316 284 326 325
265 165 142 141
267 166 168 167
266 227 196 195
268 228 230 229
321 317 306 305
327 325 310 309
328 326 312 311
-1 299 316 315
-1 318 320 319
323 319 322 321
324 320 328 327
-1 322 324 323
