0 0 26 25
0 0 32 31
0 0 46 45
0 0 48 47
0 0 108 107
0 0 112 111
0 0 114 113
0 0 118 117
0 0 387 386
0 0 391 390
434 0 395 394
0 0 397 396
31 25 28 27
47 45 38 37
32 26 30 29
48 46 44 43
111 107 76 75
117 113 78 77
112 108 110 109
118 114 116 115
391 387 336 335
397 395 340 339
390 386 389 388
396 394 393 392
37 27 34 33
77 75 54 53
38 28 36 35
78 76 60 59
43 29 40 39
115 109 66 65
44 30 42 41
116 110 74 73
339 335 230 229
392 388 262 261
393 389 310 309
340 336 338 337
53 33 50 49
54 34 52 51
59 35 56 55
60 36 58 57
65 39 62 61
73 41 70 69
74 42 72 71
400 229 168 167
402 230 224 223
399 261 234 233
403 262 264 263
401 309 302 301
405 310 312 311
398 337 346 345
-1 40 64 63
-1 66 68 67
-1 338 375 374
133 69 130 129
171 167 142 141
83 49 80 79
235 233 148 147
84 50 82 81
236 234 154 153
89 51 86 85
267 263 160 159
90 52 88 87
268 264 166 165
134 70 132 131
172 168 170 169
105 57 102 101
315 311 186 185
106 58 104 103
316 312 192 191
139 71 136 135
227 223 196 195
123 61 120 119
347 345 204 203
124 62 122 121
348 346 210 209
140 72 138 137
228 224 226 225
308 301 304 303
307 302 306 305
-1 55 92 91
-1 56 94 93
67 63 126 125
68 64 128 127
406 374 409 408
407 375 411 410
141 129 84 83
142 130 90 89
169 131 96 95
170 132 106 105
195 135 124 123
225 137 134 133
226 138 140 139
147 79 144 143
148 80 146 145
153 81 150 149
154 82 152 151
159 85 156 155
160 86 158 157
165 87 162 161
166 88 164 163
-1 303 318 317
-1 304 320 319
-1 305 322 321
-1 306 324 323
185 101 182 181
186 102 184 183
191 103 188 187
192 104 190 189
203 119 200 199
204 120 202 201
209 121 206 205
210 122 208 207
-1 136 194 193
-1 196 198 197
97 91 174 173
98 92 176 175
99 93 178 177
100 94 180 179
215 125 212 211
420 408 379 378
216 126 214 213
421 409 381 380
221 127 218 217
422 410 383 382
222 128 220 219
423 411 385 384
-1 95 98 97
-1 96 100 99
299 183 232 231
242 143 1 1
241 144 1 1
248 145 1 1
247 146 1 1
254 149 1 1
253 150 1 1
260 151 1 1
259 152 1 1
297 181 266 265
274 155 1 1
273 156 1 1
280 157 1 1
279 158 1 1
286 161 1 1
285 162 1 1
292 163 1 1
291 164 1 1
298 182 314 313
294 187 1 1
293 188 1 1
296 189 1 1
295 190 1 1
354 199 350 349
353 200 352 351
360 201 1 1
359 202 1 1
367 205 -1 361
368 206 -1 362
373 207 -1 369
372 208 1 1
300 184 326 325
197 193 216 215
198 194 222 221
324 180 242 241
322 179 248 247
320 176 254 253
318 175 260 259
378 211 274 273
379 212 280 279
380 213 286 285
381 214 292 291
321 177 298 297
323 178 300 299
317 173 294 293
319 174 296 295
384 219 354 353
385 220 360 359
382 217 368 367
383 218 373 372
-1 369 427 426
341 231 172 171
343 232 228 227
414 265 236 235
418 266 268 267
342 313 308 307
344 314 316 315
-1 351 342 341
-1 352 344 343
419 325 348 347
-1 349 415 414
-1 350 419 418
-1 326 377 376
-1 361 364 363
-1 362 366 365
435 426 -1 432
436 427 434 433
-1 415 417 416
416 376 421 420
417 377 423 422
431 366 403 402
428 363 -1 412
430 365 -1 413
429 364 425 424
-1 432 405 404
-1 433 436 435
-1 424 429 428
-1 425 431 430
-1 412 399 398
-1 413 401 400
-1 404 407 406
