0 0 26 25
0 0 32 31
0 0 46 45
0 0 48 47
0 0 104 103
0 0 108 107
0 0 110 109
0 0 114 113
0 0 237 236
0 0 239 238
316 0 241 240
0 0 243 242
31 25 28 27
47 45 38 37
32 26 30 29
48 46 44 43
107 103 76 75
113 109 78 77
108 104 106 105
114 110 112 111
238 236 158 157
242 240 162 161
239 237 212 211
243 241 216 215
37 27 34 33
77 75 54 53
38 28 36 35
78 76 60 59
43 29 40 39
111 105 66 65
44 30 42 41
112 106 74 73
161 157 138 137
162 158 160 159
215 211 184 183
216 212 214 213
53 33 50 49
139 137 84 83
54 34 52 51
140 138 90 89
59 35 56 55
165 159 96 95
60 36 58 57
166 160 102 101
65 39 62 61
187 183 120 119
-1 40 64 63
-1 66 68 67
73 41 70 69
219 213 130 129
74 42 72 71
220 214 136 135
-1 184 186 185
83 49 80 79
84 50 82 81
89 51 86 85
90 52 88 87
95 55 92 91
96 56 94 93
101 57 98 97
102 58 100 99
119 61 116 115
120 62 118 117
67 63 122 121
189 185 204 203
68 64 124 123
190 186 210 209
129 69 126 125
130 70 128 127
135 71 132 131
136 72 134 133
254 79 1 1
252 80 1 1
258 81 1 1
256 82 1 1
262 85 1 1
260 86 1 1
268 87 1 1
266 88 1 1
274 91 1 1
270 92 1 1
282 93 1 1
278 94 1 1
288 97 1 1
286 98 1 1
292 99 1 1
290 100 1 1
289 115 1 1
287 116 1 1
293 117 1 1
291 118 1 1
255 125 1 1
253 126 1 1
259 127 1 1
257 128 1 1
261 131 1 1
269 133 -1 233
267 134 1 1
-1 132 232 231
203 121 200 199
204 122 202 201
209 123 206 205
210 124 208 207
-1 233 313 312
265 232 249 248
264 231 295 294
276 199 297 296
272 200 299 298
284 201 301 300
280 202 303 302
277 205 305 304
273 206 307 306
285 207 309 308
281 208 311 310
315 312 -1 314
250 248 164 163
251 249 218 217
-1 313 316 315
-1 294 245 244
-1 295 247 246
-1 302 253 252
-1 303 255 254
-1 300 257 256
-1 301 259 258
-1 298 261 260
-1 299 263 262
-1 296 267 266
-1 297 269 268
-1 310 271 270
-1 311 275 274
-1 308 279 278
-1 309 283 282
-1 306 287 286
-1 307 289 288
-1 304 291 290
-1 305 293 292
-1 314 251 250
244 163 140 139
246 164 166 165
245 217 188 187
247 218 220 219
-1 263 265 264
-1 279 281 280
-1 283 285 284
-1 271 273 272
-1 275 277 276
-1 188 190 189
