0 0 26 25
0 0 32 31
0 0 54 53
0 0 56 55
0 0 98 97
0 0 102 101
0 0 104 103
0 0 108 107
0 0 234 233
0 0 238 237
309 0 240 239
0 0 244 243
31 25 28 27
55 53 38 37
32 26 30 29
56 54 48 47
101 97 90 89
107 103 96 95
102 98 100 99
108 104 106 105
237 233 226 225
243 239 232 231
238 234 236 235
244 240 242 241
-1 27 34 33
-1 37 40 39
-1 28 36 35
-1 38 42 41
-1 29 44 43
-1 47 50 49
-1 30 46 45
-1 48 52 51
96 89 92 91
95 90 94 93
106 99 133 132
105 100 135 134
231 225 228 227
232 226 230 229
241 235 272 271
242 236 274 273
39 33 58 57
40 34 60 59
41 35 62 61
42 36 64 63
-1 91 110 109
-1 92 112 111
-1 93 114 113
-1 94 116 115
49 43 66 65
50 44 68 67
51 45 70 69
52 46 72 71
-1 132 137 136
-1 133 139 138
-1 134 141 140
-1 135 144 143
250 227 246 245
249 228 248 247
256 229 252 251
255 230 254 253
271 266 276 275
272 265 278 277
273 262 280 279
274 261 282 281
109 57 74 73
111 58 76 75
110 59 78 77
112 60 80 79
113 61 82 81
115 62 84 83
114 63 86 85
116 64 88 87
136 65 118 117
138 66 120 119
137 67 122 121
139 68 124 123
140 69 126 125
143 70 128 127
300 72 -1 131
302 141 -1 142
144 71 130 129
-1 247 210 209
-1 248 212 211
-1 245 214 213
-1 246 216 215
-1 253 218 217
-1 254 220 219
-1 251 222 221
-1 252 224 223
-1 277 292 291
-1 278 294 293
-1 275 296 295
-1 276 298 297
-1 281 300 299
-1 282 302 301
-1 279 304 303
-1 280 306 305
211 73 1 1
209 74 1 1
215 75 1 1
213 76 1 1
212 77 1 1
210 78 1 1
216 79 1 1
214 80 1 1
219 81 1 1
217 82 1 1
223 83 1 1
221 84 1 1
220 85 1 1
218 86 1 1
224 87 1 1
222 88 1 1
293 117 1 1
291 118 1 1
297 119 1 1
295 120 1 1
294 121 1 1
292 122 1 1
298 123 1 1
296 124 1 1
301 125 1 1
299 126 1 1
305 127 1 1
303 128 1 1
306 129 206 1
304 130 1 1
-1 131 202 201
-1 142 204 203
-1 206 310 309
288 202 -1 283
290 204 -1 286
203 201 308 307
-1 310 268 267
286 283 285 284
-1 307 288 287
-1 308 290 289
287 267 258 257
289 268 270 269
-1 284 260 259
-1 285 264 263
259 257 250 249
263 258 256 255
270 264 266 265
269 260 262 261
