0 0 26 25
0 0 32 31
0 0 46 45
0 0 48 47
0 0 104 103
0 0 108 107
0 0 110 109
0 0 114 113
0 0 394 393
0 0 398 397
465 0 402 401
0 0 404 403
31 25 28 27
47 45 38 37
32 26 30 29
48 46 44 43
107 103 76 75
113 109 78 77
108 104 106 105
114 110 112 111
398 394 332 331
404 402 336 335
397 393 396 395
403 401 400 399
37 27 34 33
77 75 54 53
38 28 36 35
78 76 60 59
43 29 40 39
111 105 68 67
44 30 42 41
112 106 74 73
335 331 238 237
399 395 256 255
400 396 304 303
336 332 334 333
53 33 50 49
54 34 52 51
59 35 56 55
-1 36 58 57
-1 60 62 61
67 39 64 63
68 40 66 65
73 41 70 69
74 42 72 71
239 237 166 165
240 238 232 231
259 255 242 241
260 256 258 257
307 303 278 277
339 333 348 347
340 334 366 365
-1 304 306 305
131 69 128 127
169 165 140 139
83 49 80 79
243 241 146 145
84 50 82 81
244 242 152 151
89 51 86 85
257 245 158 157
90 52 88 87
258 246 164 163
132 70 130 129
170 166 168 167
95 55 92 91
277 247 180 179
96 56 94 93
278 248 186 185
61 57 98 97
-1 58 100 99
-1 62 102 101
137 71 134 133
235 231 206 205
119 63 116 115
347 251 212 211
120 64 118 117
348 252 218 217
125 65 122 121
365 253 224 223
126 66 124 123
366 254 230 229
138 72 136 135
236 232 234 233
309 305 408 407
-1 306 410 409
139 127 84 83
140 128 90 89
167 129 96 95
205 133 120 119
206 134 126 125
233 135 132 131
234 136 138 137
-1 130 172 171
-1 168 174 173
152 82 150 149
145 79 142 141
146 80 144 143
151 81 148 147
157 85 154 153
158 86 156 155
163 87 160 159
164 88 162 161
179 91 176 175
180 92 178 177
185 93 182 181
186 94 184 183
191 97 188 187
428 408 316 315
192 98 190 189
427 407 322 321
101 99 194 193
102 100 196 195
211 115 208 207
212 116 210 209
217 117 214 213
218 118 216 215
223 121 220 219
224 122 222 221
229 123 226 225
230 124 228 227
411 409 430 429
412 410 432 431
341 149 170 169
173 171 192 191
-1 172 198 197
-1 174 200 199
343 150 236 235
423 141 244 243
425 142 246 245
451 153 1 1
449 154 1 1
455 155 1 1
453 156 1 1
459 159 1 1
457 160 1 1
463 161 1 1
461 162 1 1
342 143 248 247
284 175 1 1
283 176 1 1
290 177 1 1
289 178 1 1
296 181 1 1
295 182 1 1
302 183 1 1
301 184 1 1
316 187 312 311
315 188 314 313
322 189 318 317
321 190 320 319
424 147 252 251
452 207 1 1
450 208 1 1
456 209 1 1
454 210 1 1
460 213 1 1
458 214 1 1
464 215 1 1
462 216 1 1
426 148 254 253
372 219 368 367
371 220 370 369
378 221 1 1
377 222 1 1
383 225 1 1
392 227 388 1
391 228 1 1
-1 226 382 381
-1 144 250 249
203 195 328 327
439 431 446 445
201 193 324 323
437 429 442 441
202 194 326 325
438 430 444 443
204 196 330 329
440 432 448 447
-1 388 466 465
441 323 284 283
442 324 290 289
443 325 296 295
444 326 302 301
199 197 202 201
200 198 204 203
-1 369 342 341
-1 370 344 343
445 327 372 371
446 328 378 377
447 329 384 383
448 330 392 391
386 382 418 417
385 381 422 421
-1 367 424 423
-1 368 426 425
345 249 428 427
-1 250 434 433
-1 319 450 449
-1 320 452 451
-1 317 454 453
-1 318 456 455
-1 313 458 457
-1 314 460 459
-1 311 462 461
-1 312 464 463
-1 466 420 419
420 418 338 337
419 417 406 405
-1 421 414 413
-1 422 416 415
-1 384 386 385
-1 344 346 345
435 433 438 437
436 434 440 439
413 337 240 239
414 405 260 259
416 406 308 307
415 338 340 339
-1 346 436 435
-1 308 310 309
-1 310 412 411
