0 0 26 25
0 0 32 31
0 0 54 53
0 0 56 55
0 0 98 97
0 0 102 101
0 0 104 103
0 0 108 107
0 0 234 233
0 0 238 237
305 0 240 239
0 0 244 243
31 25 28 27
55 53 38 37
32 26 30 29
56 54 48 47
101 97 90 89
107 103 96 95
102 98 100 99
108 104 106 105
237 233 226 225
243 239 232 231
238 234 236 235
244 240 242 241
-1 27 34 33
-1 37 40 39
-1 28 36 35
-1 38 42 41
-1 29 44 43
-1 47 50 49
-1 30 46 45
-1 48 52 51
96 89 92 91
95 90 94 93
106 99 134 133
105 100 136 135
231 225 228 227
232 226 230 229
241 235 274 273
242 236 276 275
39 33 58 57
40 34 60 59
41 35 62 61
42 36 64 63
-1 91 110 109
-1 92 112 111
-1 93 114 113
-1 94 116 115
49 43 66 65
50 44 68 67
51 45 70 69
52 46 72 71
-1 133 138 137
-1 134 140 139
-1 135 142 141
-1 136 144 143
250 227 246 245
249 228 248 247
256 229 252 251
255 230 254 253
273 266 278 277
274 265 280 279
275 262 282 281
276 261 284 283
109 57 74 73
111 58 76 75
110 59 78 77
112 60 80 79
113 61 82 81
115 62 84 83
114 63 86 85
116 64 88 87
137 65 118 117
139 66 120 119
138 67 122 121
140 68 124 123
141 69 126 125
143 70 128 127
142 71 130 129
144 72 132 131
-1 247 210 209
-1 248 212 211
-1 245 214 213
-1 246 216 215
-1 253 218 217
-1 254 220 219
-1 251 222 221
-1 252 224 223
-1 279 290 289
-1 280 292 291
-1 277 294 293
-1 278 296 295
-1 283 298 297
-1 284 300 299
-1 281 302 301
-1 282 304 303
211 73 1 1
209 74 1 1
215 75 1 1
213 76 1 1
212 77 1 1
210 78 1 1
216 79 1 1
214 80 1 1
219 81 1 1
217 82 1 1
223 83 1 1
221 84 1 1
220 85 1 1
218 86 1 1
224 87 1 1
222 88 1 1
291 117 1 1
289 118 1 1
295 119 1 1
293 120 1 1
292 121 1 1
290 122 1 1
296 123 1 1
294 124 1 1
299 125 1 1
297 126 1 1
303 127 1 1
301 128 1 1
298 129 1 1
304 131 206 1
302 132 1 1
-1 130 204 203
-1 300 288 287
-1 206 306 305
288 204 268 267
287 203 286 285
-1 306 272 271
271 267 258 257
272 268 270 269
-1 285 260 259
-1 286 264 263
259 257 250 249
263 258 256 255
270 264 266 265
269 260 262 261
