0 0 -1 25
0 0 -1 28
0 0 34 33
0 0 38 37
0 0 -1 81
0 0 -1 83
0 0 -1 87
0 0 -1 88
0 0 -1 93
0 0 -1 96
115 0 100 99
0 0 104 103
28 25 27 26
37 33 -1 35
38 34 -1 36
87 81 -1 82
88 83 -1 84
96 93 95 94
103 99 -1 101
104 100 -1 102
35 26 30 29
36 27 32 31
84 82 86 85
101 94 -1 97
102 95 -1 98
47 29 40 39
48 30 42 41
63 31 44 43
64 32 46 45
97 85 90 89
98 86 92 91
56 39 1 1
55 40 1 1
89 75 56 55
62 41 1 1
61 42 1 1
90 76 62 61
71 43 68 1
91 77 72 71
92 78 80 79
79 45 76 75
80 46 78 77
-1 44 70 69
-1 68 116 115
73 69 110 109
-1 72 74 73
74 70 112 111
-1 116 114 113
113 111 50 49
114 112 66 65
-1 109 106 105
-1 110 108 107
105 49 -1 47
107 50 -1 48
106 65 -1 63
108 66 -1 64
