0 0 -1 26
0 0 -1 28
0 0 -1 32
0 0 -1 33
0 0 -1 38
0 0 -1 41
0 0 81 80
0 0 83 82
0 0 143 142
0 0 147 146
0 0 155 154
0 0 157 156
32 26 -1 27
33 28 -1 29
41 38 40 39
82 80 72 71
83 81 79 78
147 143 111 110
157 155 115 114
146 142 145 144
156 154 153 152
29 27 31 30
44 39 -1 42
45 40 -1 43
71 56 69 68
111 57 -1 70
115 72 -1 73
78 58 75 74
79 59 77 76
152 144 149 148
153 145 151 150
114 110 113 112
42 30 35 34
43 31 37 36
75 49 63 62
149 125 67 66
68 54 85 84
113 65 103 102
69 55 87 86
112 64 109 108
-1 70 89 88
-1 73 91 90
74 48 93 92
148 124 129 128
76 50 95 94
151 127 135 134
77 51 97 96
150 126 141 140
121 36 53 52
66 62 61 60
123 37 55 54
120 34 49 48
122 35 51 50
103 84 1 1
102 85 1 1
109 86 105 1
108 87 1 1
90 88 117 116
135 94 1 1
134 95 1 1
141 96 1 1
140 97 1 1
128 92 125 124
129 93 127 126
67 63 65 64
159 89 -1 118
161 91 -1 119
-1 105 47 46
60 52 57 56
61 53 59 58
-1 118 121 120
-1 119 123 122
-1 116 159 158
-1 117 161 160
158 46 -1 44
160 47 -1 45
