0 0 49 48
0 0 47 46
0 0 51 50
57 0 27 26
0 0 29 28
0 0 31 30
118 0 33 32
124 0 35 34
0 0 37 36
0 0 39 38
128 0 41 40
132 0 43 42
0 0 45 44
0 0 53 52
150 0 55 54
151 46 143 142
133 51 137 136
139 49 147 146
138 48 145 144
153 50 149 148
135 47 141 140
28 27 59 58
40 39 131 130
44 43 135 134
54 53 153 152
29 26 57 56
33 30 117 116
32 31 119 118
36 35 125 124
37 34 123 122
41 38 129 128
45 42 133 132
55 52 151 150
137 66 71 70
143 108 110 109
147 64 102 101
146 69 75 74
144 111 -1 81
145 90 92 91
141 97 115 114
142 113 -1 111
136 112 -1 107
140 72 -1 80
149 67 -1 72
148 68 -1 73
116 56 61 60
131 123 113 112
117 59 65 64
129 122 127 126
130 58 63 62
152 134 139 138
125 119 121 120
83 70 1 1
82 71 1 1
110 101 1 1
109 102 1 1
81 65 83 82
85 74 1 1
84 75 1 1
114 92 1 1
115 91 1 1
100 80 85 84
107 98 -1 108
99 73 -1 90
127 61 69 68
126 60 67 66
121 63 100 99
120 62 98 97
