0 0 27 26
0 0 33 32
0 0 47 46
0 0 49 48
0 0 107 106
0 0 111 110
0 0 113 112
0 0 117 116
0 0 163 162
0 0 167 166
0 0 169 168
0 0 173 172
32 26 29 28
48 46 39 38
33 27 31 30
49 47 45 44
110 106 75 74
116 112 77 76
111 107 109 108
117 113 115 114
166 162 159 158
172 168 161 160
167 163 165 164
173 169 171 170
38 28 35 34
76 74 55 54
39 29 37 36
77 75 61 60
44 30 41 40
45 31 43 42
114 108 151 150
160 158 155 154
115 109 153 152
161 159 157 156
170 164 175 174
171 165 177 176
54 34 51 50
174 144 83 82
55 35 53 52
175 145 89 88
60 36 57 56
176 148 95 94
61 37 59 58
177 149 101 100
66 40 63 62
154 150 123 122
67 41 65 64
155 151 129 128
72 42 69 68
156 152 135 134
73 43 71 70
157 153 141 140
82 50 79 78
83 51 81 80
140 70 137 136
88 52 85 84
89 53 87 86
94 56 91 90
95 57 93 92
-1 58 97 96
-1 100 103 102
-1 59 99 98
-1 101 105 104
122 62 119 118
123 63 121 120
128 64 125 124
129 65 127 126
134 68 131 130
135 69 133 132
141 71 139 138
142 78 67 66
146 79 73 72
143 80 145 144
147 81 149 148
183 136 179 178
182 137 1 1
258 84 1 1
254 85 1 1
264 86 1 1
262 87 1 1
197 90 193 192
196 91 195 194
217 118 1 1
216 119 1 1
223 120 1 1
222 121 1 1
229 124 1 1
228 125 1 1
235 126 1 1
234 127 1 1
241 130 1 1
240 131 1 1
247 132 1 1
246 133 1 1
253 138 1 1
252 139 1 1
202 92 199 198
203 93 201 200
102 96 205 204
103 97 207 206
104 98 209 208
105 99 211 210
-1 178 143 142
-1 179 147 146
276 210 183 182
263 198 197 196
265 199 203 202
270 204 217 216
271 205 223 222
272 206 229 228
273 207 235 234
274 208 241 240
275 209 247 246
277 211 253 252
-1 194 255 254
-1 195 259 258
-1 192 263 262
-1 193 265 264
-1 200 267 266
-1 201 269 268
266 256 271 270
267 257 273 272
268 260 275 274
269 261 277 276
-1 255 257 256
-1 259 261 260
