0 0 27 26
0 0 33 32
0 0 47 46
0 0 49 48
0 0 103 102
0 0 107 106
0 0 109 108
0 0 113 112
0 0 141 140
0 0 147 146
0 0 161 160
0 0 163 162
32 26 29 28
48 46 39 38
33 27 31 30
49 47 45 44
106 102 75 74
112 108 77 76
107 103 105 104
113 109 111 110
146 140 143 142
162 160 153 152
147 141 145 144
163 161 159 158
38 28 35 34
76 74 55 54
39 29 37 36
77 75 61 60
44 30 41 40
110 104 67 66
45 31 43 42
111 105 73 72
152 142 149 148
153 143 151 150
158 144 155 154
159 145 157 156
54 34 51 50
166 149 83 82
55 35 53 52
164 148 89 88
60 36 57 56
170 151 95 94
61 37 59 58
168 150 101 100
66 40 63 62
167 155 119 118
67 41 65 64
165 154 125 124
72 42 69 68
171 157 131 130
73 43 71 70
169 156 139 138
83 50 1 1
82 51 1 1
89 52 1 1
88 53 1 1
95 56 1 1
94 57 1 1
101 58 1 1
100 59 1 1
119 62 1 1
118 63 1 1
125 64 1 1
124 65 1 1
130 68 1 1
139 70 1 1
138 71 1 1
-1 69 129 128
-1 131 133 132
133 128 173 172
132 129 175 174
-1 172 165 164
-1 173 167 166
-1 174 169 168
-1 175 171 170
