0 0 27 26
0 0 33 32
0 0 47 46
0 0 49 48
0 0 103 102
0 0 107 106
0 0 109 108
0 0 113 112
0 0 139 138
0 0 145 144
0 0 159 158
0 0 161 160
32 26 29 28
48 46 39 38
33 27 31 30
49 47 45 44
106 102 75 74
112 108 77 76
107 103 105 104
113 109 111 110
144 138 141 140
160 158 151 150
145 139 143 142
161 159 157 156
38 28 35 34
76 74 55 54
39 29 37 36
77 75 61 60
44 30 41 40
110 104 67 66
45 31 43 42
111 105 73 72
150 140 147 146
151 141 149 148
156 142 153 152
157 143 155 154
54 34 51 50
166 152 83 82
55 35 53 52
167 153 89 88
60 36 57 56
168 154 95 94
61 37 59 58
169 155 101 100
66 40 63 62
162 146 119 118
67 41 65 64
163 147 125 124
72 42 69 68
164 148 131 130
73 43 71 70
165 149 137 136
82 50 79 78
83 51 81 80
88 52 85 84
89 53 87 86
94 56 91 90
95 57 93 92
100 58 97 96
101 59 99 98
118 62 115 114
119 63 117 116
124 64 121 120
125 65 123 122
130 68 127 126
131 69 129 128
136 70 133 132
137 71 135 134
185 78 1 1
184 79 1 1
244 96 185 184
191 80 1 1
190 81 1 1
248 97 191 190
197 84 1 1
196 85 1 1
252 114 197 196
203 86 1 1
202 87 1 1
254 115 203 202
209 90 1 1
208 91 1 1
253 132 209 208
215 92 1 1
214 93 1 1
255 133 215 214
223 120 225 224
222 121 1 1
266 117 223 222
221 122 1 1
220 123 1 1
264 116 221 220
237 126 1 1
236 127 1 1
265 134 237 236
243 128 239 1
242 129 1 1
267 135 243 242
256 98 217 216
260 99 219 218
-1 239 175 174
-1 224 177 176
-1 225 179 178
261 216 263 262
257 217 259 258
249 218 251 250
245 219 247 246
174 170 163 162
177 172 165 164
175 171 167 166
179 173 169 168
-1 176 171 170
-1 178 173 172
-1 250 245 244
-1 251 249 248
-1 262 253 252
-1 263 255 254
-1 246 257 256
-1 247 261 260
-1 258 265 264
-1 259 267 266
