0 0 27 26
0 0 33 32
0 0 47 46
0 0 49 48
0 0 105 104
0 0 109 108
0 0 111 110
0 0 115 114
0 0 255 254
0 0 257 256
0 0 259 258
0 0 261 260
32 26 29 28
48 46 39 38
33 27 31 30
49 47 45 44
108 104 75 74
114 110 77 76
109 105 107 106
115 111 113 112
256 254 161 160
260 258 165 164
257 255 221 220
261 259 225 224
38 28 35 34
76 74 55 54
39 29 37 36
77 75 61 60
44 30 41 40
112 106 67 66
45 31 43 42
113 107 73 72
164 160 141 140
165 161 163 162
224 220 193 192
225 221 223 222
54 34 51 50
142 140 83 82
55 35 53 52
143 141 91 90
60 36 57 56
166 162 97 96
61 37 59 58
167 163 103 102
66 40 63 62
194 192 121 120
67 41 65 64
195 193 127 126
72 42 69 68
226 222 133 132
73 43 71 70
227 223 139 138
82 50 79 78
-1 51 81 80
-1 83 85 84
90 52 87 86
91 53 89 88
96 56 93 92
97 57 95 94
102 58 99 98
103 59 101 100
120 62 117 116
121 63 119 118
126 64 123 122
127 65 125 124
132 68 129 128
133 69 131 130
138 70 135 134
139 71 137 136
173 92 1 1
172 93 1 1
179 94 1 1
178 95 1 1
185 98 1 1
184 99 1 1
191 100 1 1
190 101 1 1
201 116 1 1
200 117 1 1
207 118 1 1
206 119 1 1
213 122 1 1
212 123 1 1
219 124 1 1
218 125 1 1
233 128 229 228
232 129 231 230
239 130 1 1
238 131 1 1
244 134 1 1
253 136 249 1
252 137 1 1
270 78 145 144
272 79 147 146
84 80 149 148
85 81 151 150
271 86 153 152
273 87 155 154
290 88 157 156
294 89 159 158
-1 135 243 242
-1 249 269 268
276 146 173 172
277 147 179 178
274 144 185 184
275 145 191 190
288 154 201 200
289 155 207 206
286 152 213 212
287 153 219 218
300 158 233 232
301 159 239 238
298 156 245 244
299 157 253 252
247 243 267 266
-1 228 271 270
-1 229 273 272
-1 230 291 290
-1 231 295 294
292 148 279 278
246 242 305 304
293 150 283 282
297 151 285 284
-1 149 281 280
266 262 143 142
268 264 167 166
267 263 195 194
269 265 227 226
-1 304 263 262
-1 305 265 264
303 279 275 274
302 278 277 276
307 283 287 286
306 282 289 288
309 285 299 298
308 284 301 300
-1 245 247 246
-1 291 293 292
-1 295 297 296
310 280 313 312
311 281 321 320
316 312 303 302
322 320 307 306
323 321 309 308
-1 296 311 310
-1 313 315 314
318 314 317 316
319 315 323 322
-1 317 319 318
