0 0 27 26
0 0 33 32
0 0 55 54
0 0 57 56
0 0 99 98
0 0 103 102
0 0 105 104
0 0 109 108
0 0 235 234
0 0 239 238
0 0 241 240
0 0 245 244
32 26 29 28
56 54 39 38
33 27 31 30
57 55 49 48
102 98 91 90
108 104 97 96
103 99 101 100
109 105 107 106
238 234 227 226
244 240 233 232
239 235 237 236
245 241 243 242
-1 28 35 34
-1 38 41 40
-1 29 37 36
-1 39 43 42
-1 30 45 44
-1 48 51 50
-1 31 47 46
-1 49 53 52
97 90 93 92
96 91 95 94
107 100 134 133
106 101 136 135
232 226 229 228
233 227 231 230
242 236 269 268
243 237 271 270
40 34 59 58
41 35 61 60
42 36 63 62
43 37 65 64
-1 92 111 110
-1 93 113 112
-1 94 115 114
-1 95 117 116
50 44 67 66
51 45 69 68
52 46 71 70
53 47 73 72
-1 133 138 137
-1 134 140 139
-1 135 142 141
-1 136 145 144
251 228 247 246
250 229 249 248
257 230 253 252
256 231 255 254
268 265 273 272
269 264 275 274
270 261 277 276
271 260 279 278
110 58 75 74
112 59 77 76
111 60 79 78
113 61 81 80
114 62 83 82
116 63 85 84
115 64 87 86
117 65 89 88
137 66 119 118
139 67 121 120
138 68 123 122
140 69 125 124
141 70 127 126
144 71 129 128
297 73 -1 132
299 142 -1 143
145 72 131 130
-1 248 211 210
-1 249 213 212
-1 246 215 214
-1 247 217 216
-1 254 219 218
-1 255 221 220
-1 252 223 222
-1 253 225 224
-1 274 289 288
-1 275 291 290
-1 272 293 292
-1 273 295 294
-1 278 297 296
-1 279 299 298
-1 276 301 300
-1 277 303 302
212 74 1 1
210 75 1 1
216 76 1 1
214 77 1 1
213 78 1 1
211 79 1 1
217 80 1 1
215 81 1 1
220 82 1 1
218 83 1 1
224 84 1 1
222 85 1 1
221 86 1 1
219 87 1 1
225 88 1 1
223 89 1 1
290 118 1 1
288 119 1 1
294 120 1 1
292 121 1 1
291 122 1 1
289 123 1 1
295 124 1 1
293 125 1 1
298 126 1 1
296 127 1 1
302 128 1 1
300 129 1 1
303 130 207 1
301 131 1 1
-1 132 203 202
-1 143 205 204
-1 207 267 266
284 203 -1 280
286 205 -1 283
204 202 305 304
266 258 251 250
267 259 261 260
283 280 282 281
-1 304 285 284
-1 305 287 286
285 262 257 256
287 263 265 264
-1 281 259 258
-1 282 263 262
