0 0 -1 27
0 0 -1 30
0 0 36 35
0 0 40 39
0 0 86 85
0 0 92 91
0 0 98 97
0 0 100 99
0 0 -1 139
0 0 -1 142
0 0 148 147
0 0 152 151
167 0 166 165
30 27 29 28
39 35 -1 37
40 36 -1 38
91 85 88 87
99 97 94 93
92 86 90 89
100 98 96 95
142 139 141 140
151 147 -1 149
152 148 -1 150
165 163 156 155
166 164 162 161
37 28 32 31
38 29 34 33
93 87 62 61
94 88 68 67
95 89 74 73
96 90 78 77
156 144 80 79
149 140 144 143
150 141 146 145
155 143 154 153
161 145 158 157
162 146 160 159
77 49 54 53
83 79 56 55
45 31 42 41
46 32 44 43
51 33 48 47
52 34 50 49
61 41 58 57
158 102 106 105
62 42 60 59
157 101 110 109
67 43 64 63
160 104 116 115
68 44 66 65
159 103 122 121
73 47 70 69
154 108 128 127
74 48 72 71
153 107 134 133
78 50 76 75
84 80 82 81
55 53 46 45
56 54 52 51
110 60 84 83
116 63 1 1
115 64 1 1
122 65 1 1
121 66 1 1
128 69 1 1
127 70 1 1
134 71 130 1
133 72 1 1
82 75 1 1
81 76 1 1
109 59 108 107
105 57 102 101
106 58 104 103
-1 130 168 167
-1 168 164 163
