0 0 -1 27
0 0 -1 29
0 0 -1 33
0 0 -1 34
0 0 -1 39
0 0 -1 42
167 0 50 49
0 0 88 87
0 0 90 89
0 0 152 151
0 0 156 155
0 0 164 163
0 0 166 165
33 27 -1 28
34 29 -1 30
42 39 41 40
49 45 -1 47
50 46 -1 48
89 87 80 79
90 88 86 85
156 152 112 111
166 164 116 115
155 151 154 153
165 163 162 161
30 28 32 31
47 40 -1 43
48 41 -1 44
80 62 68 67
115 111 72 71
79 61 78 77
85 63 82 81
86 64 84 83
161 153 158 157
162 154 160 159
116 112 114 113
43 31 36 35
44 32 38 37
67 55 60 59
75 71 66 65
68 56 70 69
76 72 74 73
82 52 98 97
158 134 120 119
77 57 92 91
118 114 126 125
78 58 94 93
117 113 132 131
81 51 96 95
157 133 138 137
83 53 100 99
160 136 144 143
84 54 102 101
159 135 150 149
108 37 56 55
119 97 76 75
65 59 62 61
66 60 64 63
110 38 58 57
107 35 52 51
109 36 54 53
74 69 104 103
73 70 1 1
126 91 1 1
125 92 1 1
132 93 128 1
131 94 1 1
144 99 1 1
143 100 1 1
150 101 1 1
149 102 1 1
137 95 134 133
138 96 136 135
120 98 118 117
-1 128 168 167
-1 103 108 107
-1 104 110 109
-1 168 46 45
