0 0 -1 27
0 0 -1 30
0 0 36 35
0 0 40 39
0 0 84 83
0 0 86 85
0 0 94 93
0 0 100 99
0 0 102 101
0 0 106 105
0 0 114 113
0 0 116 115
121 0 120 119
30 27 29 28
39 35 -1 37
40 36 -1 38
85 83 54 53
86 84 72 71
116 114 88 87
120 118 92 91
99 93 -1 95
100 94 -1 96
105 101 -1 103
106 102 -1 104
115 113 108 107
119 117 112 111
37 28 32 31
38 29 34 33
53 49 -1 51
54 50 -1 52
71 67 -1 69
72 68 -1 70
103 95 82 81
91 87 -1 89
92 88 -1 90
104 96 98 97
111 107 -1 109
112 108 -1 110
51 31 42 41
110 98 60 59
52 32 44 43
109 97 66 65
69 33 46 45
90 82 78 77
70 34 48 47
89 81 80 79
79 47 50 49
60 41 1 1
59 42 1 1
66 43 62 1
65 44 1 1
80 48 68 67
78 45 1 1
77 46 1 1
-1 62 122 121
-1 122 118 117
