0 0 -1 27
0 0 -1 30
0 0 36 35
0 0 40 39
0 0 98 97
0 0 100 99
0 0 149 148
0 0 153 152
0 0 161 160
0 0 163 162
0 0 173 172
0 0 175 174
184 0 179 178
30 27 29 28
39 35 -1 37
40 36 -1 38
99 97 94 93
100 98 96 95
153 149 102 101
163 161 106 105
175 173 108 107
179 177 112 111
152 148 151 150
162 160 159 158
174 172 169 168
178 176 171 170
37 28 32 31
38 29 34 33
95 87 58 57
96 88 64 63
93 85 70 69
94 86 76 75
105 101 90 89
111 107 92 91
158 150 155 154
170 168 165 164
159 151 157 156
171 169 167 166
106 102 104 103
112 108 110 109
49 31 42 41
51 32 44 43
50 33 46 45
52 34 48 47
92 90 78 77
64 44 62 61
91 89 84 83
63 43 60 59
69 45 66 65
165 155 118 117
70 46 68 67
164 154 124 123
75 47 72 71
110 104 129 128
76 48 74 73
109 103 135 134
57 41 54 53
167 157 141 140
58 42 56 55
166 156 147 146
77 62 80 79
78 61 1 1
83 59 86 85
84 60 88 87
118 65 1 1
117 66 1 1
124 67 1 1
123 68 1 1
129 71 -1 125
128 72 1 1
135 73 1 1
134 74 1 1
141 53 1 1
140 54 1 1
147 55 1 1
146 56 1 1
-1 125 181 180
-1 79 50 49
-1 80 52 51
183 180 -1 182
-1 181 184 183
-1 182 177 176
