0 0 -1 27
0 0 -1 30
0 0 36 35
0 0 40 39
0 0 54 53
0 0 56 55
0 0 110 109
0 0 114 113
0 0 116 115
0 0 120 119
0 0 -1 146
0 0 -1 149
176 0 159 158
30 27 29 28
39 35 -1 37
40 36 -1 38
55 53 46 45
56 54 52 51
113 109 82 81
119 115 84 83
114 110 112 111
120 116 118 117
149 146 148 147
158 154 -1 156
159 155 -1 157
37 28 32 31
38 29 34 33
45 31 42 41
83 81 62 61
46 32 44 43
84 82 68 67
51 33 48 47
117 111 74 73
52 34 50 49
118 112 80 79
156 147 151 150
157 148 153 152
61 41 58 57
62 42 60 59
67 43 64 63
68 44 66 65
73 47 70 69
74 48 72 71
79 49 76 75
80 50 78 77
164 150 161 160
165 151 163 162
170 152 167 166
171 153 169 168
167 86 90 89
166 85 96 95
102 63 1 1
101 64 1 1
169 88 102 101
108 65 1 1
107 66 1 1
168 87 108 107
126 69 1 1
125 70 1 1
161 92 126 125
132 71 1 1
131 72 1 1
160 91 132 131
137 75 1 1
163 94 138 137
145 77 -1 141
144 78 1 1
162 93 145 144
-1 76 136 135
95 59 92 91
96 60 94 93
89 57 86 85
90 58 88 87
-1 141 173 172
139 135 165 164
140 136 171 170
-1 138 140 139
175 172 -1 174
-1 173 176 175
-1 174 155 154
