0 0 28 27
0 0 34 33
0 0 48 47
0 0 50 49
0 0 110 109
0 0 114 113
0 0 116 115
0 0 120 119
303 0 160 159
0 0 174 173
0 0 178 177
0 0 180 179
0 0 184 183
33 27 30 29
49 47 40 39
34 28 32 31
50 48 46 45
113 109 76 75
119 115 78 77
159 155 122 121
114 110 112 111
120 116 118 117
177 173 170 169
183 179 172 171
178 174 176 175
184 180 182 181
160 156 158 157
39 29 36 35
77 75 56 55
40 30 38 37
78 76 62 61
45 31 42 41
147 121 68 67
46 32 44 43
151 122 74 73
117 111 162 161
171 169 166 165
118 112 164 163
172 170 168 167
181 175 186 185
157 148 150 149
182 176 188 187
158 152 154 153
55 35 52 51
185 149 84 83
56 36 54 53
186 150 90 89
61 37 58 57
187 153 98 97
62 38 60 59
188 154 108 107
67 41 64 63
165 161 128 127
68 42 66 65
166 162 134 133
73 43 70 69
167 163 140 139
74 44 72 71
168 164 146 145
139 69 136 135
83 51 80 79
84 52 82 81
89 53 86 85
-1 54 88 87
-1 90 92 91
-1 57 94 93
-1 97 100 99
-1 58 96 95
-1 98 102 101
107 59 104 103
108 60 106 105
127 63 124 123
128 64 126 125
133 65 130 129
134 66 132 131
140 70 138 137
145 71 142 141
146 72 144 143
194 135 190 189
193 136 1 1
273 79 1 1
271 80 1 1
277 81 1 1
275 82 1 1
208 85 204 203
207 86 206 205
226 103 1 1
225 104 1 1
232 105 1 1
231 106 1 1
274 123 1 1
272 124 1 1
278 125 1 1
276 126 1 1
246 129 1 1
245 130 1 1
252 131 1 1
251 132 1 1
258 137 1 1
257 138 1 1
264 141 1 1
263 142 1 1
270 143 266 1
269 144 1 1
91 87 210 209
92 88 212 211
99 93 214 213
100 94 216 215
101 95 218 217
102 96 220 219
-1 266 304 303
-1 189 148 147
-1 190 152 151
301 219 194 193
281 209 208 207
295 213 226 225
296 214 232 231
299 217 246 245
300 218 252 251
302 220 258 257
297 215 264 263
298 216 270 269
-1 205 272 271
-1 206 274 273
-1 203 276 275
-1 204 278 277
-1 210 280 279
-1 211 286 285
-1 212 288 287
-1 304 156 155
283 279 282 281
284 280 290 289
291 285 296 295
292 286 298 297
293 287 300 299
294 288 302 301
-1 282 284 283
-1 289 292 291
-1 290 294 293
