0 0 150 149
0 0 154 153
0 0 156 155
0 0 160 159
0 0 242 241
0 0 246 245
0 0 248 247
0 0 252 251
0 0 254 253
0 0 258 257
0 0 260 259
0 0 264 263
467 0 318 317
153 149 90 89
159 155 92 91
245 241 110 109
251 247 114 113
257 253 116 115
263 259 120 119
317 313 122 121
154 150 152 151
160 156 158 157
246 242 244 243
252 248 250 249
258 254 256 255
264 260 262 261
318 314 316 315
91 89 40 39
113 109 42 41
119 115 46 45
92 90 66 65
157 151 72 71
158 152 78 77
319 121 80 79
114 110 112 111
120 116 118 117
322 122 124 123
249 243 334 333
261 255 342 341
250 244 336 335
262 256 348 347
396 315 368 367
399 316 386 385
39 35 28 27
45 41 34 33
125 79 58 57
40 36 38 37
46 42 44 43
129 80 82 81
66 48 64 63
118 112 136 135
329 124 138 137
65 47 62 61
117 111 148 147
71 51 68 67
72 52 70 69
77 53 74 73
78 54 76 75
325 123 216 215
341 333 338 337
367 126 128 127
342 334 340 339
368 130 132 131
347 335 344 343
385 326 328 327
-1 336 346 345
-1 348 350 349
-1 386 388 387
33 27 30 29
59 57 50 49
34 28 32 31
60 58 56 55
135 63 84 83
141 137 88 87
43 37 94 93
85 81 102 101
44 38 96 95
86 82 108 107
147 61 144 143
215 189 186 185
148 62 146 145
216 190 188 187
136 64 134 133
142 138 140 139
165 67 162 161
337 127 196 195
166 68 164 163
338 128 202 201
171 69 168 167
339 131 208 207
172 70 170 169
340 132 214 213
177 73 174 173
343 327 222 221
178 74 176 175
344 328 228 227
183 75 180 179
184 76 182 181
349 345 408 407
390 346 -1 391
393 350 -1 394
-1 387 418 417
402 388 -1 403
50 30 36 35
87 83 60 59
49 29 48 47
55 31 52 51
56 32 54 53
88 84 86 85
140 134 142 141
185 143 166 165
186 144 172 171
187 145 178 177
188 146 184 183
139 133 190 189
389 179 -1 229
392 180 -1 230
401 181 -1 235
404 182 -1 236
101 93 98 97
102 94 100 99
107 95 104 103
108 96 106 105
195 161 192 191
196 162 194 193
201 163 198 197
202 164 200 199
207 167 204 203
208 168 206 205
213 169 210 209
214 170 212 211
221 173 218 217
222 174 220 219
227 175 224 223
228 176 226 225
432 407 410 409
429 408 412 411
-1 391 414 413
-1 394 416 415
419 417 422 421
444 418 -1 423
-1 403 426 425
285 97 1 1
281 98 1 1
293 99 1 1
289 100 1 1
301 103 1 1
297 104 1 1
309 105 1 1
305 106 1 1
453 191 1 1
451 192 1 1
457 193 1 1
455 194 1 1
461 197 1 1
459 198 1 1
465 199 1 1
463 200 1 1
286 203 1 1
282 204 1 1
294 205 1 1
290 206 1 1
302 209 1 1
298 210 1 1
310 211 1 1
306 212 1 1
454 217 1 1
452 218 1 1
458 219 1 1
456 220 1 1
462 223 1 1
460 224 1 1
466 225 382 1
464 226 1 1
-1 409 390 389
-1 410 393 392
-1 229 232 231
-1 230 234 233
-1 411 402 401
-1 412 405 404
-1 235 238 237
-1 236 240 239
415 413 436 435
427 425 448 447
416 414 438 437
428 426 450 449
-1 422 442 441
-1 421 440 439
-1 423 444 443
-1 382 468 467
-1 237 320 319
-1 239 323 322
395 232 -1 397
398 234 -1 400
-1 231 396 395
-1 233 399 398
320 238 -1 321
323 240 -1 324
405 332 -1 406
449 437 474 473
501 441 482 481
450 438 476 475
503 439 488 487
447 435 470 469
502 442 494 493
448 436 472 471
504 440 500 499
445 443 510 509
-1 468 314 313
-1 397 126 125
-1 400 130 129
-1 321 326 325
-1 324 330 329
-1 406 428 427
482 473 478 477
481 474 480 479
488 475 484 483
487 476 486 485
494 469 490 489
493 470 492 491
500 471 496 495
499 472 498 497
-1 509 506 505
-1 510 508 507
-1 479 282 281
-1 480 286 285
-1 477 290 289
-1 478 294 293
-1 485 298 297
-1 486 302 301
-1 483 306 305
-1 484 310 309
-1 330 332 331
-1 491 452 451
-1 492 454 453
-1 489 456 455
-1 490 458 457
-1 497 460 459
-1 498 462 461
-1 495 464 463
-1 496 466 465
-1 507 502 501
-1 505 504 503
506 430 -1 431
508 433 -1 434
-1 331 420 419
-1 431 430 429
-1 434 433 432
446 420 -1 424
-1 424 446 445
