0 0 28 27
0 0 34 33
0 0 56 55
0 0 58 57
0 0 100 99
0 0 104 103
0 0 106 105
0 0 110 109
0 0 235 234
0 0 239 238
0 0 241 240
0 0 245 244
308 0 271 270
33 27 30 29
57 55 40 39
34 28 32 31
58 56 50 49
103 99 92 91
109 105 98 97
104 100 102 101
110 106 108 107
238 234 227 226
244 240 233 232
270 266 261 260
239 235 237 236
245 241 243 242
271 267 269 268
-1 29 36 35
-1 39 42 41
-1 30 38 37
-1 40 44 43
-1 31 46 45
-1 49 52 51
-1 32 48 47
-1 50 54 53
98 91 94 93
97 92 96 95
108 101 136 135
107 102 138 137
232 226 229 228
260 258 251 250
233 227 231 230
261 259 257 256
242 236 273 272
269 263 281 280
243 237 275 274
268 262 287 286
41 35 60 59
42 36 62 61
43 37 64 63
44 38 66 65
-1 93 112 111
-1 94 114 113
-1 95 116 115
-1 96 118 117
51 45 68 67
52 46 70 69
53 47 72 71
54 48 74 73
-1 135 140 139
-1 136 142 141
-1 137 144 143
-1 138 146 145
251 228 247 246
250 229 249 248
257 230 253 252
256 231 255 254
281 272 277 276
280 273 279 278
287 274 283 282
286 275 285 284
111 59 76 75
113 60 78 77
112 61 80 79
114 62 82 81
115 63 84 83
117 64 86 85
116 65 88 87
118 66 90 89
139 67 120 119
141 68 122 121
140 69 124 123
142 70 126 125
143 71 128 127
145 72 130 129
144 73 132 131
146 74 134 133
-1 248 211 210
-1 249 213 212
-1 246 215 214
-1 247 217 216
-1 254 219 218
-1 255 221 220
-1 252 223 222
-1 253 225 224
-1 278 289 288
-1 279 291 290
-1 276 293 292
-1 277 295 294
-1 284 297 296
-1 285 299 298
-1 282 301 300
-1 283 303 302
212 75 1 1
210 76 1 1
216 77 1 1
214 78 1 1
213 79 1 1
211 80 1 1
217 81 1 1
215 82 1 1
220 83 1 1
218 84 1 1
224 85 1 1
222 86 1 1
221 87 1 1
219 88 1 1
225 89 1 1
223 90 1 1
290 119 1 1
288 120 1 1
294 121 1 1
292 122 1 1
291 123 1 1
289 124 1 1
295 125 1 1
293 126 1 1
298 127 1 1
296 128 1 1
302 129 1 1
300 130 1 1
297 131 1 1
303 133 -1 207
301 134 1 1
-1 132 206 205
-1 299 265 264
-1 207 305 304
264 205 259 258
265 206 263 262
307 304 -1 306
-1 305 308 307
-1 306 267 266
