0 0 28 27
0 0 34 33
0 0 56 55
0 0 58 57
0 0 100 99
0 0 104 103
0 0 106 105
0 0 110 109
0 0 236 235
0 0 240 239
0 0 242 241
0 0 246 245
305 0 272 271
33 27 30 29
57 55 40 39
34 28 32 31
58 56 50 49
103 99 92 91
109 105 98 97
104 100 102 101
110 106 108 107
239 235 228 227
245 241 234 233
271 267 262 261
240 236 238 237
246 242 244 243
272 268 270 269
-1 29 36 35
-1 39 42 41
-1 30 38 37
-1 40 44 43
-1 31 46 45
-1 49 52 51
-1 32 48 47
-1 50 54 53
98 91 94 93
97 92 96 95
108 101 136 135
107 102 138 137
233 227 230 229
261 259 252 251
234 228 232 231
262 260 258 257
243 237 274 273
270 264 282 281
244 238 276 275
269 263 288 287
41 35 60 59
42 36 62 61
43 37 64 63
44 38 66 65
-1 93 112 111
-1 94 114 113
-1 95 116 115
-1 96 118 117
51 45 68 67
52 46 70 69
53 47 72 71
54 48 74 73
-1 135 140 139
-1 136 142 141
-1 137 144 143
-1 138 146 145
252 229 248 247
251 230 250 249
258 231 254 253
257 232 256 255
282 273 278 277
281 274 280 279
288 275 284 283
287 276 286 285
111 59 76 75
113 60 78 77
112 61 80 79
114 62 82 81
115 63 84 83
117 64 86 85
116 65 88 87
118 66 90 89
139 67 120 119
141 68 122 121
140 69 124 123
142 70 126 125
143 71 128 127
145 72 130 129
144 73 132 131
146 74 134 133
-1 249 212 211
-1 250 214 213
-1 247 216 215
-1 248 218 217
-1 255 220 219
-1 256 222 221
-1 253 224 223
-1 254 226 225
-1 279 290 289
-1 280 292 291
-1 277 294 293
-1 278 296 295
-1 285 298 297
-1 286 300 299
-1 283 302 301
-1 284 304 303
213 75 1 1
211 76 1 1
217 77 1 1
215 78 1 1
214 79 1 1
212 80 1 1
218 81 1 1
216 82 1 1
221 83 1 1
219 84 1 1
225 85 1 1
223 86 1 1
222 87 1 1
220 88 1 1
226 89 1 1
224 90 1 1
291 119 1 1
289 120 1 1
295 121 1 1
293 122 1 1
292 123 1 1
290 124 1 1
296 125 1 1
294 126 1 1
299 127 1 1
297 128 1 1
303 129 1 1
301 130 1 1
298 131 1 1
304 133 208 1
302 134 1 1
-1 132 206 205
-1 300 266 265
-1 208 306 305
265 205 260 259
266 206 264 263
-1 306 268 267
