0 0 -1 27
0 0 -1 30
0 0 36 35
0 0 40 39
0 0 -1 81
0 0 -1 83
0 0 -1 87
0 0 -1 88
0 0 -1 93
0 0 -1 96
0 0 100 99
0 0 104 103
113 0 112 111
30 27 29 28
39 35 -1 37
40 36 -1 38
111 109 52 51
112 110 68 67
87 81 -1 82
88 83 -1 84
96 93 95 94
103 99 -1 101
104 100 -1 102
37 28 32 31
38 29 34 33
105 51 -1 49
107 52 -1 50
106 67 -1 65
108 68 -1 66
84 82 86 85
101 94 -1 97
102 95 -1 98
49 31 42 41
50 32 44 43
65 33 46 45
66 34 48 47
97 85 90 89
98 86 92 91
58 41 1 1
57 42 1 1
89 75 58 57
64 43 1 1
63 44 1 1
90 76 64 63
74 45 70 69
73 46 72 1
91 77 74 73
92 78 80 79
79 47 76 75
80 48 78 77
-1 72 114 113
-1 69 106 105
-1 70 108 107
-1 114 110 109
