0 0 -1 28
0 0 -1 30
0 0 -1 34
0 0 -1 35
0 0 -1 40
0 0 -1 43
0 0 49 48
0 0 87 86
0 0 89 88
0 0 155 154
0 0 159 158
0 0 167 166
0 0 169 168
34 28 -1 29
35 30 -1 31
43 40 42 41
106 48 -1 46
110 49 -1 47
88 86 79 78
89 87 85 84
159 155 115 114
169 167 119 118
158 154 157 156
168 166 165 164
31 29 33 32
46 41 -1 44
47 42 -1 45
79 61 67 66
118 114 71 70
78 60 77 76
84 62 81 80
85 63 83 82
164 156 161 160
165 157 163 162
119 115 117 116
44 32 37 36
45 33 39 38
66 54 59 58
74 70 65 64
67 55 69 68
75 71 73 72
81 51 97 96
161 137 123 122
76 56 91 90
121 117 129 128
77 57 93 92
120 116 135 134
80 50 95 94
160 136 141 140
82 52 99 98
163 139 147 146
83 53 101 100
162 138 153 152
109 38 55 54
122 96 75 74
64 58 61 60
65 59 63 62
113 39 57 56
108 36 51 50
112 37 53 52
73 68 103 102
72 69 1 1
129 90 1 1
128 91 1 1
135 92 1 1
134 93 1 1
147 98 1 1
146 99 1 1
153 100 1 1
152 101 1 1
140 94 137 136
141 95 139 138
123 97 121 120
-1 102 107 106
-1 103 111 110
-1 107 109 108
-1 111 113 112
