0 0 -1 28
0 0 -1 30
0 0 -1 34
0 0 -1 35
0 0 -1 40
0 0 -1 43
0 0 51 50
0 0 89 88
0 0 91 90
0 0 153 152
0 0 157 156
0 0 165 164
0 0 167 166
34 28 -1 29
35 30 -1 31
43 40 42 41
50 46 -1 48
51 47 -1 49
90 88 81 80
91 89 87 86
157 153 113 112
167 165 117 116
156 152 155 154
166 164 163 162
31 29 33 32
48 41 -1 44
49 42 -1 45
81 63 69 68
116 112 73 72
80 62 79 78
86 64 83 82
87 65 85 84
162 154 159 158
163 155 161 160
117 113 115 114
44 32 37 36
45 33 39 38
68 56 61 60
76 72 67 66
69 57 71 70
77 73 75 74
83 53 99 98
159 135 121 120
78 58 93 92
119 115 127 126
79 59 95 94
118 114 133 132
82 52 97 96
158 134 139 138
84 54 101 100
161 137 145 144
85 55 103 102
160 136 151 150
109 38 57 56
120 98 77 76
66 60 63 62
67 61 65 64
111 39 59 58
108 36 53 52
110 37 55 54
75 70 105 104
74 71 1 1
127 92 1 1
126 93 1 1
133 94 129 1
132 95 1 1
145 100 1 1
144 101 1 1
151 102 1 1
150 103 1 1
138 96 135 134
139 97 137 136
121 99 119 118
-1 129 47 46
-1 104 109 108
-1 105 111 110
