0 0 -1 28
0 0 -1 30
0 0 -1 34
0 0 -1 35
0 0 -1 40
0 0 -1 43
0 0 49 48
0 0 83 82
0 0 85 84
0 0 145 144
0 0 149 148
0 0 157 156
0 0 159 158
34 28 -1 29
35 30 -1 31
43 40 42 41
160 48 -1 46
162 49 -1 47
84 82 74 73
85 83 81 80
149 145 113 112
159 157 117 116
148 144 147 146
158 156 155 154
31 29 33 32
46 41 -1 44
47 42 -1 45
73 58 71 70
113 59 -1 72
117 74 -1 75
80 60 77 76
81 61 79 78
154 146 151 150
155 147 153 152
116 112 115 114
44 32 37 36
45 33 39 38
77 51 65 64
151 127 69 68
70 56 87 86
115 67 105 104
71 57 89 88
114 66 111 110
-1 72 91 90
-1 75 93 92
76 50 95 94
150 126 131 130
78 52 97 96
153 129 137 136
79 53 99 98
152 128 143 142
123 38 55 54
68 64 63 62
125 39 57 56
122 36 51 50
124 37 53 52
105 86 1 1
104 87 1 1
111 88 1 1
110 89 1 1
92 90 119 118
137 96 1 1
136 97 1 1
143 98 1 1
142 99 1 1
130 94 127 126
131 95 129 128
69 65 67 66
161 91 -1 120
163 93 -1 121
62 54 59 58
63 55 61 60
-1 120 123 122
-1 121 125 124
-1 118 161 160
-1 119 163 162
