0 0 29 28
0 0 33 32
0 0 41 40
0 0 45 44
0 0 53 52
0 0 57 56
0 0 65 64
0 0 69 68
0 0 77 76
0 0 79 78
0 0 81 80
0 0 83 82
0 0 85 84
76 28 -1 30
78 32 -1 34
86 29 -1 31
84 33 -1 35
87 40 -1 42
90 44 -1 46
89 41 -1 43
91 45 -1 47
77 52 -1 54
79 56 -1 58
88 53 -1 55
85 57 -1 59
80 64 -1 66
82 68 -1 70
81 65 -1 67
83 69 -1 71
34 30 37 36
71 67 75 74
35 31 39 38
70 66 73 72
59 55 63 62
46 42 49 48
58 54 61 60
47 43 51 50
74 36 93 92
62 48 105 104
75 37 95 94
63 49 111 110
72 38 97 96
60 50 117 116
73 39 99 98
61 51 121 120
-1 99 87 86
-1 121 89 88
105 92 1 1
104 93 1 1
111 94 1 1
110 95 1 1
117 96 1 1
116 97 1 1
120 98 119 1
-1 119 91 90
