0 0 29 28
0 0 35 34
0 0 49 48
0 0 51 50
0 0 103 102
0 0 107 106
0 0 145 144
0 0 149 148
0 0 157 156
0 0 159 158
0 0 169 168
0 0 171 170
0 0 175 174
34 28 31 30
50 48 41 40
35 29 33 32
51 49 47 46
106 102 77 76
107 103 105 104
149 145 133 132
159 157 137 136
171 169 139 138
175 173 143 142
148 144 147 146
158 156 155 154
170 168 165 164
174 172 167 166
40 30 37 36
108 76 57 56
41 31 39 38
109 77 63 62
46 32 43 42
124 104 69 68
47 33 45 44
125 105 75 74
136 132 129 128
142 138 131 130
154 146 151 150
166 164 161 160
155 147 153 152
167 165 163 162
137 133 135 134
143 139 141 140
56 36 53 52
161 151 83 82
57 37 55 54
160 150 89 88
62 38 59 58
163 153 95 94
63 39 61 60
162 152 101 100
75 45 73 72
131 129 111 110
68 42 65 64
141 135 117 116
69 43 67 66
140 134 123 122
74 44 71 70
130 128 127 126
83 52 1 1
82 53 1 1
89 54 1 1
88 55 1 1
95 58 1 1
94 59 1 1
101 60 1 1
100 61 1 1
110 72 -1 108
111 73 -1 109
117 64 1 1
116 65 1 1
123 66 119 1
122 67 1 1
126 70 -1 124
127 71 -1 125
-1 119 173 172
