0 0 59 58
0 0 61 60
0 0 125 124
0 0 129 128
0 0 131 130
0 0 135 134
0 0 161 160
0 0 165 164
0 0 173 172
0 0 175 174
0 0 181 180
0 0 185 184
0 0 191 190
60 58 51 50
61 59 57 56
128 124 81 80
134 130 83 82
164 160 101 100
174 172 105 104
184 180 107 106
190 186 111 110
129 125 127 126
135 131 133 132
165 161 163 162
175 173 171 170
185 181 183 182
191 187 189 188
51 31 37 36
82 80 41 40
104 100 43 42
110 106 47 46
50 30 49 48
83 81 67 66
56 32 53 52
132 126 73 72
57 33 55 54
133 127 79 78
105 101 103 102
111 107 109 108
170 162 167 166
188 182 177 176
171 163 169 168
189 183 179 178
40 36 29 28
46 42 35 34
41 37 39 38
47 43 45 44
66 48 63 62
176 166 117 116
67 49 65 64
177 167 123 122
72 52 69 68
178 168 141 140
73 53 71 70
179 169 147 146
78 54 75 74
108 102 153 152
79 55 77 76
109 103 159 158
34 28 31 30
35 29 33 32
44 38 85 84
45 39 87 86
116 62 113 112
117 63 115 114
122 64 119 118
123 65 121 120
140 68 137 136
141 69 139 138
146 70 143 142
147 71 145 144
152 74 149 148
153 75 151 150
158 76 155 154
159 77 157 156
197 112 1 1
196 113 1 1
203 114 1 1
202 115 1 1
221 136 1 1
220 137 1 1
227 138 1 1
226 139 1 1
233 142 1 1
232 143 1 1
239 144 1 1
238 145 1 1
245 148 1 1
244 149 1 1
251 150 1 1
250 151 1 1
257 154 253 1
256 155 1 1
214 120 211 210
208 118 205 204
262 156 259 258
209 119 207 206
263 157 261 260
215 121 213 212
92 84 89 88
93 85 91 90
98 86 95 94
99 87 97 96
-1 253 187 186
260 206 93 92
261 207 99 98
264 210 197 196
266 211 203 202
258 204 209 208
259 205 215 214
272 212 221 220
274 213 227 226
265 94 233 232
267 95 239 238
273 96 245 244
275 97 251 250
276 90 257 256
280 91 263 262
284 88 269 268
288 89 271 270
281 268 283 282
277 269 279 278
289 270 291 290
285 271 287 286
-1 290 265 264
-1 291 267 266
-1 286 273 272
-1 287 275 274
-1 278 277 276
-1 279 281 280
-1 282 285 284
-1 283 289 288
