0 0 29 28
0 0 35 34
0 0 49 48
0 0 51 50
0 0 107 106
0 0 111 110
0 0 113 112
0 0 117 116
0 0 399 398
0 0 403 402
0 0 431 430
0 0 433 432
0 0 437 436
34 28 31 30
50 48 41 40
35 29 33 32
51 49 47 46
110 106 79 78
116 112 81 80
111 107 109 108
117 113 115 114
403 399 335 334
433 431 339 338
437 435 343 342
402 398 401 400
432 430 421 420
436 434 423 422
40 30 37 36
80 78 57 56
41 31 39 38
81 79 63 62
46 32 43 42
114 108 71 70
47 33 45 44
115 109 77 76
410 334 241 240
342 338 243 242
404 400 259 258
422 420 263 262
407 401 307 306
423 421 311 310
413 335 337 336
343 339 341 340
56 36 53 52
57 37 55 54
62 38 59 58
-1 39 61 60
-1 63 65 64
70 42 67 66
71 43 69 68
76 44 73 72
77 45 75 74
242 240 169 168
243 241 235 234
262 258 245 244
263 259 261 260
310 306 281 280
340 336 351 350
341 337 369 368
-1 307 309 308
-1 311 313 312
134 72 131 130
172 168 143 142
86 52 83 82
246 244 149 148
87 53 85 84
247 245 155 154
92 54 89 88
260 248 161 160
93 55 91 90
261 249 167 166
135 73 133 132
173 169 171 170
98 58 95 94
280 250 183 182
99 59 97 96
281 251 189 188
64 60 101 100
-1 61 103 102
-1 65 105 104
140 74 137 136
238 234 209 208
122 66 119 118
350 254 215 214
123 67 121 120
351 255 221 220
128 68 125 124
368 256 227 226
129 69 127 126
369 257 233 232
141 75 139 138
239 235 237 236
312 308 425 424
-1 309 427 426
-1 313 429 428
142 130 87 86
143 131 93 92
170 132 99 98
208 136 123 122
209 137 129 128
236 138 135 134
237 139 141 140
-1 133 175 174
-1 171 177 176
155 85 153 152
148 82 145 144
149 83 147 146
154 84 151 150
160 88 157 156
161 89 159 158
166 90 163 162
167 91 165 164
182 94 179 178
183 95 181 180
188 96 185 184
189 97 187 186
194 100 191 190
439 425 319 318
195 101 193 192
438 424 325 324
104 102 197 196
105 103 199 198
214 118 211 210
215 119 213 212
220 120 217 216
221 121 219 218
226 124 223 222
227 125 225 224
232 126 229 228
233 127 231 230
428 426 441 440
429 427 443 442
344 152 173 172
176 174 195 194
-1 175 201 200
-1 177 203 202
346 153 239 238
416 144 247 246
418 145 249 248
462 156 1 1
460 157 1 1
466 158 1 1
464 159 1 1
470 162 1 1
468 163 1 1
474 164 1 1
472 165 1 1
345 146 251 250
287 178 1 1
286 179 1 1
293 180 1 1
292 181 1 1
299 184 1 1
298 185 1 1
305 186 1 1
304 187 1 1
319 190 315 314
318 191 317 316
325 192 321 320
324 193 323 322
417 150 255 254
463 210 1 1
461 211 1 1
467 212 1 1
465 213 1 1
471 216 1 1
469 217 1 1
475 218 1 1
473 219 1 1
419 151 257 256
376 222 -1 370
377 223 -1 371
384 224 -1 378
385 225 -1 379
391 228 1 1
390 229 1 1
397 230 393 1
396 231 1 1
-1 147 253 252
204 196 327 326
448 440 453 452
205 197 329 328
449 441 455 454
206 198 331 330
450 442 457 456
207 199 333 332
451 443 459 458
-1 393 435 434
452 326 287 286
453 327 293 292
454 328 299 298
455 329 305 304
202 200 205 204
203 201 207 206
456 330 377 376
457 331 385 384
458 332 391 390
459 333 397 396
-1 370 373 372
-1 371 375 374
-1 378 381 380
-1 379 383 382
348 252 439 438
-1 253 445 444
-1 322 461 460
-1 323 463 462
-1 320 465 464
-1 321 467 466
-1 316 469 468
-1 317 471 470
-1 314 473 472
-1 315 475 474
-1 372 405 404
-1 374 408 407
-1 380 411 410
-1 382 414 413
405 373 -1 406
408 375 -1 409
411 381 -1 412
414 383 -1 415
446 444 449 448
447 445 451 450
-1 412 345 344
-1 415 347 346
-1 406 417 416
-1 409 419 418
-1 347 349 348
-1 349 447 446
