0 0 29 28
0 0 35 34
0 0 49 48
0 0 51 50
0 0 107 106
0 0 111 110
0 0 113 112
0 0 117 116
0 0 395 394
0 0 399 398
0 0 403 402
0 0 405 404
0 0 419 418
34 28 31 30
50 48 41 40
35 29 33 32
51 49 47 46
110 106 79 78
116 112 81 80
111 107 109 108
117 113 115 114
399 395 335 334
405 403 339 338
426 419 341 340
398 394 397 396
404 402 401 400
424 418 407 406
40 30 37 36
80 78 57 56
41 31 39 38
81 79 63 62
46 32 43 42
114 108 71 70
47 33 45 44
115 109 77 76
338 334 241 240
414 340 243 242
400 396 259 258
415 406 263 262
401 397 307 306
417 407 311 310
339 335 337 336
416 341 343 342
56 36 53 52
57 37 55 54
62 38 59 58
-1 39 61 60
-1 63 65 64
70 42 67 66
71 43 69 68
76 44 73 72
77 45 75 74
242 240 169 168
243 241 235 234
262 258 245 244
263 259 261 260
310 306 281 280
342 336 351 350
343 337 369 368
-1 307 309 308
-1 311 313 312
134 72 131 130
172 168 143 142
86 52 83 82
246 244 149 148
87 53 85 84
247 245 155 154
92 54 89 88
260 248 161 160
93 55 91 90
261 249 167 166
135 73 133 132
173 169 171 170
98 58 95 94
280 250 183 182
99 59 97 96
281 251 189 188
64 60 101 100
-1 61 103 102
-1 65 105 104
140 74 137 136
238 234 209 208
122 66 119 118
350 254 215 214
123 67 121 120
351 255 221 220
128 68 125 124
368 256 227 226
129 69 127 126
369 257 233 232
141 75 139 138
239 235 237 236
312 308 409 408
-1 309 411 410
-1 313 413 412
142 130 87 86
143 131 93 92
170 132 99 98
208 136 123 122
209 137 129 128
236 138 135 134
237 139 141 140
-1 133 175 174
-1 171 177 176
155 85 153 152
148 82 145 144
149 83 147 146
154 84 151 150
160 88 157 156
161 89 159 158
166 90 163 162
167 91 165 164
182 94 179 178
183 95 181 180
188 96 185 184
189 97 187 186
194 100 191 190
433 409 319 318
195 101 193 192
432 408 325 324
104 102 197 196
105 103 199 198
214 118 211 210
215 119 213 212
220 120 217 216
221 121 219 218
226 124 223 222
227 125 225 224
232 126 229 228
233 127 231 230
412 410 435 434
413 411 437 436
344 152 173 172
176 174 195 194
-1 175 201 200
-1 177 203 202
346 153 239 238
428 144 247 246
430 145 249 248
456 156 1 1
454 157 1 1
460 158 1 1
458 159 1 1
464 162 1 1
462 163 1 1
468 164 1 1
466 165 1 1
345 146 251 250
287 178 1 1
286 179 1 1
293 180 1 1
292 181 1 1
299 184 1 1
298 185 1 1
305 186 1 1
304 187 1 1
319 190 315 314
318 191 317 316
325 192 321 320
324 193 323 322
429 150 255 254
457 210 1 1
455 211 1 1
461 212 1 1
459 213 1 1
465 216 1 1
463 217 1 1
469 218 1 1
467 219 1 1
431 151 257 256
375 222 371 370
374 223 373 372
381 224 1 1
380 225 1 1
333 228 -1 382
453 229 -1 383
393 230 1 1
392 231 1 1
-1 147 253 252
206 198 331 330
444 436 451 450
204 196 327 326
442 434 447 446
205 197 329 328
443 435 449 448
207 199 333 332
445 437 453 452
446 326 287 286
447 327 293 292
448 328 299 298
449 329 305 304
202 200 205 204
203 201 207 206
-1 372 345 344
-1 373 347 346
450 330 375 374
451 331 381 380
452 332 393 392
-1 370 429 428
-1 371 431 430
348 252 433 432
-1 253 439 438
-1 322 455 454
-1 323 457 456
-1 320 459 458
-1 321 461 460
-1 316 463 462
-1 317 465 464
-1 314 467 466
-1 315 469 468
-1 382 385 384
-1 383 387 386
425 385 -1 420
427 387 -1 423
-1 347 349 348
440 438 443 442
441 439 445 444
386 384 471 470
423 420 422 421
-1 470 425 424
-1 471 427 426
-1 349 441 440
-1 421 415 414
-1 422 417 416
