0 0 29 28
0 0 35 34
0 0 57 56
0 0 59 58
0 0 101 100
0 0 105 104
0 0 107 106
0 0 111 110
0 0 237 236
0 0 241 240
0 0 243 242
0 0 247 246
0 0 273 272
34 28 31 30
58 56 41 40
35 29 33 32
59 57 51 50
104 100 93 92
110 106 99 98
105 101 103 102
111 107 109 108
240 236 229 228
246 242 235 234
272 268 263 262
241 237 239 238
247 243 245 244
273 269 271 270
-1 30 37 36
-1 40 43 42
-1 31 39 38
-1 41 45 44
-1 32 47 46
-1 50 53 52
-1 33 49 48
-1 51 55 54
99 92 95 94
98 93 97 96
109 102 137 136
108 103 139 138
234 228 231 230
262 260 253 252
235 229 233 232
263 261 259 258
244 238 275 274
271 265 283 282
245 239 277 276
270 264 289 288
42 36 61 60
43 37 63 62
44 38 65 64
45 39 67 66
-1 94 113 112
-1 95 115 114
-1 96 117 116
-1 97 119 118
52 46 69 68
53 47 71 70
54 48 73 72
55 49 75 74
-1 136 141 140
-1 137 143 142
-1 138 145 144
-1 139 147 146
253 230 249 248
252 231 251 250
259 232 255 254
258 233 257 256
283 274 279 278
282 275 281 280
289 276 285 284
288 277 287 286
112 60 77 76
114 61 79 78
113 62 81 80
115 63 83 82
116 64 85 84
118 65 87 86
117 66 89 88
119 67 91 90
140 68 121 120
142 69 123 122
141 70 125 124
143 71 127 126
144 72 129 128
146 73 131 130
145 74 133 132
147 75 135 134
-1 250 213 212
-1 251 215 214
-1 248 217 216
-1 249 219 218
-1 256 221 220
-1 257 223 222
-1 254 225 224
-1 255 227 226
-1 280 291 290
-1 281 293 292
-1 278 295 294
-1 279 297 296
-1 286 299 298
-1 287 301 300
-1 284 303 302
-1 285 305 304
214 76 1 1
212 77 1 1
218 78 1 1
216 79 1 1
215 80 1 1
213 81 1 1
219 82 1 1
217 83 1 1
222 84 1 1
220 85 1 1
226 86 1 1
224 87 1 1
223 88 1 1
221 89 1 1
227 90 1 1
225 91 1 1
292 120 1 1
290 121 1 1
296 122 1 1
294 123 1 1
293 124 1 1
291 125 1 1
297 126 1 1
295 127 1 1
300 128 1 1
298 129 1 1
304 130 1 1
302 131 1 1
299 132 1 1
305 134 209 1
303 135 1 1
-1 133 207 206
-1 301 267 266
-1 209 269 268
266 206 261 260
267 207 265 264
