0 0 -1 28
0 0 -1 31
0 0 37 36
0 0 41 40
0 0 -1 82
0 0 -1 84
0 0 -1 88
0 0 -1 89
0 0 -1 94
0 0 -1 97
0 0 101 100
0 0 105 104
0 0 113 112
31 28 30 29
40 36 -1 38
41 37 -1 39
112 110 53 52
113 111 69 68
88 82 -1 83
89 84 -1 85
97 94 96 95
104 100 -1 102
105 101 -1 103
38 29 33 32
39 30 35 34
106 52 -1 50
108 53 -1 51
107 68 -1 66
109 69 -1 67
85 83 87 86
102 95 -1 98
103 96 -1 99
50 32 43 42
51 33 45 44
66 34 47 46
67 35 49 48
98 86 91 90
99 87 93 92
59 42 1 1
58 43 1 1
90 76 59 58
65 44 1 1
64 45 1 1
91 77 65 64
75 46 71 70
74 47 73 1
92 78 75 74
93 79 81 80
80 48 77 76
81 49 79 78
-1 73 111 110
-1 70 107 106
-1 71 109 108
