0 0 30 29
0 0 36 35
0 0 50 49
0 0 52 51
0 0 54 53
0 0 60 59
0 0 74 73
0 0 76 75
0 0 78 77
0 0 84 83
0 0 98 97
0 0 100 99
187 0 102 101
0 0 108 107
35 29 32 31
52 50 42 41
36 30 34 33
51 49 48 47
59 53 56 55
76 74 66 65
60 54 58 57
75 73 72 71
83 77 80 79
100 98 90 89
84 78 82 81
99 97 96 95
107 101 104 103
108 102 106 105
41 31 38 37
71 57 68 67
42 32 40 39
72 58 70 69
47 33 44 43
65 55 62 61
48 34 46 45
66 56 64 63
120 106 118 117
90 80 88 87
119 105 116 115
89 79 86 85
113 103 110 109
95 81 92 91
114 104 112 111
96 82 94 93
63 45 126 125
110 92 130 129
67 37 132 131
117 87 150 149
68 38 134 133
118 88 156 155
69 39 136 135
115 85 162 161
70 40 138 137
109 91 168 167
61 43 140 139
111 93 174 173
62 44 142 141
112 94 180 179
64 46 144 143
116 86 186 185
130 126 122 121
129 125 1 1
150 131 1 1
149 132 1 1
156 133 1 1
155 134 1 1
162 135 1 1
161 136 1 1
168 137 1 1
167 138 1 1
174 139 1 1
173 140 1 1
180 141 1 1
179 142 1 1
186 143 182 1
185 144 1 1
-1 182 188 187
124 122 114 113
123 121 120 119
-1 188 124 123
