33 0 -1 29
35 0 -1 31
47 0 -1 43
49 0 -1 45
0 0 74 73
0 0 78 77
0 0 80 79
0 0 84 83
0 0 -1 85
0 0 -1 86
0 0 -1 87
0 0 -1 88
0 0 -1 89
0 0 -1 90
0 0 -1 93
71 0 -1 94
34 29 -1 30
36 31 -1 32
48 43 -1 44
50 45 -1 46
91 89 -1 57
92 90 -1 58
93 65 -1 59
94 68 -1 60
87 85 -1 61
88 86 -1 62
77 73 -1 75
78 74 -1 76
83 79 -1 81
84 80 -1 82
-1 57 34 33
-1 58 36 35
61 30 -1 37
62 32 -1 38
-1 59 48 47
-1 60 50 49
46 44 52 51
81 75 -1 69
82 76 -1 70
70 51 54 1
69 52 1 1
-1 37 40 39
-1 38 42 41
-1 54 72 71
64 40 -1 65
67 42 -1 68
-1 39 64 63
-1 41 67 66
-1 72 96 95
96 63 -1 91
95 66 -1 92
