0 0 30 29
0 0 36 35
0 0 50 49
0 0 52 51
0 0 102 101
0 0 106 105
0 0 108 107
0 0 112 111
0 0 168 167
0 0 172 171
0 0 174 173
0 0 178 177
0 0 182 181
327 0 210 209
35 29 32 31
51 49 42 41
36 30 34 33
52 50 48 47
105 101 78 77
111 107 80 79
106 102 104 103
112 108 110 109
171 167 152 151
177 173 154 153
172 168 170 169
178 174 176 175
187 181 184 183
209 207 200 199
191 182 186 185
210 208 206 205
41 31 38 37
79 77 58 57
42 32 40 39
80 78 64 63
47 33 44 43
48 34 46 45
175 169 138 137
109 103 140 139
153 151 144 143
110 104 142 141
154 152 150 149
176 170 180 179
199 183 196 195
200 184 198 197
205 185 202 201
206 186 204 203
57 37 54 53
137 83 82 81
58 38 56 55
138 84 88 87
63 39 60 59
179 85 94 93
64 40 62 61
180 86 100 99
69 43 66 65
143 139 118 117
70 44 68 67
144 140 124 123
75 45 72 71
76 46 74 73
149 141 146 145
227 195 160 159
150 142 148 147
231 196 166 165
235 197 212 211
239 198 214 213
225 203 222 221
219 201 216 215
220 202 218 217
226 204 224 223
81 53 70 69
82 54 76 75
87 55 84 83
88 56 86 85
259 221 220 219
263 222 226 225
228 217 230 229
118 66 116 115
232 218 234 233
117 65 114 113
277 223 256 255
279 224 258 257
93 59 90 89
319 215 252 251
94 60 92 91
323 216 254 253
99 61 96 95
237 211 244 243
100 62 98 97
238 212 246 245
123 67 120 119
241 213 248 247
124 68 122 121
242 214 250 249
129 71 126 125
159 145 156 155
130 72 128 127
160 146 158 157
135 73 132 131
165 147 162 161
136 74 134 133
166 148 164 163
278 255 130 129
280 256 136 135
257 236 238 237
258 240 242 241
162 132 268 267
229 116 1 1
230 115 1 1
233 114 1 1
234 113 1 1
163 133 282 281
252 89 1 1
251 90 1 1
254 91 1 1
253 92 1 1
244 95 1 1
243 96 1 1
246 97 1 1
245 98 1 1
248 119 1 1
247 120 1 1
250 121 1 1
249 122 1 1
156 125 1 1
155 126 1 1
158 127 1 1
157 128 1 1
161 131 316 1
164 134 318 317
-1 316 328 327
267 192 194 193
268 188 190 189
281 264 266 265
282 260 262 261
324 317 326 325
320 318 322 321
-1 328 208 207
-1 189 188 187
-1 190 192 191
-1 193 228 227
-1 194 232 231
-1 261 236 235
-1 262 240 239
-1 321 260 259
-1 322 264 263
-1 265 278 277
-1 266 280 279
-1 325 320 319
-1 326 324 323
