0 0 30 29
0 0 36 35
0 0 50 49
0 0 52 51
0 0 108 107
0 0 112 111
0 0 114 113
0 0 118 117
0 0 420 419
0 0 424 423
0 0 428 427
0 0 430 429
0 0 442 441
479 0 446 445
35 29 32 31
51 49 42 41
36 30 34 33
52 50 48 47
111 107 82 81
117 113 84 83
112 108 110 109
118 114 116 115
424 420 354 353
430 428 358 357
442 440 360 359
446 444 364 363
423 419 422 421
429 427 426 425
441 439 432 431
445 443 434 433
41 31 38 37
83 81 58 57
42 32 40 39
84 82 64 63
47 33 44 43
115 109 72 71
48 34 46 45
116 110 80 79
357 353 238 237
363 359 240 239
425 421 272 271
433 431 276 275
426 422 334 333
434 432 338 337
358 354 356 355
364 360 362 361
57 37 54 53
58 38 56 55
63 39 60 59
-1 40 62 61
-1 64 66 65
71 43 68 67
-1 44 70 69
-1 72 74 73
79 45 76 75
80 46 78 77
239 237 168 167
240 238 232 231
275 271 244 243
276 272 274 273
337 333 306 305
361 355 372 371
-1 334 336 335
-1 338 340 339
-1 356 404 403
-1 362 406 405
133 75 130 129
171 167 142 141
89 53 86 85
245 243 148 147
90 54 88 87
246 244 154 153
95 55 92 91
279 273 160 159
96 56 94 93
280 274 166 165
134 76 132 131
172 168 170 169
101 59 98 97
307 305 182 181
102 60 100 99
308 306 188 187
65 61 104 103
66 62 106 105
139 77 136 135
235 231 204 203
123 67 120 119
373 371 212 211
124 68 122 121
374 372 218 217
73 69 126 125
74 70 128 127
140 78 138 137
236 232 234 233
339 335 436 435
340 336 438 437
405 403 448 447
406 404 450 449
141 129 90 89
142 130 96 95
169 131 102 101
203 135 124 123
233 137 134 133
234 138 140 139
-1 132 174 173
-1 170 176 175
-1 136 202 201
-1 204 206 205
147 85 144 143
148 86 146 145
153 87 150 149
154 88 152 151
159 91 156 155
160 92 158 157
165 93 162 161
166 94 164 163
181 97 178 177
182 98 180 179
187 99 184 183
188 100 186 185
193 103 190 189
461 435 346 345
194 104 192 191
462 436 348 347
199 105 196 195
463 437 350 349
200 106 198 197
464 438 352 351
211 119 208 207
212 120 210 209
217 121 214 213
218 122 216 215
223 125 220 219
465 447 412 411
224 126 222 221
466 448 414 413
229 127 226 225
467 449 416 415
230 128 228 227
468 450 418 417
175 173 194 193
176 174 200 199
205 201 224 223
206 202 230 229
252 143 1 1
251 144 1 1
345 189 252 251
258 145 1 1
257 146 1 1
346 190 258 257
264 149 1 1
263 150 1 1
347 191 264 263
270 151 1 1
269 152 1 1
348 192 270 269
286 155 1 1
285 156 1 1
411 219 286 285
292 157 1 1
291 158 1 1
412 220 292 291
298 161 1 1
297 162 1 1
413 221 298 297
304 163 1 1
303 164 1 1
414 222 304 303
314 177 1 1
313 178 1 1
349 195 314 313
320 179 1 1
319 180 1 1
350 196 320 319
326 183 1 1
325 184 1 1
351 197 326 325
332 185 1 1
331 186 1 1
352 198 332 331
379 207 376 375
417 227 380 379
388 209 1 1
387 210 1 1
418 228 388 387
393 213 1 1
415 225 394 393
402 215 398 1
401 216 1 1
416 226 402 401
-1 214 392 391
-1 208 378 377
-1 398 480 479
396 392 440 439
395 391 452 451
-1 394 396 395
382 378 454 453
381 377 474 473
-1 380 382 381
-1 375 476 475
-1 376 478 477
-1 480 444 443
475 469 242 241
470 453 278 277
472 454 342 341
-1 476 366 365
-1 478 368 367
477 471 408 407
-1 473 456 455
-1 474 460 459
-1 451 470 469
-1 452 472 471
365 241 172 171
367 242 236 235
455 277 246 245
459 278 280 279
366 341 308 307
460 407 374 373
-1 342 344 343
-1 368 370 369
-1 408 410 409
-1 456 458 457
369 343 462 461
370 344 464 463
457 409 466 465
458 410 468 467
