0 0 30 29
0 0 36 35
0 0 50 49
0 0 52 51
0 0 108 107
0 0 112 111
0 0 114 113
0 0 118 117
0 0 248 247
0 0 252 251
0 0 254 253
0 0 258 257
0 0 264 263
512 0 270 269
35 29 32 31
51 49 42 41
36 30 34 33
52 50 48 47
111 107 78 77
117 113 80 79
112 108 110 109
118 114 116 115
251 247 172 171
257 253 176 175
263 259 178 177
269 265 182 181
252 248 250 249
258 254 256 255
264 260 262 261
270 266 268 267
41 31 38 37
79 77 58 57
42 32 40 39
80 78 64 63
47 33 44 43
115 109 70 69
48 34 46 45
116 110 76 75
175 171 144 143
181 177 146 145
176 172 174 173
182 178 180 179
255 249 362 361
267 261 368 367
256 250 364 363
268 262 374 373
57 37 54 53
145 143 86 85
58 38 56 55
146 144 92 91
63 39 60 59
179 173 98 97
64 40 62 61
180 174 106 105
69 43 66 65
70 44 68 67
75 45 72 71
76 46 74 73
367 361 222 221
368 362 366 365
373 363 370 369
374 364 372 371
85 53 82 81
86 54 84 83
91 55 88 87
92 56 90 89
97 59 94 93
-1 60 96 95
-1 98 100 99
105 61 102 101
106 62 104 103
123 65 120 119
379 221 206 205
124 66 122 121
381 222 208 207
129 67 126 125
383 365 214 213
130 68 128 127
386 366 220 219
135 71 132 131
414 369 228 227
136 72 134 133
416 370 234 233
141 73 138 137
438 371 240 239
142 74 140 139
440 372 246 245
205 119 124 123
206 120 130 129
207 121 136 135
208 122 142 141
213 125 210 209
151 81 148 147
152 82 150 149
157 83 154 153
158 84 156 155
214 126 212 211
163 87 160 159
164 88 162 161
169 89 166 165
170 90 168 167
219 127 216 215
187 93 184 183
188 94 186 185
99 95 190 189
100 96 192 191
220 128 218 217
197 101 194 193
198 102 196 195
203 103 200 199
204 104 202 201
227 131 224 223
228 132 226 225
233 133 230 229
234 134 232 231
239 137 236 235
240 138 238 237
245 139 242 241
246 140 244 243
271 209 152 151
272 210 158 157
291 211 164 163
292 212 170 169
309 215 188 187
343 217 198 197
344 218 204 203
458 147 1 1
456 148 1 1
462 149 1 1
460 150 1 1
466 153 1 1
464 154 1 1
470 155 1 1
468 156 1 1
474 159 1 1
472 160 1 1
478 161 1 1
476 162 1 1
482 165 1 1
480 166 1 1
486 167 1 1
484 168 1 1
320 183 316 315
319 184 318 317
326 185 322 321
325 186 324 323
-1 216 314 313
475 193 1 1
473 194 1 1
479 195 1 1
477 196 1 1
483 199 1 1
481 200 1 1
487 201 1 1
485 202 1 1
394 223 390 389
393 224 392 391
400 225 396 395
399 226 398 397
406 229 1 1
405 230 1 1
412 231 1 1
411 232 1 1
461 235 -1 417
463 236 -1 418
457 237 -1 423
459 238 -1 424
465 241 -1 429
467 242 -1 430
471 243 -1 435
469 244 1 1
331 189 328 327
-1 190 330 329
339 191 336 335
340 192 338 337
-1 435 509 508
488 327 320 319
489 328 326 325
313 311 332 331
314 312 340 339
500 335 394 393
501 336 400 399
502 337 406 405
503 338 412 411
-1 423 426 425
-1 424 428 427
-1 417 420 419
-1 418 422 421
-1 397 457 456
-1 398 459 458
-1 395 461 460
-1 396 463 462
-1 391 465 464
-1 392 467 466
-1 389 469 468
-1 390 471 470
-1 323 473 472
-1 324 475 474
-1 321 477 476
-1 322 479 478
-1 317 481 480
-1 318 483 482
-1 315 485 484
-1 316 487 486
333 329 491 490
334 330 499 498
-1 429 432 431
-1 430 434 433
511 508 -1 510
-1 509 512 511
433 375 260 259
439 425 290 289
441 427 342 341
452 419 -1 442
454 421 -1 443
426 384 -1 385
428 387 -1 388
446 432 -1 444
447 434 -1 445
494 490 489 488
-1 332 334 333
504 498 501 500
505 499 503 502
455 420 449 448
453 422 451 450
-1 491 493 492
-1 431 507 506
-1 510 266 265
380 289 272 271
382 290 292 291
413 341 310 309
415 342 344 343
507 378 376 375
-1 442 380 379
-1 443 382 381
-1 450 384 383
-1 451 387 386
-1 385 414 413
-1 388 416 415
-1 444 439 438
-1 445 441 440
506 377 447 446
-1 448 453 452
-1 449 455 454
496 492 495 494
497 493 505 504
-1 310 312 311
-1 495 497 496
-1 376 378 377
