0 0 30 29
0 0 36 35
0 0 50 49
0 0 52 51
0 0 108 107
0 0 112 111
0 0 114 113
0 0 118 117
0 0 250 249
0 0 254 253
0 0 256 255
0 0 260 259
0 0 262 261
510 0 270 269
35 29 32 31
51 49 42 41
36 30 34 33
52 50 48 47
111 107 78 77
117 113 80 79
112 108 110 109
118 114 116 115
253 249 172 171
259 255 176 175
375 261 178 177
269 265 182 181
254 250 252 251
260 256 258 257
378 262 264 263
270 266 268 267
41 31 38 37
79 77 58 57
42 32 40 39
80 78 64 63
47 33 44 43
115 109 70 69
48 34 46 45
116 110 76 75
175 171 144 143
181 177 146 145
176 172 174 173
182 178 180 179
257 251 362 361
267 263 368 367
258 252 364 363
268 264 374 373
57 37 54 53
145 143 86 85
58 38 56 55
146 144 92 91
63 39 60 59
179 173 98 97
64 40 62 61
180 174 106 105
69 43 66 65
70 44 68 67
75 45 72 71
76 46 74 73
367 361 222 221
368 362 366 365
373 363 370 369
374 364 372 371
85 53 82 81
86 54 84 83
91 55 88 87
92 56 90 89
97 59 94 93
-1 60 96 95
-1 98 100 99
105 61 102 101
106 62 104 103
123 65 120 119
223 221 206 205
124 66 122 121
224 222 208 207
129 67 126 125
383 365 214 213
130 68 128 127
384 366 220 219
135 71 132 131
385 369 230 229
136 72 134 133
386 370 236 235
141 73 138 137
413 371 242 241
142 74 140 139
414 372 248 247
205 119 124 123
206 120 130 129
207 121 136 135
208 122 142 141
213 125 210 209
151 81 148 147
152 82 150 149
157 83 154 153
158 84 156 155
214 126 212 211
163 87 160 159
164 88 162 161
169 89 166 165
170 90 168 167
219 127 216 215
187 93 184 183
188 94 186 185
99 95 190 189
100 96 192 191
220 128 218 217
197 101 194 193
198 102 196 195
203 103 200 199
204 104 202 201
229 131 226 225
230 132 228 227
235 133 232 231
236 134 234 233
241 137 238 237
242 138 240 239
247 139 244 243
248 140 246 245
271 209 152 151
272 210 158 157
291 211 164 163
292 212 170 169
309 215 188 187
343 217 198 197
344 218 204 203
458 147 1 1
456 148 1 1
462 149 1 1
460 150 1 1
466 153 1 1
464 154 1 1
470 155 1 1
468 156 1 1
474 159 1 1
472 160 1 1
478 161 1 1
476 162 1 1
482 165 1 1
480 166 1 1
486 167 1 1
484 168 1 1
320 183 316 315
319 184 318 317
326 185 322 321
325 186 324 323
-1 216 314 313
475 193 1 1
473 194 1 1
479 195 1 1
477 196 1 1
483 199 1 1
481 200 1 1
487 201 1 1
485 202 1 1
392 225 388 387
391 226 390 389
398 227 394 393
397 228 396 395
404 231 1 1
403 232 1 1
410 233 1 1
409 234 1 1
463 239 1 1
461 240 1 1
465 243 -1 423
467 244 -1 424
471 245 -1 429
469 246 1 1
-1 237 416 415
-1 238 418 417
331 189 328 327
-1 190 330 329
339 191 336 335
340 192 338 337
-1 429 507 506
488 327 320 319
489 328 326 325
313 311 332 331
314 312 340 339
500 335 392 391
501 336 398 397
502 337 404 403
503 338 410 409
449 416 433 432
448 415 447 446
455 418 451 450
454 417 453 452
-1 395 457 456
-1 396 459 458
-1 393 461 460
-1 394 463 462
-1 389 465 464
-1 390 467 466
-1 387 469 468
-1 388 471 470
-1 323 473 472
-1 324 475 474
-1 321 477 476
-1 322 479 478
-1 317 481 480
-1 318 483 482
-1 315 485 484
-1 316 487 486
333 329 491 490
334 330 499 498
-1 423 426 425
-1 424 428 427
509 506 -1 508
-1 507 510 509
450 443 290 289
451 445 342 341
-1 426 376 375
-1 428 379 378
442 432 382 381
444 433 412 411
-1 446 435 434
-1 447 437 436
-1 452 439 438
-1 453 441 440
-1 457 449 448
-1 459 455 454
425 376 -1 377
427 379 -1 380
494 490 489 488
-1 332 334 333
504 498 501 500
505 499 503 502
-1 491 493 492
-1 508 266 265
435 381 224 223
434 289 272 271
436 290 292 291
438 341 310 309
440 342 344 343
437 382 384 383
439 411 386 385
441 412 414 413
-1 377 443 442
-1 380 445 444
496 492 495 494
497 493 505 504
-1 310 312 311
-1 495 497 496
