0 0 -1 30
0 0 -1 33
0 0 39 38
0 0 43 42
0 0 101 100
0 0 103 102
0 0 153 152
0 0 157 156
0 0 165 164
0 0 167 166
0 0 177 176
0 0 179 178
0 0 181 180
0 0 183 182
33 30 32 31
42 38 -1 40
43 39 -1 41
102 100 97 96
103 101 99 98
157 153 105 104
167 165 109 108
179 177 111 110
183 181 115 114
156 152 155 154
166 164 163 162
178 176 173 172
182 180 175 174
40 31 35 34
41 32 37 36
98 90 61 60
99 91 67 66
96 88 73 72
97 89 79 78
108 104 93 92
114 110 95 94
162 154 159 158
174 172 169 168
163 155 161 160
175 173 171 170
109 105 107 106
115 111 113 112
52 34 45 44
54 35 47 46
53 36 49 48
55 37 51 50
95 93 81 80
67 47 65 64
94 92 87 86
66 46 63 62
72 48 69 68
169 159 121 120
73 49 71 70
168 158 127 126
78 50 75 74
113 107 133 132
79 51 77 76
112 106 139 138
60 44 57 56
171 161 145 144
61 45 59 58
170 160 151 150
80 65 83 82
81 64 1 1
86 62 89 88
87 63 91 90
121 68 1 1
120 69 1 1
127 70 1 1
126 71 1 1
133 74 1 1
132 75 1 1
139 76 1 1
138 77 1 1
145 56 1 1
144 57 1 1
151 58 1 1
150 59 1 1
-1 82 53 52
-1 83 55 54
