0 0 31 30
0 0 37 36
0 0 51 50
0 0 53 52
0 0 107 106
0 0 111 110
0 0 113 112
0 0 117 116
0 0 143 142
0 0 149 148
0 0 163 162
0 0 165 164
0 0 181 180
0 0 185 184
36 30 33 32
52 50 43 42
37 31 35 34
53 51 49 48
110 106 79 78
116 112 81 80
111 107 109 108
117 113 115 114
148 142 145 144
164 162 155 154
149 143 147 146
165 163 161 160
184 180 175 174
185 181 183 182
42 32 39 38
80 78 59 58
43 33 41 40
81 79 65 64
48 34 45 44
114 108 71 70
49 35 47 46
115 109 77 76
154 144 151 150
176 174 167 166
155 145 153 152
178 175 169 168
160 146 157 156
182 177 171 170
161 147 159 158
183 179 173 172
58 38 55 54
170 156 87 86
59 39 57 56
171 157 93 92
64 40 61 60
172 158 99 98
65 41 63 62
173 159 105 104
70 44 67 66
166 150 123 122
71 45 69 68
167 151 129 128
76 46 73 72
168 152 135 134
77 47 75 74
169 153 141 140
128 68 125 124
86 54 83 82
87 55 85 84
92 56 89 88
93 57 91 90
98 60 95 94
99 61 97 96
104 62 101 100
105 63 103 102
122 66 119 118
123 67 121 120
129 69 127 126
134 72 131 130
135 73 133 132
140 74 137 136
141 75 139 138
191 124 187 186
190 125 1 1
272 121 191 190
197 82 1 1
196 83 1 1
250 100 197 196
203 84 1 1
202 85 1 1
254 101 203 202
209 88 1 1
208 89 1 1
258 118 209 208
215 90 1 1
214 91 1 1
260 119 215 214
221 94 1 1
220 95 1 1
259 136 221 220
227 96 1 1
226 97 1 1
261 137 227 226
233 126 1 1
232 127 1 1
270 120 233 232
243 130 1 1
242 131 1 1
271 138 243 242
249 132 1 1
248 133 1 1
273 139 249 248
262 102 229 228
266 103 231 230
-1 186 177 176
-1 187 179 178
267 228 269 268
263 229 265 264
255 230 257 256
251 231 253 252
-1 256 251 250
-1 257 255 254
-1 268 259 258
-1 269 261 260
-1 252 263 262
-1 253 267 266
-1 264 271 270
-1 265 273 272
