0 0 31 30
0 0 37 36
0 0 51 50
0 0 53 52
0 0 109 108
0 0 113 112
0 0 115 114
0 0 119 118
0 0 397 396
0 0 401 400
0 0 405 404
0 0 407 406
0 0 421 420
0 0 423 422
36 30 33 32
52 50 43 42
37 31 35 34
53 51 49 48
112 108 81 80
118 114 83 82
113 109 111 110
119 115 117 116
401 397 337 336
407 405 341 340
423 421 343 342
400 396 399 398
406 404 403 402
422 420 409 408
42 32 39 38
82 80 59 58
43 33 41 40
83 81 65 64
48 34 45 44
116 110 73 72
49 35 47 46
117 111 79 78
340 336 243 242
416 342 245 244
402 398 261 260
417 408 265 264
403 399 309 308
419 409 313 312
341 337 339 338
418 343 345 344
58 38 55 54
59 39 57 56
64 40 61 60
-1 41 63 62
-1 65 67 66
72 44 69 68
73 45 71 70
78 46 75 74
79 47 77 76
244 242 171 170
245 243 237 236
264 260 247 246
265 261 263 262
312 308 283 282
344 338 353 352
345 339 371 370
-1 309 311 310
-1 313 315 314
136 74 133 132
174 170 145 144
88 54 85 84
248 246 151 150
89 55 87 86
249 247 157 156
94 56 91 90
262 250 163 162
95 57 93 92
263 251 169 168
137 75 135 134
175 171 173 172
100 60 97 96
282 252 185 184
101 61 99 98
283 253 191 190
66 62 103 102
-1 63 105 104
-1 67 107 106
142 76 139 138
240 236 211 210
124 68 121 120
352 256 217 216
125 69 123 122
353 257 223 222
130 70 127 126
370 258 229 228
131 71 129 128
371 259 235 234
143 77 141 140
241 237 239 238
314 310 411 410
-1 311 413 412
-1 315 415 414
144 132 89 88
145 133 95 94
172 134 101 100
210 138 125 124
211 139 131 130
238 140 137 136
239 141 143 142
-1 135 177 176
-1 173 179 178
157 87 155 154
150 84 147 146
151 85 149 148
156 86 153 152
162 90 159 158
163 91 161 160
168 92 165 164
169 93 167 166
184 96 181 180
185 97 183 182
190 98 187 186
191 99 189 188
196 102 193 192
429 411 321 320
197 103 195 194
428 410 327 326
106 104 199 198
107 105 201 200
216 120 213 212
217 121 215 214
222 122 219 218
223 123 221 220
228 126 225 224
229 127 227 226
234 128 231 230
235 129 233 232
414 412 431 430
415 413 433 432
346 154 175 174
178 176 197 196
-1 177 203 202
-1 179 205 204
348 155 241 240
424 146 249 248
426 147 251 250
452 158 1 1
450 159 1 1
456 160 1 1
454 161 1 1
460 164 1 1
458 165 1 1
464 166 1 1
462 167 1 1
347 148 253 252
289 180 1 1
288 181 1 1
295 182 1 1
294 183 1 1
301 186 1 1
300 187 1 1
307 188 1 1
306 189 1 1
321 192 317 316
320 193 319 318
327 194 323 322
326 195 325 324
425 152 257 256
453 212 1 1
451 213 1 1
457 214 1 1
455 215 1 1
461 218 1 1
459 219 1 1
465 220 1 1
463 221 1 1
427 153 259 258
377 224 373 372
376 225 375 374
383 226 1 1
382 227 1 1
389 230 385 384
388 231 1 1
395 232 1 1
394 233 1 1
-1 149 255 254
208 200 333 332
440 432 447 446
206 198 329 328
438 430 443 442
207 199 331 330
439 431 445 444
209 201 335 334
441 433 449 448
442 328 289 288
443 329 295 294
444 330 301 300
445 331 307 306
204 202 207 206
205 203 209 208
-1 374 347 346
-1 375 349 348
446 332 377 376
447 333 383 382
448 334 389 388
449 335 395 394
-1 384 417 416
-1 385 419 418
-1 372 425 424
-1 373 427 426
350 254 429 428
-1 255 435 434
-1 324 451 450
-1 325 453 452
-1 322 455 454
-1 323 457 456
-1 318 459 458
-1 319 461 460
-1 316 463 462
-1 317 465 464
-1 349 351 350
436 434 439 438
437 435 441 440
-1 351 437 436
