0 0 31 30
0 0 37 36
0 0 51 50
0 0 53 52
0 0 109 108
0 0 113 112
0 0 115 114
0 0 119 118
0 0 421 420
0 0 425 424
0 0 429 428
0 0 431 430
0 0 443 442
0 0 447 446
36 30 33 32
52 50 43 42
37 31 35 34
53 51 49 48
112 108 83 82
118 114 85 84
113 109 111 110
119 115 117 116
425 421 355 354
431 429 359 358
443 441 361 360
447 445 365 364
424 420 423 422
430 428 427 426
442 440 433 432
446 444 435 434
42 32 39 38
84 82 59 58
43 33 41 40
85 83 65 64
48 34 45 44
116 110 73 72
49 35 47 46
117 111 81 80
358 354 239 238
364 360 241 240
426 422 273 272
434 432 277 276
427 423 335 334
435 433 339 338
359 355 357 356
365 361 363 362
58 38 55 54
59 39 57 56
64 40 61 60
-1 41 63 62
-1 65 67 66
72 44 69 68
-1 45 71 70
-1 73 75 74
80 46 77 76
81 47 79 78
240 238 169 168
241 239 233 232
276 272 245 244
277 273 275 274
338 334 307 306
362 356 373 372
-1 335 337 336
-1 339 341 340
-1 357 405 404
-1 363 407 406
134 76 131 130
172 168 143 142
90 54 87 86
246 244 149 148
91 55 89 88
247 245 155 154
96 56 93 92
280 274 161 160
97 57 95 94
281 275 167 166
135 77 133 132
173 169 171 170
102 60 99 98
308 306 183 182
103 61 101 100
309 307 189 188
66 62 105 104
67 63 107 106
140 78 137 136
236 232 205 204
124 68 121 120
374 372 213 212
125 69 123 122
375 373 219 218
74 70 127 126
75 71 129 128
141 79 139 138
237 233 235 234
340 336 437 436
341 337 439 438
406 404 449 448
407 405 451 450
142 130 91 90
143 131 97 96
170 132 103 102
204 136 125 124
234 138 135 134
235 139 141 140
-1 133 175 174
-1 171 177 176
-1 137 203 202
-1 205 207 206
148 86 145 144
149 87 147 146
154 88 151 150
155 89 153 152
160 92 157 156
161 93 159 158
166 94 163 162
167 95 165 164
182 98 179 178
183 99 181 180
188 100 185 184
189 101 187 186
194 104 191 190
462 436 347 346
195 105 193 192
463 437 349 348
200 106 197 196
464 438 351 350
201 107 199 198
465 439 353 352
212 120 209 208
213 121 211 210
218 122 215 214
219 123 217 216
224 126 221 220
466 448 413 412
225 127 223 222
467 449 415 414
230 128 227 226
468 450 417 416
231 129 229 228
469 451 419 418
176 174 195 194
177 175 201 200
206 202 225 224
207 203 231 230
253 144 1 1
252 145 1 1
346 190 253 252
259 146 1 1
258 147 1 1
347 191 259 258
265 150 1 1
264 151 1 1
348 192 265 264
271 152 1 1
270 153 1 1
349 193 271 270
287 156 1 1
286 157 1 1
412 220 287 286
293 158 1 1
292 159 1 1
413 221 293 292
299 162 1 1
298 163 1 1
414 222 299 298
305 164 1 1
304 165 1 1
415 223 305 304
315 178 1 1
314 179 1 1
350 196 315 314
321 180 1 1
320 181 1 1
351 197 321 320
327 184 1 1
326 185 1 1
352 198 327 326
333 186 1 1
332 187 1 1
353 199 333 332
380 208 377 376
418 228 381 380
389 210 1 1
388 211 1 1
419 229 389 388
394 214 1 1
416 226 395 394
403 216 399 1
402 217 1 1
417 227 403 402
-1 215 393 392
-1 209 379 378
-1 399 445 444
397 393 441 440
396 392 453 452
-1 395 397 396
383 379 455 454
382 378 475 474
-1 381 383 382
-1 376 477 476
-1 377 479 478
476 470 243 242
471 454 279 278
473 455 343 342
-1 477 367 366
-1 479 369 368
478 472 409 408
-1 474 457 456
-1 475 461 460
-1 452 471 470
-1 453 473 472
366 242 173 172
368 243 237 236
456 278 247 246
460 279 281 280
367 342 309 308
461 408 375 374
-1 343 345 344
-1 369 371 370
-1 409 411 410
-1 457 459 458
370 344 463 462
371 345 465 464
458 410 467 466
459 411 469 468
