0 0 31 30
0 0 37 36
0 0 51 50
0 0 53 52
0 0 109 108
0 0 113 112
0 0 115 114
0 0 119 118
0 0 249 248
0 0 253 252
0 0 255 254
0 0 259 258
0 0 265 264
0 0 271 270
36 30 33 32
52 50 43 42
37 31 35 34
53 51 49 48
112 108 79 78
118 114 81 80
113 109 111 110
119 115 117 116
252 248 173 172
258 254 177 176
264 260 179 178
270 266 183 182
253 249 251 250
259 255 257 256
265 261 263 262
271 267 269 268
42 32 39 38
80 78 59 58
43 33 41 40
81 79 65 64
48 34 45 44
116 110 71 70
49 35 47 46
117 111 77 76
176 172 145 144
182 178 147 146
177 173 175 174
183 179 181 180
256 250 363 362
268 262 369 368
257 251 365 364
269 263 375 374
58 38 55 54
146 144 87 86
59 39 57 56
147 145 93 92
64 40 61 60
180 174 99 98
65 41 63 62
181 175 107 106
70 44 67 66
71 45 69 68
76 46 73 72
77 47 75 74
368 362 223 222
369 363 367 366
374 364 371 370
375 365 373 372
86 54 83 82
87 55 85 84
92 56 89 88
93 57 91 90
98 60 95 94
-1 61 97 96
-1 99 101 100
106 62 103 102
107 63 105 104
124 66 121 120
380 222 207 206
125 67 123 122
382 223 209 208
130 68 127 126
384 366 215 214
131 69 129 128
387 367 221 220
136 72 133 132
415 370 229 228
137 73 135 134
417 371 235 234
142 74 139 138
440 372 241 240
143 75 141 140
442 373 247 246
206 120 125 124
207 121 131 130
208 122 137 136
209 123 143 142
214 126 211 210
152 82 149 148
153 83 151 150
158 84 155 154
159 85 157 156
215 127 213 212
164 88 161 160
165 89 163 162
170 90 167 166
171 91 169 168
220 128 217 216
188 94 185 184
189 95 187 186
100 96 191 190
101 97 193 192
221 129 219 218
198 102 195 194
199 103 197 196
204 104 201 200
205 105 203 202
228 132 225 224
229 133 227 226
234 134 231 230
235 135 233 232
240 138 237 236
241 139 239 238
246 140 243 242
247 141 245 244
272 210 153 152
273 211 159 158
292 212 165 164
293 213 171 170
310 216 189 188
344 218 199 198
345 219 205 204
460 148 1 1
458 149 1 1
464 150 1 1
462 151 1 1
468 154 1 1
466 155 1 1
472 156 1 1
470 157 1 1
476 160 1 1
474 161 1 1
480 162 1 1
478 163 1 1
484 166 1 1
482 167 1 1
488 168 1 1
486 169 1 1
321 184 317 316
320 185 319 318
327 186 323 322
326 187 325 324
-1 217 315 314
477 194 1 1
475 195 1 1
481 196 1 1
479 197 1 1
485 200 1 1
483 201 1 1
489 202 1 1
487 203 1 1
395 224 391 390
394 225 393 392
401 226 397 396
400 227 399 398
407 230 1 1
406 231 1 1
413 232 1 1
412 233 1 1
463 236 -1 418
465 237 -1 419
459 238 -1 424
461 239 -1 425
467 242 -1 430
469 243 -1 431
473 244 437 1
471 245 1 1
332 190 329 328
-1 191 331 330
340 192 337 336
341 193 339 338
-1 437 267 266
490 328 321 320
491 329 327 326
314 312 333 332
315 313 341 340
502 336 395 394
503 337 401 400
504 338 407 406
505 339 413 412
-1 424 427 426
-1 425 429 428
-1 418 421 420
-1 419 423 422
-1 398 459 458
-1 399 461 460
-1 396 463 462
-1 397 465 464
-1 392 467 466
-1 393 469 468
-1 390 471 470
-1 391 473 472
-1 324 475 474
-1 325 477 476
-1 322 479 478
-1 323 481 480
-1 318 483 482
-1 319 485 484
-1 316 487 486
-1 317 489 488
334 330 493 492
335 331 501 500
-1 430 433 432
-1 431 435 434
434 376 261 260
441 426 291 290
443 428 343 342
454 420 -1 444
456 422 -1 445
427 385 -1 386
429 388 -1 389
448 433 -1 446
449 435 -1 447
496 492 491 490
-1 333 335 334
506 500 503 502
507 501 505 504
457 421 451 450
455 423 453 452
-1 493 495 494
-1 432 509 508
381 290 273 272
383 291 293 292
414 342 311 310
416 343 345 344
509 379 377 376
-1 444 381 380
-1 445 383 382
-1 452 385 384
-1 453 388 387
-1 386 415 414
-1 389 417 416
-1 446 441 440
-1 447 443 442
508 378 449 448
-1 450 455 454
-1 451 457 456
498 494 497 496
499 495 507 506
-1 311 313 312
-1 497 499 498
-1 377 379 378
