0 0 31 30
0 0 37 36
0 0 51 50
0 0 53 52
0 0 109 108
0 0 113 112
0 0 115 114
0 0 119 118
0 0 399 398
0 0 403 402
0 0 427 426
0 0 429 428
0 0 431 430
0 0 433 432
36 30 33 32
52 50 43 42
37 31 35 34
53 51 49 48
112 108 81 80
118 114 83 82
113 109 111 110
119 115 117 116
403 399 337 336
429 427 341 340
433 431 345 344
402 398 401 400
428 426 417 416
432 430 419 418
42 32 39 38
82 80 59 58
43 33 41 40
83 81 65 64
48 34 45 44
116 110 73 72
49 35 47 46
117 111 79 78
408 336 243 242
344 340 245 244
404 400 261 260
418 416 265 264
405 401 309 308
419 417 313 312
410 337 339 338
345 341 343 342
58 38 55 54
59 39 57 56
64 40 61 60
-1 41 63 62
-1 65 67 66
72 44 69 68
73 45 71 70
78 46 75 74
79 47 77 76
244 242 171 170
245 243 237 236
264 260 247 246
265 261 263 262
312 308 283 282
342 338 353 352
343 339 371 370
-1 309 311 310
-1 313 315 314
136 74 133 132
174 170 145 144
88 54 85 84
248 246 151 150
89 55 87 86
249 247 157 156
94 56 91 90
262 250 163 162
95 57 93 92
263 251 169 168
137 75 135 134
175 171 173 172
100 60 97 96
282 252 185 184
101 61 99 98
283 253 191 190
66 62 103 102
-1 63 105 104
-1 67 107 106
142 76 139 138
240 236 211 210
124 68 121 120
352 256 217 216
125 69 123 122
353 257 223 222
130 70 127 126
370 258 229 228
131 71 129 128
371 259 235 234
143 77 141 140
241 237 239 238
314 310 421 420
-1 311 423 422
-1 315 425 424
144 132 89 88
145 133 95 94
172 134 101 100
210 138 125 124
211 139 131 130
238 140 137 136
239 141 143 142
-1 135 177 176
-1 173 179 178
157 87 155 154
150 84 147 146
151 85 149 148
156 86 153 152
162 90 159 158
163 91 161 160
168 92 165 164
169 93 167 166
184 96 181 180
185 97 183 182
190 98 187 186
191 99 189 188
196 102 193 192
435 421 321 320
197 103 195 194
434 420 327 326
106 104 199 198
107 105 201 200
216 120 213 212
217 121 215 214
222 122 219 218
223 123 221 220
228 126 225 224
229 127 227 226
234 128 231 230
235 129 233 232
424 422 437 436
425 423 439 438
346 154 175 174
178 176 197 196
-1 177 203 202
-1 179 205 204
348 155 241 240
412 146 249 248
414 147 251 250
458 158 1 1
456 159 1 1
462 160 1 1
460 161 1 1
466 164 1 1
464 165 1 1
470 166 1 1
468 167 1 1
347 148 253 252
289 180 1 1
288 181 1 1
295 182 1 1
294 183 1 1
301 186 1 1
300 187 1 1
307 188 1 1
306 189 1 1
321 192 317 316
320 193 319 318
327 194 323 322
326 195 325 324
413 152 257 256
459 212 1 1
457 213 1 1
463 214 1 1
461 215 1 1
467 218 1 1
465 219 1 1
471 220 1 1
469 221 1 1
415 153 259 258
376 224 373 372
385 226 1 1
384 227 1 1
391 230 1 1
390 231 1 1
397 232 1 1
396 233 1 1
-1 225 375 374
-1 149 255 254
206 198 329 328
444 436 449 448
207 199 331 330
445 437 451 450
208 200 333 332
446 438 453 452
209 201 335 334
447 439 455 454
448 328 289 288
449 329 295 294
450 330 301 300
451 331 307 306
204 202 207 206
205 203 209 208
452 332 377 376
453 333 385 384
454 334 391 390
455 335 397 396
379 375 405 404
378 374 407 406
-1 372 409 408
-1 373 411 410
350 254 435 434
-1 255 441 440
-1 324 457 456
-1 325 459 458
-1 322 461 460
-1 323 463 462
-1 318 465 464
-1 319 467 466
-1 316 469 468
-1 317 471 470
-1 409 347 346
-1 411 349 348
-1 377 379 378
-1 406 413 412
-1 407 415 414
442 440 445 444
443 441 447 446
-1 349 351 350
-1 351 443 442
