0 0 32 31
0 0 36 35
0 0 44 43
0 0 48 47
0 0 56 55
0 0 60 59
0 0 68 67
0 0 72 71
0 0 80 79
0 0 82 81
0 0 84 83
0 0 86 85
0 0 88 87
0 0 90 89
127 0 94 93
79 31 -1 33
81 35 -1 37
87 32 -1 34
89 36 -1 38
91 43 -1 45
93 47 -1 49
92 44 -1 46
94 48 -1 50
80 55 -1 57
82 59 -1 61
88 56 -1 58
90 60 -1 62
83 67 -1 69
85 71 -1 73
84 68 -1 70
86 72 -1 74
37 33 40 39
74 70 78 77
38 34 42 41
73 69 76 75
62 58 66 65
49 45 52 51
61 57 64 63
50 46 54 53
77 39 96 95
65 51 108 107
78 40 98 97
66 52 114 113
75 41 100 99
63 53 120 119
76 42 102 101
64 54 126 125
108 95 1 1
107 96 1 1
114 97 1 1
113 98 1 1
120 99 1 1
119 100 1 1
126 101 122 1
125 102 1 1
-1 122 128 127
-1 128 92 91
