35 0 -1 31
37 0 -1 33
39 0 -1 43
41 0 -1 45
0 0 70 69
0 0 74 73
0 0 76 75
0 0 80 79
0 0 -1 81
0 0 -1 82
194 0 -1 83
0 0 86 85
0 0 88 87
0 0 142 141
0 0 146 145
0 0 148 147
0 0 152 151
36 31 -1 32
38 33 -1 34
43 40 -1 44
45 42 -1 46
83 81 -1 53
84 82 -1 54
87 85 62 61
88 86 68 67
73 69 -1 71
74 70 -1 72
79 75 -1 77
80 76 -1 78
145 141 114 113
151 147 116 115
146 142 144 143
152 148 150 149
-1 53 36 35
-1 54 38 37
-1 32 40 39
-1 34 42 41
46 44 48 47
77 71 -1 55
78 72 -1 56
61 49 58 57
115 113 94 93
62 50 60 59
116 114 100 99
67 51 64 63
149 143 106 105
68 52 66 65
150 144 112 111
55 47 50 49
56 48 52 51
93 57 90 89
94 58 92 91
99 59 96 95
100 60 98 97
105 63 102 101
106 64 104 103
111 65 108 107
112 66 110 109
122 89 1 1
121 90 1 1
128 91 1 1
127 92 1 1
134 95 1 1
133 96 1 1
140 97 136 1
139 98 1 1
157 101 1 1
171 107 168 167
165 103 162 161
166 104 164 163
-1 102 156 155
177 109 174 173
178 110 176 175
172 108 170 169
-1 136 192 191
188 170 122 121
187 169 128 127
182 174 134 133
181 173 140 139
180 168 158 157
179 167 166 165
183 175 172 171
184 176 178 177
190 164 180 179
159 155 186 185
160 156 190 189
185 161 182 181
186 162 184 183
189 163 188 187
-1 192 194 193
193 191 -1 84
-1 158 160 159
