0 0 -1 31
0 0 -1 34
0 0 40 39
0 0 44 43
0 0 -1 89
0 0 -1 91
0 0 -1 95
0 0 -1 96
0 0 -1 101
0 0 -1 104
0 0 108 107
0 0 112 111
0 0 114 113
0 0 116 115
121 0 120 119
34 31 33 32
43 39 -1 41
44 40 -1 42
115 113 54 53
119 117 58 57
116 114 72 71
120 118 76 75
95 89 -1 90
96 91 -1 92
104 101 103 102
111 107 -1 109
112 108 -1 110
41 32 36 35
42 33 38 37
57 53 -1 55
58 54 -1 56
75 71 -1 73
76 72 -1 74
92 90 94 93
109 102 -1 105
110 103 -1 106
55 35 46 45
56 36 48 47
73 37 50 49
74 38 52 51
105 93 98 97
106 94 100 99
64 45 1 1
63 46 1 1
97 83 64 63
70 47 1 1
69 48 1 1
98 84 70 69
82 49 78 1
81 50 1 1
99 85 82 81
100 86 88 87
87 51 84 83
88 52 86 85
-1 78 122 121
-1 122 118 117
