0 0 -1 31
0 0 -1 34
0 0 40 39
0 0 44 43
0 0 58 57
0 0 60 59
0 0 102 101
0 0 104 103
0 0 158 157
0 0 162 161
0 0 170 169
0 0 172 171
0 0 182 181
0 0 184 183
189 0 188 187
34 31 33 32
43 39 -1 41
44 40 -1 42
59 57 50 49
60 58 56 55
103 101 98 97
104 102 100 99
162 158 106 105
172 170 110 109
184 182 112 111
188 186 116 115
161 157 160 159
171 169 168 167
183 181 178 177
187 185 180 179
41 32 36 35
42 33 38 37
49 35 46 45
99 89 66 65
50 36 48 47
100 90 72 71
55 37 52 51
97 87 78 77
56 38 54 53
98 88 84 83
109 105 92 91
115 111 96 95
167 159 164 163
179 177 174 173
168 160 166 165
180 178 176 175
110 106 108 107
116 112 114 113
95 91 86 85
71 47 68 67
96 92 94 93
72 48 70 69
77 51 74 73
174 164 126 125
78 52 76 75
173 163 132 131
83 53 80 79
114 108 138 137
84 54 82 81
113 107 144 143
65 45 62 61
176 166 150 149
66 46 64 63
175 165 156 155
85 67 88 87
86 68 90 89
93 70 1 1
94 69 1 1
126 73 1 1
125 74 1 1
132 75 1 1
131 76 1 1
138 79 134 1
137 80 1 1
144 81 1 1
143 82 1 1
150 61 1 1
149 62 1 1
156 63 1 1
155 64 1 1
-1 134 190 189
-1 190 186 185
