35 0 -1 31
37 0 -1 33
49 0 -1 45
52 0 -1 48
0 0 -1 72
0 0 -1 74
0 0 -1 78
0 0 -1 79
0 0 -1 80
0 0 -1 83
0 0 87 86
0 0 91 90
0 0 -1 92
0 0 -1 93
62 0 -1 94
0 0 97 96
0 0 101 100
36 31 -1 32
38 33 -1 34
48 45 47 46
94 92 -1 55
95 93 -1 56
78 72 -1 73
79 74 -1 75
83 80 82 81
90 86 -1 88
91 87 -1 89
100 96 -1 98
101 97 -1 99
-1 55 36 35
-1 56 38 37
34 32 40 39
50 46 -1 51
53 47 -1 54
104 98 -1 57
105 99 -1 58
75 73 77 76
88 81 -1 84
89 82 -1 85
-1 57 50 49
-1 58 53 52
51 39 42 41
85 77 64 63
54 40 44 43
84 76 71 70
63 41 1 1
71 43 -1 67
70 44 1 1
-1 42 62 61
-1 64 66 65
-1 67 109 108
112 66 -1 95
65 61 103 102
111 108 -1 110
106 102 -1 104
107 103 -1 105
-1 109 112 111
-1 110 107 106
