0 0 -1 31
0 0 -1 33
0 0 -1 37
0 0 -1 38
0 0 -1 43
0 0 -1 46
0 0 50 49
0 0 54 53
0 0 -1 67
0 0 -1 70
0 0 76 75
0 0 80 79
0 0 -1 108
0 0 -1 111
126 0 117 116
37 31 -1 32
38 33 -1 34
46 43 45 44
53 49 -1 51
54 50 -1 52
70 67 69 68
79 75 -1 77
80 76 -1 78
111 108 110 109
116 112 -1 114
117 113 -1 115
34 32 36 35
51 44 -1 47
52 45 -1 48
77 68 72 71
78 69 74 73
114 109 90 89
115 110 98 97
47 35 40 39
48 36 42 41
118 89 -1 91
120 90 -1 92
91 71 82 81
92 72 84 83
119 97 -1 99
121 98 -1 100
99 73 86 85
100 74 88 87
83 57 60 59
84 58 66 65
81 56 1 1
82 55 1 1
59 39 56 55
60 40 58 57
85 64 -1 101
86 63 1 1
66 42 64 63
87 62 105 104
88 61 1 1
65 41 62 61
-1 101 123 122
-1 104 119 118
-1 105 121 120
125 122 -1 124
-1 123 126 125
-1 124 113 112
