0 0 55 54
54 21 23 22
-1 55 57 56
-1 22 67 66
-1 23 72 71
-1 56 59 58
-1 57 61 60
62 58 77 76
63 59 79 78
64 60 81 80
65 61 83 82
-1 66 69 68
-1 71 74 73
67 33 -1 70
72 36 -1 75
69 9 -1 34
74 15 -1 37
76 24 39 38
77 28 43 42
78 25 41 40
79 29 45 44
80 26 47 46
81 30 51 50
82 27 49 48
83 31 53 52
68 32 85 84
73 35 87 86
-1 70 91 90
75 37 93 92
99 38 1 1
98 39 1 1
105 42 1 1
104 43 1 1
111 40 1 1
110 41 1 1
117 44 1 1
116 45 1 1
123 46 1 1
122 47 1 1
129 50 1 1
128 51 1 1
135 48 1 1
134 49 1 1
141 52 1 1
140 53 1 1
170 84 1 1
168 85 1 1
193 86 147 146
190 87 1 1
-1 34 89 88
-1 92 159 158
-1 93 161 160
-1 90 155 154
-1 91 157 156
-1 146 17 16
-1 147 21 20
165 158 163 162
169 159 -1 164
188 160 185 184
189 161 187 186
-1 88 151 150
-1 89 153 152
154 150 197 196
155 151 199 198
156 152 201 200
157 153 203 202
-1 16 5 4
-1 20 11 10
-1 17 19 18
207 199 99 98
206 198 105 104
205 197 111 110
204 196 117 116
211 203 123 122
210 202 129 128
209 201 135 134
208 200 141 140
-1 162 169 168
-1 163 171 170
-1 164 173 172
-1 184 191 190
-1 185 194 193
191 186 -1 192
194 187 -1 195
-1 4 7 6
-1 10 13 12
-1 5 9 8
-1 11 15 14
-1 18 63 62
-1 19 65 64
-1 192 166 165
171 166 -1 167
-1 195 189 188
-1 172 177 176
-1 173 179 178
-1 6 25 24
-1 12 29 28
-1 7 27 26
-1 13 31 30
-1 8 33 32
-1 14 36 35
-1 167 175 174
180 176 205 204
181 177 207 206
182 178 209 208
183 179 211 210
-1 174 181 180
-1 175 183 182
