0 0 235 234
234 174 231 230
-1 235 237 236
-1 230 247 246
-1 231 251 250
-1 236 243 242
-1 237 245 244
250 208 223 222
246 209 225 224
-1 247 249 248
-1 251 253 252
242 238 255 254
243 239 257 256
244 240 259 258
245 241 261 260
-1 224 17 16
-1 225 21 20
257 217 105 104
256 216 111 110
255 215 117 116
254 214 123 122
261 221 129 128
260 220 135 134
259 219 141 140
258 218 147 146
253 229 153 152
249 228 159 158
252 227 165 164
248 226 171 170
-1 222 189 188
-1 223 191 190
-1 16 5 4
-1 20 11 10
105 40 1 1
104 41 1 1
111 44 1 1
110 45 1 1
117 42 1 1
116 43 1 1
123 46 1 1
122 47 1 1
129 48 1 1
128 49 1 1
135 52 1 1
134 53 1 1
141 50 1 1
140 51 1 1
147 54 1 1
146 55 1 1
153 56 1 1
152 57 1 1
159 60 1 1
158 61 1 1
165 58 1 1
164 59 1 1
171 62 1 1
170 63 1 1
80 17 1 1
-1 21 23 22
190 96 1 1
188 97 1 1
191 98 1 1
189 99 1 1
-1 4 7 6
-1 10 13 12
-1 5 9 8
-1 11 15 14
-1 23 179 178
172 22 175 174
-1 6 25 24
-1 12 29 28
-1 7 27 26
-1 13 31 30
-1 8 33 32
-1 14 37 36
-1 9 35 34
-1 15 39 38
-1 178 197 196
-1 179 199 198
-1 175 233 232
76 34 79 78
82 24 41 40
86 28 45 44
83 25 43 42
87 29 47 46
84 26 49 48
88 30 53 52
85 27 51 50
89 31 55 54
90 32 57 56
94 36 61 60
91 33 59 58
95 37 63 62
77 35 81 80
92 38 97 96
93 39 99 98
-1 196 205 204
-1 197 207 206
198 194 209 208
-1 199 213 212
-1 232 239 238
-1 233 241 240
-1 78 65 64
-1 79 71 70
-1 81 173 172
204 200 215 214
205 201 217 216
206 202 219 218
207 203 221 220
212 210 227 226
213 211 229 228
-1 64 67 66
-1 70 73 72
-1 65 69 68
-1 71 75 74
-1 173 177 176
-1 68 77 76
-1 66 83 82
-1 72 87 86
-1 67 85 84
-1 73 89 88
-1 69 91 90
-1 75 95 94
-1 74 93 92
-1 176 193 192
-1 177 195 194
-1 192 201 200
-1 193 203 202
-1 195 211 210
