-1 0 73 72
-1 0 79 78
-1 72 75 74
-1 78 81 80
-1 73 77 76
-1 79 83 82
-1 74 85 84
-1 80 89 88
-1 75 87 86
-1 81 91 90
-1 76 93 92
-1 82 97 96
-1 77 95 94
-1 83 99 98
88 84 101 100
89 85 103 102
90 86 105 104
91 87 107 106
96 92 109 108
97 93 111 110
98 94 113 112
99 95 115 114
100 24 41 40
101 28 45 44
102 25 43 42
103 29 47 46
104 26 49 48
105 30 53 52
106 27 51 50
107 31 55 54
108 32 57 56
109 36 61 60
110 33 59 58
111 37 63 62
112 34 65 64
113 38 69 68
114 35 67 66
115 39 71 70
224 40 1 1
220 41 1 1
200 44 1 1
196 45 1 1
225 42 1 1
221 43 1 1
201 46 1 1
197 47 1 1
226 48 1 1
222 49 1 1
202 52 1 1
198 53 1 1
227 50 1 1
223 51 1 1
203 54 1 1
199 55 1 1
232 56 1 1
228 57 1 1
208 60 1 1
204 61 1 1
233 58 1 1
229 59 1 1
209 62 1 1
205 63 1 1
234 64 1 1
230 65 1 1
210 68 1 1
206 69 1 1
235 66 173 172
231 67 1 1
211 70 1 1
207 71 1 1
-1 172 17 16
-1 173 21 20
-1 16 5 4
-1 20 11 10
-1 17 19 18
-1 21 23 22
-1 4 7 6
-1 10 13 12
-1 5 9 8
-1 11 15 14
-1 18 181 180
-1 22 187 186
-1 19 193 192
-1 23 195 194
-1 6 25 24
-1 12 29 28
-1 7 27 26
-1 13 31 30
-1 8 33 32
-1 14 37 36
-1 9 35 34
-1 15 39 38
-1 180 183 182
-1 186 189 188
-1 181 185 184
-1 187 191 190
-1 192 213 212
-1 194 217 216
-1 193 215 214
-1 195 219 218
-1 182 197 196
-1 188 201 200
-1 183 199 198
-1 189 203 202
-1 184 205 204
-1 190 209 208
-1 185 207 206
-1 191 211 210
-1 212 221 220
-1 216 225 224
-1 213 223 222
-1 217 227 226
-1 214 229 228
-1 218 233 232
-1 215 231 230
-1 219 235 234
