0 0 33 32
0 0 37 36
0 0 45 44
0 0 49 48
0 0 57 56
0 0 61 60
0 0 69 68
0 0 73 72
0 0 81 80
0 0 83 82
0 0 85 84
0 0 87 86
0 0 89 88
0 0 91 90
0 0 95 94
80 32 -1 34
82 36 -1 38
88 33 -1 35
90 37 -1 39
92 44 -1 46
94 48 -1 50
93 45 -1 47
95 49 -1 51
81 56 -1 58
83 60 -1 62
89 57 -1 59
91 61 -1 63
84 68 -1 70
86 72 -1 74
85 69 -1 71
87 73 -1 75
38 34 41 40
75 71 79 78
39 35 43 42
74 70 77 76
63 59 67 66
50 46 53 52
62 58 65 64
51 47 55 54
78 40 97 96
66 52 109 108
79 41 99 98
67 53 115 114
76 42 101 100
64 54 121 120
77 43 103 102
65 55 127 126
109 96 1 1
108 97 1 1
115 98 1 1
114 99 1 1
121 100 1 1
120 101 1 1
127 102 123 1
126 103 1 1
-1 123 93 92
