0 0 33 32
0 0 39 38
0 0 53 52
0 0 55 54
0 0 115 114
0 0 141 140
0 0 147 146
0 0 161 160
0 0 163 162
0 0 175 174
0 0 179 178
0 0 193 192
0 0 195 194
0 0 197 196
0 0 199 198
38 32 35 34
54 52 45 44
39 33 37 36
55 53 51 50
114 110 81 80
115 111 113 112
146 140 143 142
162 160 153 152
147 141 145 144
163 161 159 158
178 174 173 172
194 192 181 180
198 196 185 184
179 175 177 176
195 193 187 186
199 197 191 190
44 34 41 40
106 80 61 60
45 35 43 42
108 81 67 66
50 36 47 46
112 107 73 72
51 37 49 48
113 109 79 78
152 142 149 148
182 172 165 164
153 143 151 150
183 173 167 166
158 144 155 154
188 176 169 168
159 145 157 156
189 177 171 170
184 180 -1 182
185 181 -1 183
190 186 -1 188
191 187 -1 189
60 40 57 56
165 149 87 86
61 41 59 58
164 148 93 92
66 42 63 62
169 155 99 98
67 43 65 64
168 154 105 104
72 46 69 68
171 157 121 120
73 47 71 70
170 156 127 126
78 48 75 74
167 151 133 132
79 49 77 76
166 150 139 138
87 56 1 1
86 57 1 1
93 58 1 1
92 59 1 1
99 62 1 1
98 63 1 1
105 64 1 1
104 65 1 1
121 68 117 116
120 69 1 1
127 70 1 1
126 71 1 1
133 74 1 1
132 75 1 1
139 76 135 1
138 77 1 1
-1 135 111 110
-1 116 107 106
-1 117 109 108
