0 0 -1 32
0 0 -1 34
0 0 -1 38
0 0 -1 39
0 0 -1 44
0 0 -1 47
0 0 53 52
0 0 63 62
0 0 69 68
0 0 83 82
0 0 85 84
0 0 153 152
0 0 159 158
0 0 171 170
0 0 173 172
38 32 -1 33
39 34 -1 35
47 44 46 45
178 52 -1 50
180 53 -1 51
68 62 65 64
84 82 75 74
69 63 67 66
85 83 81 80
158 152 155 154
172 170 165 164
159 153 157 156
173 171 169 168
35 33 37 36
50 45 -1 48
51 46 -1 49
74 64 71 70
75 65 73 72
80 66 77 76
81 67 79 78
168 156 127 126
164 154 161 160
165 155 163 162
169 157 167 166
48 36 41 40
49 37 43 42
90 70 87 86
126 54 111 110
91 71 89 88
127 55 113 112
96 72 93 92
161 59 119 118
97 73 95 94
160 58 125 124
102 76 99 98
167 57 133 132
103 77 101 100
166 56 139 138
108 78 105 104
163 61 145 144
109 79 107 106
162 60 151 150
110 86 91 90
111 87 97 96
112 88 103 102
113 89 109 108
119 92 1 1
118 93 1 1
125 94 1 1
124 95 1 1
174 40 55 54
133 98 1 1
132 99 1 1
139 100 1 1
138 101 1 1
145 104 1 1
144 105 1 1
151 106 147 146
150 107 1 1
175 42 59 58
177 43 61 60
176 41 57 56
-1 146 179 178
-1 147 181 180
-1 179 175 174
-1 181 177 176
