0 0 33 32
0 0 39 38
0 0 53 52
0 0 55 54
0 0 109 108
0 0 113 112
0 0 115 114
0 0 119 118
0 0 157 156
0 0 161 160
0 0 165 164
0 0 -1 166
0 0 -1 169
0 0 -1 178
0 0 -1 181
38 32 35 34
54 52 45 44
39 33 37 36
55 53 51 50
112 108 81 80
118 114 83 82
113 109 111 110
119 115 117 116
174 156 153 152
164 160 155 154
169 166 168 167
181 178 180 179
176 157 159 158
165 161 163 162
44 34 41 40
82 80 61 60
45 35 43 42
83 81 67 66
50 36 47 46
51 37 49 48
116 110 145 144
154 152 149 148
117 111 147 146
155 153 151 150
175 167 -1 170
177 168 -1 171
184 179 -1 182
185 180 -1 183
162 158 193 192
163 159 195 194
60 40 57 56
193 189 89 88
61 41 59 58
192 188 95 94
66 42 63 62
195 191 101 100
67 43 65 64
194 190 107 106
182 170 121 120
72 46 69 68
148 144 129 128
73 47 71 70
149 145 133 132
147 49 -1 76
151 78 -1 79
77 48 75 74
150 146 143 142
183 171 173 172
122 120 73 72
123 121 78 77
89 56 1 1
88 57 1 1
95 58 1 1
94 59 1 1
101 62 1 1
100 63 1 1
107 64 1 1
106 65 1 1
132 70 123 122
129 68 1 1
128 69 1 1
143 74 1 1
142 75 1 1
-1 76 135 134
-1 79 137 136
133 71 131 130
172 130 189 188
173 131 191 190
137 135 185 184
136 134 187 186
-1 186 175 174
-1 187 177 176
