0 0 33 32
0 0 39 38
0 0 53 52
0 0 55 54
0 0 115 114
0 0 147 146
0 0 151 150
0 0 153 152
0 0 157 156
0 0 175 174
0 0 177 176
0 0 231 230
0 0 235 234
0 0 237 236
0 0 241 240
38 32 35 34
54 52 45 44
39 33 37 36
55 53 51 50
246 114 81 80
150 146 119 118
156 152 121 120
177 175 167 166
176 174 173 172
151 147 149 148
157 153 155 154
234 230 227 226
240 236 229 228
235 231 233 232
241 237 239 238
248 115 117 116
44 34 41 40
106 80 61 60
45 35 43 42
110 81 67 66
50 36 47 46
120 118 73 72
51 37 49 48
121 119 79 78
166 162 159 158
172 160 169 168
173 161 171 170
167 163 165 164
154 148 203 202
228 226 205 204
155 149 223 222
229 227 225 224
238 232 243 242
116 107 109 108
239 233 245 244
117 111 113 112
60 40 57 56
205 203 87 86
61 41 59 58
204 202 93 92
66 42 63 62
224 222 99 98
67 43 65 64
225 223 105 104
72 46 69 68
242 108 127 126
73 47 71 70
243 109 133 132
78 48 75 74
244 112 139 138
79 49 77 76
245 113 145 144
159 89 163 162
158 88 161 160
164 90 191 190
165 91 193 192
182 168 179 178
183 169 181 180
188 170 185 184
189 171 187 186
92 58 89 88
200 192 183 182
201 193 189 188
93 59 91 90
132 70 129 128
133 71 131 130
138 74 135 134
139 75 137 136
87 57 85 84
199 191 197 196
86 56 83 82
198 190 195 194
98 62 95 94
178 128 207 206
99 63 97 96
179 129 209 208
104 64 101 100
184 134 215 214
105 65 103 102
185 135 217 216
126 68 123 122
180 130 211 210
127 69 125 124
181 131 213 212
144 76 141 140
187 137 221 220
145 77 143 142
186 136 219 218
197 85 199 198
196 84 201 200
195 82 1 1
194 83 1 1
207 94 1 1
206 95 1 1
209 96 1 1
208 97 1 1
215 100 1 1
214 101 1 1
217 102 1 1
216 103 1 1
211 122 1 1
210 123 1 1
213 124 1 1
212 125 1 1
221 140 279 278
220 141 1 1
219 142 1 1
218 143 1 1
-1 278 247 246
-1 279 249 248
-1 247 107 106
-1 249 111 110
