0 0 33 32
0 0 39 38
0 0 53 52
0 0 55 54
0 0 111 110
0 0 115 114
0 0 121 120
0 0 151 150
0 0 155 154
0 0 157 156
0 0 161 160
0 0 175 174
0 0 179 178
0 0 181 180
0 0 185 184
38 32 35 34
54 52 45 44
39 33 37 36
55 53 51 50
114 110 81 80
120 116 83 82
154 150 123 122
160 156 125 124
155 151 153 152
161 157 159 158
178 174 171 170
184 180 173 172
179 175 177 176
185 181 183 182
115 111 113 112
121 117 119 118
44 34 41 40
82 80 61 60
45 35 43 42
83 81 67 66
50 36 47 46
124 122 73 72
51 37 49 48
125 123 79 78
158 152 163 162
172 170 167 166
159 153 165 164
173 171 169 168
182 176 187 186
118 112 191 190
183 177 189 188
119 113 193 192
60 40 57 56
166 162 89 88
61 41 59 58
167 163 95 94
66 42 63 62
168 164 103 102
67 43 65 64
169 165 109 108
72 46 69 68
190 186 131 130
73 47 71 70
191 187 137 136
78 48 75 74
192 188 143 142
79 49 77 76
193 189 149 148
88 56 85 84
89 57 87 86
94 58 91 90
-1 59 93 92
-1 95 97 96
102 62 99 98
103 63 101 100
108 64 105 104
109 65 107 106
130 68 127 126
131 69 129 128
136 70 133 132
137 71 135 134
142 74 139 138
143 75 141 140
148 76 145 144
149 77 147 146
199 84 1 1
198 85 1 1
221 98 1 1
220 99 1 1
268 144 221 220
227 100 1 1
226 101 1 1
269 145 227 226
233 104 1 1
232 105 1 1
240 126 233 232
239 106 1 1
238 107 1 1
241 127 239 238
245 132 1 1
244 133 1 1
247 129 245 244
243 134 1 1
242 135 1 1
246 128 243 242
261 138 1 1
260 139 1 1
270 146 261 260
267 140 263 1
266 141 1 1
271 147 267 266
204 86 201 200
210 90 207 206
205 87 203 202
211 91 209 208
96 92 213 212
97 93 215 214
-1 263 117 116
206 200 199 198
207 201 205 204
278 212 211 210
-1 213 277 276
209 203 275 274
287 215 285 284
208 202 273 272
286 214 283 282
282 272 241 240
283 273 247 246
284 274 269 268
285 275 271 270
280 276 279 278
281 277 287 286
-1 279 281 280
