0 0 33 32
0 0 39 38
0 0 53 52
0 0 55 54
0 0 121 120
0 0 151 150
0 0 155 154
0 0 157 156
0 0 161 160
0 0 179 178
0 0 181 180
0 0 237 236
0 0 241 240
0 0 243 242
0 0 247 246
38 32 35 34
54 52 45 44
39 33 37 36
55 53 51 50
120 116 81 80
154 150 123 122
160 156 125 124
181 179 171 170
180 178 177 176
155 151 153 152
161 157 159 158
240 236 233 232
246 242 235 234
241 237 239 238
247 243 245 244
121 117 119 118
44 34 41 40
108 80 61 60
45 35 43 42
112 81 67 66
50 36 47 46
124 122 73 72
51 37 49 48
125 123 79 78
170 166 163 162
176 164 173 172
177 165 175 174
171 167 169 168
158 152 207 206
234 232 209 208
159 153 229 228
235 233 231 230
244 238 249 248
118 109 111 110
245 239 251 250
119 113 115 114
60 40 57 56
209 207 87 86
61 41 59 58
208 206 93 92
66 42 63 62
230 228 99 98
67 43 65 64
231 229 107 106
72 46 69 68
248 110 131 130
73 47 71 70
249 111 137 136
78 48 75 74
250 114 143 142
79 49 77 76
251 115 149 148
163 89 167 166
162 88 165 164
168 90 195 194
169 91 197 196
186 172 183 182
187 173 185 184
192 174 189 188
193 175 191 190
92 58 89 88
204 196 187 186
205 197 193 192
93 59 91 90
136 70 133 132
137 71 135 134
142 74 139 138
143 75 141 140
87 57 85 84
203 195 201 200
86 56 83 82
202 194 199 198
98 62 95 94
182 132 211 210
-1 63 97 96
-1 99 101 100
106 64 103 102
188 138 221 220
107 65 105 104
189 139 223 222
130 68 127 126
184 134 217 216
131 69 129 128
185 135 219 218
148 76 145 144
190 140 225 224
149 77 147 146
191 141 227 226
-1 183 213 212
201 85 203 202
200 84 205 204
226 146 253 252
198 82 261 260
199 83 263 262
210 94 265 264
211 95 267 266
100 96 269 268
214 212 319 318
101 97 271 270
215 213 325 324
-1 133 215 214
220 102 273 272
221 103 275 274
222 104 277 276
223 105 279 278
216 126 281 280
217 127 283 282
218 128 285 284
219 129 287 286
224 144 289 288
225 145 291 290
227 147 293 292
259 252 255 254
258 253 1 1
371 291 259 258
299 260 1 1
298 261 1 1
306 264 299 298
305 262 1 1
304 263 1 1
307 265 305 304
311 272 1 1
310 273 1 1
313 267 311 310
309 274 1 1
308 275 1 1
312 266 309 308
339 276 1 1
338 277 1 1
366 288 339 338
345 278 1 1
344 279 1 1
367 289 345 344
349 284 1 1
348 285 1 1
351 281 349 348
347 286 1 1
346 287 1 1
350 280 347 346
369 292 373 1
368 293 1 1
370 290 369 368
324 270 321 320
357 283 355 354
318 268 315 314
319 269 317 316
325 271 323 322
356 282 353 352
-1 373 117 116
-1 254 109 108
-1 255 113 112
376 320 307 306
377 321 313 312
382 314 351 350
383 315 357 356
378 322 367 366
379 323 371 370
380 354 377 376
387 317 381 380
384 352 383 382
385 353 387 386
381 355 379 378
386 316 385 384
