0 0 33 32
0 0 39 38
0 0 53 52
0 0 55 54
0 0 105 104
0 0 109 108
0 0 111 110
0 0 115 114
0 0 171 170
0 0 175 174
0 0 177 176
0 0 181 180
0 0 185 184
0 0 211 210
0 0 213 212
38 32 35 34
54 52 45 44
39 33 37 36
55 53 51 50
108 104 81 80
114 110 83 82
109 105 107 106
115 111 113 112
174 170 155 154
180 176 157 156
175 171 173 172
181 177 179 178
190 184 187 186
212 210 203 202
194 185 189 188
213 211 209 208
44 34 41 40
82 80 61 60
45 35 43 42
83 81 67 66
50 36 47 46
51 37 49 48
178 172 141 140
112 106 143 142
156 154 147 146
113 107 145 144
157 155 153 152
179 173 183 182
202 186 199 198
203 187 201 200
208 188 205 204
209 189 207 206
60 40 57 56
140 86 85 84
61 41 59 58
141 87 91 90
66 42 63 62
182 88 97 96
67 43 65 64
183 89 103 102
72 46 69 68
146 142 121 120
73 47 71 70
147 143 127 126
78 48 75 74
79 49 77 76
152 144 149 148
230 198 163 162
153 145 151 150
234 199 169 168
238 200 215 214
242 201 217 216
228 206 225 224
222 204 219 218
223 205 221 220
229 207 227 226
84 56 73 72
85 57 79 78
90 58 87 86
91 59 89 88
262 224 223 222
266 225 229 228
231 220 233 232
121 69 119 118
235 221 237 236
120 68 117 116
280 226 259 258
282 227 261 260
96 62 93 92
322 218 255 254
97 63 95 94
326 219 257 256
102 64 99 98
240 214 247 246
103 65 101 100
241 215 249 248
126 70 123 122
244 216 251 250
127 71 125 124
245 217 253 252
132 74 129 128
162 148 159 158
133 75 131 130
163 149 161 160
138 76 135 134
168 150 165 164
139 77 137 136
169 151 167 166
281 258 133 132
283 259 139 138
260 239 241 240
261 243 245 244
165 135 271 270
232 119 1 1
233 118 1 1
236 117 1 1
237 116 1 1
166 136 285 284
255 92 1 1
254 93 1 1
257 94 1 1
256 95 1 1
247 98 1 1
246 99 1 1
249 100 1 1
248 101 1 1
251 122 1 1
250 123 1 1
253 124 1 1
252 125 1 1
159 128 1 1
158 129 1 1
161 130 1 1
160 131 1 1
164 134 1 1
167 137 321 320
270 195 197 196
271 191 193 192
284 267 269 268
285 263 265 264
327 320 329 328
323 321 325 324
-1 192 191 190
-1 193 195 194
-1 196 231 230
-1 197 235 234
-1 264 239 238
-1 265 243 242
-1 324 263 262
-1 325 267 266
-1 268 281 280
-1 269 283 282
-1 328 323 322
-1 329 327 326
