36 0 -1 32
38 0 -1 34
50 0 -1 46
52 0 -1 48
0 0 75 74
0 0 79 78
0 0 81 80
0 0 85 84
0 0 -1 86
0 0 -1 87
0 0 -1 88
0 0 -1 89
0 0 -1 90
0 0 -1 91
66 0 -1 92
69 0 -1 93
0 0 -1 94
0 0 -1 95
37 32 -1 33
39 34 -1 35
51 46 -1 47
53 48 -1 49
92 90 -1 60
93 91 -1 61
94 68 -1 62
95 71 -1 63
88 86 -1 64
89 87 -1 65
78 74 -1 76
79 75 -1 77
84 80 -1 82
85 81 -1 83
-1 60 37 36
-1 61 39 38
64 33 -1 40
65 35 -1 41
-1 62 51 50
-1 63 53 52
49 47 55 54
82 76 -1 72
83 77 -1 73
73 54 1 1
72 55 1 1
-1 40 43 42
-1 41 45 44
67 43 -1 68
70 45 -1 71
-1 42 67 66
-1 44 70 69
