0 0 33 32
0 0 39 38
0 0 53 52
0 0 55 54
0 0 105 104
0 0 109 108
0 0 111 110
0 0 115 114
0 0 171 170
0 0 175 174
0 0 177 176
0 0 181 180
0 0 185 184
0 0 191 190
0 0 207 206
38 32 35 34
54 52 45 44
39 33 37 36
55 53 51 50
108 104 81 80
114 110 83 82
109 105 107 106
115 111 113 112
174 170 155 154
180 176 157 156
175 171 173 172
181 177 179 178
190 184 187 186
206 204 197 196
191 185 189 188
207 205 203 202
44 34 41 40
82 80 61 60
45 35 43 42
83 81 67 66
50 36 47 46
51 37 49 48
178 172 141 140
112 106 143 142
156 154 147 146
113 107 145 144
157 155 153 152
179 173 183 182
196 186 193 192
197 187 195 194
202 188 199 198
203 189 201 200
60 40 57 56
140 86 85 84
61 41 59 58
141 87 91 90
66 42 63 62
182 88 97 96
67 43 65 64
183 89 103 102
72 46 69 68
146 142 121 120
73 47 71 70
147 143 127 126
78 48 75 74
79 49 77 76
152 144 149 148
208 192 163 162
153 145 151 150
209 193 169 168
214 194 211 210
215 195 213 212
226 200 223 222
220 198 217 216
221 199 219 218
227 201 225 224
84 56 73 72
85 57 79 78
90 58 87 86
91 59 89 88
252 222 221 220
253 223 227 226
138 76 135 134
168 150 165 164
270 224 267 266
271 225 269 268
96 62 93 92
258 216 255 254
97 63 95 94
259 217 257 256
102 64 99 98
232 210 229 228
103 65 101 100
233 211 231 230
120 68 117 116
264 218 261 260
121 69 119 118
265 219 263 262
126 70 123 122
238 212 235 234
127 71 125 124
239 213 237 236
132 74 129 128
162 148 159 158
133 75 131 130
163 149 161 160
139 77 137 136
169 151 167 166
277 266 133 132
279 267 139 138
268 249 233 232
269 251 239 238
165 134 273 272
164 135 275 1
166 136 281 280
255 92 1 1
254 93 1 1
257 94 1 1
256 95 1 1
229 98 1 1
228 99 1 1
231 100 1 1
230 101 1 1
261 116 1 1
260 117 1 1
263 118 1 1
262 119 1 1
235 122 1 1
234 123 1 1
237 124 1 1
236 125 1 1
159 128 1 1
158 129 1 1
161 130 1 1
160 131 1 1
167 137 339 338
-1 275 205 204
-1 272 241 240
-1 273 245 244
297 280 283 282
295 281 285 284
338 291 293 292
339 287 289 288
248 240 209 208
250 244 215 214
-1 284 249 248
-1 285 251 250
278 245 247 246
-1 282 277 276
-1 283 279 278
276 241 243 242
-1 292 287 286
-1 293 291 290
-1 288 295 294
-1 289 297 296
294 246 253 252
286 242 259 258
290 243 265 264
296 247 271 270
