0 0 33 32
0 0 39 38
0 0 53 52
0 0 55 54
0 0 115 114
0 0 119 118
0 0 121 120
0 0 125 124
0 0 407 406
0 0 411 410
0 0 415 414
0 0 417 416
0 0 423 422
0 0 425 424
0 0 429 428
38 32 35 34
54 52 45 44
39 33 37 36
55 53 51 50
118 114 83 82
124 120 85 84
119 115 117 116
125 121 123 122
411 407 349 348
417 415 353 352
425 423 355 354
429 427 359 358
410 406 409 408
416 414 413 412
424 422 419 418
428 426 421 420
44 34 41 40
84 82 61 60
45 35 43 42
85 83 67 66
50 36 47 46
122 116 73 72
51 37 49 48
123 117 81 80
352 348 237 236
358 354 239 238
412 408 271 270
420 418 275 274
413 409 321 320
421 419 325 324
353 349 351 350
359 355 357 356
60 40 57 56
61 41 59 58
66 42 63 62
67 43 65 64
72 46 69 68
-1 47 71 70
-1 73 75 74
80 48 77 76
81 49 79 78
238 236 175 174
239 237 231 230
274 270 243 242
275 271 273 272
324 320 313 312
325 321 323 322
356 350 365 364
-1 351 393 392
-1 357 395 394
140 76 137 136
178 174 149 148
90 56 87 86
244 242 155 154
91 57 89 88
245 243 161 160
96 58 93 92
278 272 167 166
97 59 95 94
279 273 173 172
141 77 139 138
179 175 177 176
-1 62 99 98
-1 63 101 100
112 64 109 108
328 322 193 192
113 65 111 110
329 323 199 198
146 78 143 142
234 230 203 202
130 68 127 126
366 364 211 210
131 69 129 128
367 365 217 216
74 70 133 132
75 71 135 134
147 79 145 144
235 231 233 232
319 312 315 314
318 313 317 316
394 392 431 430
395 393 433 432
148 136 91 90
149 137 97 96
176 138 103 102
177 139 113 112
202 142 131 130
232 144 141 140
233 145 147 146
-1 143 201 200
-1 203 205 204
154 86 151 150
155 87 153 152
160 88 157 156
161 89 159 158
166 92 163 162
167 93 165 164
172 94 169 168
173 95 171 170
104 98 181 180
105 99 183 182
106 100 185 184
107 101 187 186
-1 314 331 330
-1 315 333 332
-1 316 335 334
-1 317 337 336
192 108 189 188
193 109 191 190
198 110 195 194
199 111 197 196
210 126 207 206
211 127 209 208
216 128 213 212
217 129 215 214
222 132 219 218
440 430 399 398
223 133 221 220
441 431 401 400
228 134 225 224
442 432 403 402
229 135 227 226
443 433 405 404
-1 102 105 104
-1 103 107 106
204 200 223 222
205 201 229 228
310 190 241 240
251 150 1 1
250 151 1 1
337 187 251 250
257 152 1 1
256 153 1 1
335 186 257 256
263 156 1 1
262 157 1 1
333 183 263 262
269 158 1 1
268 159 1 1
331 182 269 268
308 188 277 276
285 162 1 1
284 163 1 1
398 218 285 284
291 164 1 1
290 165 1 1
399 219 291 290
297 168 1 1
296 169 1 1
400 220 297 296
303 170 1 1
302 171 1 1
401 221 303 302
309 189 327 326
334 184 309 308
336 185 311 310
305 194 1 1
304 195 1 1
330 180 305 304
307 196 1 1
306 197 1 1
332 181 307 306
373 206 369 368
372 207 371 370
404 226 373 372
379 208 1 1
378 209 1 1
405 227 379 378
385 212 1 1
384 213 1 1
402 224 385 384
391 214 387 1
390 215 1 1
403 225 391 390
311 191 339 338
-1 387 427 426
360 240 179 178
362 241 235 234
434 276 245 244
438 277 279 278
361 326 319 318
363 327 329 328
-1 370 361 360
-1 371 363 362
439 338 367 366
-1 368 435 434
-1 369 439 438
-1 339 397 396
436 396 441 440
437 397 443 442
-1 435 437 436
