0 0 33 32
0 0 39 38
0 0 53 52
0 0 55 54
0 0 111 110
0 0 115 114
0 0 117 116
0 0 121 120
0 0 415 414
0 0 419 418
0 0 423 422
0 0 425 424
0 0 435 434
0 0 437 436
0 0 441 440
38 32 35 34
54 52 45 44
39 33 37 36
55 53 51 50
114 110 85 84
120 116 87 86
115 111 113 112
121 117 119 118
419 415 355 354
425 423 359 358
437 435 361 360
441 439 365 364
418 414 417 416
424 422 421 420
436 434 427 426
440 438 429 428
44 34 41 40
86 84 61 60
45 35 43 42
87 85 67 66
50 36 47 46
118 112 75 74
51 37 49 48
119 113 83 82
358 354 243 242
364 360 245 244
420 416 275 274
428 426 279 278
421 417 335 334
429 427 339 338
359 355 357 356
365 361 363 362
60 40 57 56
61 41 59 58
66 42 63 62
-1 43 65 64
-1 67 69 68
74 46 71 70
-1 47 73 72
-1 75 77 76
82 48 79 78
83 49 81 80
244 242 171 170
245 243 237 236
278 274 247 246
279 275 277 276
338 334 307 306
362 356 377 376
-1 335 337 336
-1 339 341 340
-1 357 401 400
-1 363 403 402
136 78 133 132
174 170 145 144
92 56 89 88
248 246 151 150
93 57 91 90
249 247 157 156
98 58 95 94
280 276 163 162
99 59 97 96
281 277 169 168
137 79 135 134
175 171 173 172
104 62 101 100
308 306 185 184
105 63 103 102
309 307 191 190
68 64 107 106
69 65 109 108
142 80 139 138
240 236 207 206
126 70 123 122
378 376 215 214
127 71 125 124
379 377 223 222
76 72 129 128
77 73 131 130
143 81 141 140
241 237 239 238
340 336 431 430
341 337 433 432
402 400 443 442
403 401 445 444
144 132 93 92
145 133 99 98
172 134 105 104
206 138 127 126
238 140 137 136
239 141 143 142
-1 135 177 176
-1 173 179 178
-1 139 205 204
-1 207 209 208
150 88 147 146
151 89 149 148
156 90 153 152
157 91 155 154
162 94 159 158
163 95 161 160
168 96 165 164
169 97 167 166
184 100 181 180
185 101 183 182
190 102 187 186
191 103 189 188
196 106 193 192
458 430 347 346
197 107 195 194
459 431 349 348
202 108 199 198
460 432 351 350
203 109 201 200
461 433 353 352
214 122 211 210
-1 123 213 212
-1 215 217 216
222 124 219 218
223 125 221 220
228 128 225 224
462 442 405 404
229 129 227 226
463 443 407 406
234 130 231 230
464 444 409 408
235 131 233 232
465 445 413 412
178 176 197 196
179 177 203 202
208 204 229 228
209 205 235 234
255 146 1 1
254 147 1 1
346 192 255 254
261 148 1 1
260 149 1 1
347 193 261 260
267 152 1 1
266 153 1 1
348 194 267 266
273 154 1 1
272 155 1 1
349 195 273 272
287 158 1 1
286 159 1 1
404 224 287 286
293 160 1 1
292 161 1 1
405 225 293 292
299 164 1 1
298 165 1 1
406 226 299 298
305 166 1 1
304 167 1 1
407 227 305 304
315 180 1 1
314 181 1 1
350 198 315 314
321 182 1 1
320 183 1 1
351 199 321 320
327 186 1 1
326 187 1 1
352 200 327 326
333 188 1 1
332 189 1 1
353 201 333 332
217 213 343 342
385 210 1 1
384 211 1 1
413 233 385 384
216 212 387 386
393 218 389 388
392 219 1 1
408 230 393 392
399 220 395 1
398 221 1 1
409 231 399 398
412 232 411 410
-1 395 439 438
371 342 309 308
-1 410 373 372
-1 411 375 374
-1 386 447 446
-1 387 451 450
-1 388 453 452
-1 389 455 454
-1 343 345 344
372 366 175 174
374 370 241 240
452 446 249 248
454 450 281 280
-1 373 367 366
-1 375 371 370
453 451 379 378
368 344 459 458
369 345 461 460
-1 455 457 456
-1 447 449 448
-1 367 369 368
456 448 463 462
457 449 465 464
