0 0 33 32
0 0 39 38
0 0 53 52
0 0 55 54
0 0 101 100
0 0 105 104
0 0 107 106
0 0 111 110
0 0 321 320
0 0 327 326
0 0 333 332
0 0 335 334
0 0 343 342
0 0 345 344
0 0 349 348
38 32 35 34
54 52 45 44
39 33 37 36
55 53 51 50
104 100 81 80
110 106 83 82
105 101 103 102
111 107 109 108
326 320 323 322
334 332 329 328
327 321 325 324
335 333 331 330
342 302 337 336
348 344 339 338
343 303 341 340
349 345 347 346
44 34 41 40
82 80 61 60
45 35 43 42
83 81 67 66
50 36 47 46
108 102 73 72
51 37 49 48
109 103 79 78
328 322 247 246
338 336 251 250
329 323 261 260
339 337 265 264
330 324 275 274
346 340 279 278
331 325 289 288
347 341 293 292
60 40 57 56
61 41 59 58
66 42 63 62
67 43 65 64
72 46 69 68
73 47 71 70
78 48 75 74
79 49 77 76
250 246 243 242
251 247 249 248
264 260 257 256
265 261 263 262
278 274 271 270
279 275 277 276
292 288 285 284
293 289 291 290
128 56 85 84
244 242 137 136
130 57 87 86
245 243 143 142
144 58 89 88
254 248 153 152
146 59 91 90
255 249 159 158
160 62 93 92
258 256 169 168
162 63 95 94
259 257 175 174
176 64 97 96
268 262 187 186
178 65 99 98
269 263 193 192
129 68 113 112
272 270 199 198
131 69 115 114
273 271 205 204
145 70 117 116
282 276 211 210
147 71 119 118
283 277 217 216
161 74 121 120
286 284 223 222
163 75 123 122
287 285 229 228
177 76 125 124
296 290 235 234
-1 77 127 126
-1 291 299 298
137 84 1 1
136 85 1 1
143 86 1 1
142 87 1 1
153 88 1 1
152 89 1 1
159 90 1 1
158 91 1 1
169 92 1 1
168 93 1 1
175 94 1 1
174 95 1 1
187 96 1 1
186 97 1 1
193 98 1 1
192 99 1 1
199 112 1 1
198 113 1 1
205 114 1 1
204 115 1 1
211 116 1 1
210 117 1 1
217 118 1 1
216 119 1 1
223 120 219 218
222 121 221 220
229 122 225 224
228 123 227 226
234 124 1 1
-1 125 233 232
-1 235 237 236
180 126 239 238
300 298 313 312
181 127 241 240
301 299 319 318
-1 218 129 128
-1 219 131 130
-1 220 145 144
-1 221 147 146
-1 224 161 160
-1 225 163 162
-1 226 177 176
-1 227 179 178
313 238 309 308
312 239 311 310
236 232 303 302
318 240 315 314
319 241 317 316
-1 233 305 304
-1 237 307 306
-1 179 181 180
350 314 253 252
351 315 267 266
360 316 281 280
361 317 295 294
306 304 351 350
-1 308 353 352
-1 309 355 354
-1 310 357 356
-1 311 359 358
307 305 361 360
352 252 245 244
354 253 255 254
356 266 259 258
358 267 269 268
353 280 273 272
355 281 283 282
357 294 287 286
359 295 297 296
-1 297 301 300
