0 0 33 32
0 0 39 38
0 0 61 60
0 0 63 62
0 0 105 104
0 0 109 108
0 0 111 110
0 0 115 114
0 0 241 240
0 0 245 244
0 0 247 246
0 0 251 250
0 0 269 268
0 0 273 272
0 0 279 278
38 32 35 34
62 60 45 44
39 33 37 36
63 61 55 54
108 104 97 96
114 110 103 102
109 105 107 106
115 111 113 112
244 240 233 232
250 246 239 238
272 268 265 264
278 274 267 266
245 241 243 242
251 247 249 248
273 269 271 270
279 275 277 276
-1 34 41 40
-1 44 47 46
-1 35 43 42
-1 45 49 48
-1 36 51 50
-1 54 57 56
-1 37 53 52
-1 55 59 58
103 96 99 98
102 97 101 100
113 106 141 140
112 107 143 142
238 232 235 234
266 264 257 256
239 233 237 236
267 265 263 262
248 242 281 280
277 271 289 288
249 243 283 282
276 270 295 294
46 40 65 64
47 41 67 66
48 42 69 68
49 43 71 70
-1 98 117 116
-1 99 119 118
-1 100 121 120
-1 101 123 122
56 50 73 72
57 51 75 74
58 52 77 76
59 53 79 78
-1 140 145 144
-1 141 147 146
-1 142 149 148
-1 143 151 150
257 234 253 252
256 235 255 254
263 236 259 258
262 237 261 260
289 280 285 284
288 281 287 286
295 282 291 290
294 283 293 292
116 64 81 80
118 65 83 82
117 66 85 84
119 67 87 86
120 68 89 88
122 69 91 90
121 70 93 92
123 71 95 94
144 72 125 124
146 73 127 126
145 74 129 128
147 75 131 130
148 76 133 132
150 77 135 134
149 78 137 136
151 79 139 138
-1 254 217 216
-1 255 219 218
-1 252 221 220
-1 253 223 222
-1 260 225 224
-1 261 227 226
-1 258 229 228
-1 259 231 230
-1 286 297 296
-1 287 299 298
-1 284 301 300
-1 285 303 302
-1 292 305 304
-1 293 307 306
-1 290 309 308
-1 291 311 310
218 80 1 1
216 81 1 1
222 82 1 1
220 83 1 1
219 84 1 1
217 85 1 1
223 86 1 1
221 87 1 1
226 88 1 1
224 89 1 1
230 90 1 1
228 91 1 1
227 92 1 1
225 93 1 1
231 94 1 1
229 95 1 1
298 124 1 1
296 125 1 1
302 126 1 1
300 127 1 1
299 128 1 1
297 129 1 1
303 130 1 1
301 131 1 1
306 132 1 1
304 133 1 1
310 134 1 1
308 135 1 1
307 136 1 1
305 137 1 1
311 138 213 1
309 139 1 1
-1 213 275 274
