0 0 33 32
0 0 39 38
0 0 53 52
0 0 55 54
0 0 111 110
0 0 115 114
0 0 117 116
0 0 121 120
0 0 257 256
0 0 261 260
0 0 263 262
0 0 267 266
0 0 269 268
0 0 273 272
0 0 279 278
38 32 35 34
54 52 45 44
39 33 37 36
55 53 51 50
114 110 81 80
120 116 83 82
115 111 113 112
121 117 119 118
260 256 175 174
266 262 179 178
272 268 181 180
278 274 185 184
261 257 259 258
267 263 265 264
273 269 271 270
279 275 277 276
44 34 41 40
82 80 61 60
45 35 43 42
83 81 67 66
50 36 47 46
118 112 73 72
51 37 49 48
119 113 79 78
178 174 147 146
184 180 149 148
179 175 177 176
185 181 183 182
264 258 377 376
276 270 383 382
265 259 379 378
277 271 389 388
60 40 57 56
148 146 89 88
61 41 59 58
149 147 95 94
66 42 63 62
182 176 101 100
67 43 65 64
183 177 109 108
72 46 69 68
73 47 71 70
78 48 75 74
79 49 77 76
382 376 225 224
383 377 381 380
388 378 385 384
389 379 387 386
88 56 85 84
89 57 87 86
94 58 91 90
95 59 93 92
100 62 97 96
108 64 105 104
109 65 107 106
126 68 123 122
226 224 209 208
127 69 125 124
227 225 211 210
132 70 129 128
392 380 217 216
133 71 131 130
393 381 223 222
138 74 135 134
394 384 233 232
139 75 137 136
395 385 243 242
144 76 141 140
410 386 249 248
145 77 143 142
411 387 255 254
-1 63 99 98
-1 101 103 102
208 122 127 126
209 123 133 132
210 124 139 138
211 125 145 144
216 128 213 212
154 84 151 150
155 85 153 152
160 86 157 156
161 87 159 158
217 129 215 214
166 90 163 162
167 91 165 164
172 92 169 168
173 93 171 170
222 130 219 218
223 131 221 220
200 104 197 196
201 105 199 198
206 106 203 202
207 107 205 204
242 136 239 238
243 137 241 240
248 140 245 244
249 141 247 246
254 142 251 250
255 143 253 252
-1 135 231 230
-1 233 237 236
-1 134 229 228
-1 232 235 234
-1 97 189 188
-1 96 187 186
336 98 341 340
338 102 345 344
337 99 343 342
339 103 347 346
280 212 155 154
281 213 161 160
308 214 167 166
309 215 173 172
334 218 191 190
350 220 201 200
351 221 207 206
287 150 1 1
286 151 1 1
293 152 1 1
292 153 1 1
299 156 1 1
298 157 1 1
305 158 1 1
304 159 1 1
315 162 1 1
314 163 1 1
321 164 1 1
320 165 1 1
327 168 1 1
326 169 1 1
333 170 1 1
332 171 1 1
-1 219 339 338
357 196 1 1
356 197 1 1
363 198 1 1
362 199 1 1
369 202 1 1
368 203 1 1
375 204 1 1
374 205 1 1
401 238 1 1
400 239 1 1
407 240 1 1
406 241 1 1
418 244 -1 412
419 245 -1 413
426 246 -1 420
427 247 -1 421
432 250 1 1
441 252 437 1
440 253 1 1
-1 251 431 430
478 230 475 474
482 236 477 476
490 228 487 486
494 234 489 488
502 188 499 498
514 186 511 510
344 340 523 522
345 341 525 524
346 342 527 526
347 343 529 528
503 189 505 504
515 187 517 516
479 231 481 480
483 237 485 484
491 229 493 492
495 235 497 496
-1 437 275 274
-1 527 479 478
-1 526 491 490
-1 523 503 502
-1 191 195 194
-1 522 515 514
-1 190 193 192
434 430 445 444
435 431 455 454
476 474 287 286
477 475 293 292
488 486 299 298
489 487 305 304
500 498 315 314
501 499 321 320
512 510 327 326
513 511 333 332
508 504 357 356
509 505 363 362
520 516 369 368
521 517 375 374
537 528 401 400
541 529 407 406
484 480 419 418
485 481 427 426
496 492 433 432
497 493 441 440
-1 412 415 414
-1 421 425 424
-1 413 417 416
-1 420 423 422
534 524 531 530
540 525 533 532
-1 433 435 434
506 194 501 500
518 192 513 512
507 195 509 508
519 193 521 520
456 454 307 306
457 455 349 348
444 442 391 390
445 443 409 408
-1 530 535 534
-1 531 537 536
-1 532 539 538
-1 533 541 540
468 424 443 442
470 416 457 456
467 417 -1 462
471 415 -1 460
469 423 -1 465
473 425 -1 461
466 422 464 463
472 414 459 458
-1 539 483 482
-1 535 495 494
-1 538 507 506
-1 536 519 518
446 390 227 226
447 306 281 280
451 307 309 308
449 348 335 334
453 349 351 350
450 391 393 392
448 408 395 394
452 409 411 410
-1 463 467 466
-1 464 469 468
-1 458 471 470
-1 459 473 472
-1 465 447 446
-1 462 449 448
-1 461 451 450
-1 460 453 452
-1 335 337 336
