37 0 -1 33
38 0 -1 36
0 0 -1 37
0 0 -1 38
0 0 46 45
0 0 55 54
0 0 59 58
0 0 85 84
0 0 87 86
0 0 129 128
0 0 131 130
0 0 133 132
0 0 135 134
0 0 141 140
0 0 145 144
168 0 147 146
0 0 151 150
36 33 35 34
56 45 -1 43
57 46 -1 44
58 54 -1 56
59 55 -1 57
86 84 61 60
87 85 73 72
130 128 89 88
134 132 93 92
131 129 95 94
135 133 99 98
144 140 137 136
150 146 139 138
145 141 143 142
151 147 149 148
43 34 40 39
44 35 42 41
90 60 -1 62
91 61 -1 63
96 72 -1 74
97 73 -1 75
92 88 -1 90
93 89 -1 91
98 94 -1 96
99 95 -1 97
139 137 101 100
138 136 107 106
157 143 -1 112
161 149 -1 113
148 142 121 120
62 39 48 47
63 40 50 49
112 42 -1 53
113 74 -1 76
75 41 52 51
104 100 -1 102
105 101 -1 103
110 106 -1 108
111 107 -1 109
124 120 -1 122
125 121 -1 123
103 47 1 1
102 48 1 1
109 49 1 1
108 50 1 1
123 51 -1 81
122 52 1 1
-1 53 78 77
-1 76 80 79
-1 81 127 126
115 78 -1 116
118 80 -1 119
-1 77 115 114
-1 79 118 117
167 126 -1 166
-1 127 168 167
117 114 159 158
119 116 165 164
-1 166 163 162
162 158 153 152
163 159 161 160
-1 164 155 154
-1 165 157 156
156 153 105 104
154 152 111 110
160 155 125 124
