0 0 -1 33
0 0 -1 35
0 0 -1 47
0 0 -1 48
81 0 -1 55
83 0 -1 56
0 0 -1 59
0 0 -1 61
59 0 -1 60
61 0 -1 62
0 0 -1 69
0 0 -1 71
69 0 -1 70
71 0 -1 72
82 0 -1 79
65 0 -1 81
67 0 -1 83
75 0 -1 87
77 0 -1 89
66 0 -1 82
68 0 -1 84
76 0 -1 88
78 0 -1 90
84 45 -1 80
92 88 -1 85
91 90 -1 86
39 33 -1 34
42 35 -1 36
55 34 -1 1
56 36 -1 38
47 40 -1 41
48 43 -1 44
87 51 -1 57
89 53 -1 58
79 60 -1 63
80 62 -1 64
85 70 -1 73
86 72 -1 74
-1 38 46 45
57 41 -1 49
58 44 -1 50
-1 63 66 65
-1 64 68 67
-1 73 76 75
-1 74 78 77
-1 46 92 91
-1 49 52 51
-1 50 54 53
-1 52 40 39
-1 54 43 42
