0 0 -1 33
0 0 -1 35
33 0 -1 34
35 0 -1 36
0 0 -1 43
0 0 -1 46
0 0 50 49
0 0 -1 95
0 0 -1 98
0 0 100 99
0 0 104 103
0 0 106 105
0 0 108 107
0 0 151 150
0 0 157 156
202 0 169 168
0 0 171 170
36 34 38 37
46 43 45 44
49 44 -1 47
50 45 -1 48
107 105 64 63
108 106 82 81
98 95 97 96
103 99 -1 101
104 100 -1 102
156 150 153 152
170 168 161 160
157 151 155 154
171 169 167 166
47 37 40 39
48 38 42 41
101 96 60 59
63 59 -1 61
64 60 -1 62
102 97 78 77
81 77 -1 79
82 78 -1 80
161 153 133 132
160 152 159 158
166 154 163 162
167 155 165 164
61 39 52 51
62 40 54 53
79 41 56 55
80 42 58 57
136 132 110 109
175 163 116 115
174 162 122 121
176 164 127 126
165 54 -1 73
137 133 135 134
173 159 143 142
172 158 149 148
109 89 70 69
110 90 75 74
134 91 88 87
135 92 94 93
93 57 90 89
69 51 66 65
116 65 1 1
115 66 1 1
70 52 68 67
122 67 1 1
121 68 1 1
74 53 72 71
127 71 -1 123
126 72 1 1
94 58 92 91
87 55 84 83
143 83 1 1
142 84 1 1
88 56 86 85
149 85 1 1
148 86 1 1
-1 73 129 128
-1 123 199 198
177 75 -1 76
193 129 -1 188
130 128 197 196
201 198 -1 200
-1 76 131 130
-1 199 202 201
191 188 190 189
-1 196 193 192
-1 197 195 194
-1 200 185 184
192 184 179 178
194 185 187 186
195 131 -1 191
-1 189 181 180
-1 190 183 182
182 179 137 136
180 178 173 172
186 181 175 174
187 183 177 176
