0 0 -1 33
0 0 -1 35
0 0 -1 41
0 0 -1 42
0 0 -1 47
0 0 -1 49
0 0 -1 55
0 0 -1 56
37 0 -1 43
39 0 -1 45
0 0 -1 76
0 0 -1 78
0 0 -1 84
0 0 -1 85
0 0 -1 88
0 0 -1 90
104 0 -1 96
41 33 -1 34
42 35 -1 36
55 47 -1 48
56 49 -1 50
43 38 -1 44
45 40 -1 46
84 76 -1 77
85 78 -1 79
96 88 -1 89
97 90 -1 91
-1 34 38 37
-1 36 40 39
-1 48 52 51
-1 50 54 53
99 44 -1 61
101 46 -1 62
-1 77 81 80
-1 79 83 82
-1 89 93 92
-1 91 95 94
70 51 -1 57
73 53 -1 59
57 52 -1 58
59 54 -1 60
80 71 -1 72
82 74 -1 75
92 66 -1 98
94 68 -1 100
98 93 -1 99
100 95 -1 101
-1 61 67 66
-1 62 69 68
81 72 -1 86
83 75 -1 87
-1 67 71 70
-1 69 74 73
87 58 -1 63
86 60 1 1
-1 63 103 102
105 102 -1 97
-1 103 105 104
