0 0 -1 33
0 0 -1 35
0 0 -1 49
0 0 -1 52
0 0 104 103
0 0 108 107
0 0 110 109
0 0 114 113
0 0 144 143
0 0 148 147
0 0 150 149
0 0 154 153
0 0 210 209
0 0 212 211
207 0 214 213
0 0 216 215
40 33 -1 34
44 35 -1 36
52 49 51 50
107 103 -1 105
108 104 -1 106
113 109 -1 111
114 110 -1 112
147 143 116 115
153 149 118 117
148 144 146 145
154 150 152 151
211 209 180 179
215 213 184 183
212 210 194 193
216 214 198 197
36 34 38 37
55 50 -1 53
58 51 -1 54
111 105 78 77
112 106 80 79
117 115 86 85
118 116 92 91
151 145 96 95
152 146 102 101
183 179 176 175
184 180 182 181
197 193 190 189
198 194 196 195
53 37 46 45
54 38 48 47
95 65 70 69
191 189 74 73
77 41 -1 75
78 42 -1 76
79 56 -1 57
80 59 -1 60
85 61 82 81
177 175 124 123
86 62 84 83
178 176 130 129
91 63 88 87
187 181 136 135
92 64 90 89
188 182 142 141
96 66 94 93
192 190 160 159
101 67 98 97
201 195 166 165
102 68 100 99
202 196 174 173
-1 70 40 39
-1 74 44 43
73 69 72 71
75 45 62 61
76 46 64 63
57 47 66 65
60 48 68 67
124 81 1 1
123 82 1 1
130 83 1 1
129 84 1 1
136 87 1 1
135 88 1 1
142 89 1 1
141 90 1 1
160 93 1 1
159 94 1 1
165 97 1 1
174 99 170 1
173 100 1 1
-1 98 164 163
-1 166 168 167
-1 170 208 207
-1 71 56 55
-1 72 59 58
43 39 42 41
167 163 204 203
168 164 206 205
-1 208 222 221
221 205 186 185
222 206 200 199
-1 203 218 217
-1 204 220 219
217 185 178 177
219 186 188 187
218 199 192 191
220 200 202 201
