0 0 34 33
0 0 40 39
0 0 54 53
0 0 56 55
0 0 144 143
0 0 150 149
0 0 176 175
0 0 178 177
0 0 196 195
0 0 200 199
0 0 202 201
0 0 206 205
0 0 208 207
0 0 210 209
217 0 212 211
0 0 214 213
39 33 36 35
55 53 46 45
40 34 38 37
56 54 52 51
149 143 146 145
150 144 148 147
177 175 160 159
178 176 168 167
209 207 180 179
213 211 184 183
210 208 186 185
214 212 190 189
199 195 192 191
205 201 194 193
200 196 198 197
206 202 204 203
45 35 42 41
46 36 44 43
51 37 48 47
52 38 50 49
181 159 -1 161
182 160 -1 162
161 145 152 151
193 191 164 163
162 146 154 153
194 192 166 165
187 167 -1 169
188 168 -1 170
169 147 156 155
203 197 172 171
170 148 158 157
204 198 174 173
183 179 -1 181
184 180 -1 182
189 185 -1 187
190 186 -1 188
61 41 58 57
172 156 88 87
62 42 60 59
171 155 94 93
67 43 64 63
174 158 100 99
68 44 66 65
173 157 108 107
73 47 70 69
166 154 124 123
74 48 72 71
165 153 130 129
79 49 76 75
164 152 136 135
80 50 78 77
163 151 142 141
88 57 1 1
87 58 1 1
94 59 1 1
93 60 1 1
99 63 1 1
108 65 1 1
107 66 1 1
124 69 1 1
123 70 1 1
130 71 1 1
129 72 1 1
136 75 1 1
135 76 1 1
142 77 138 1
141 78 1 1
-1 64 98 97
-1 100 102 101
-1 138 218 217
102 98 114 113
101 97 216 215
-1 218 118 117
117 113 82 81
118 114 116 115
-1 215 110 109
-1 216 112 111
109 81 62 61
111 82 68 67
115 110 74 73
116 112 80 79
