0 0 -1 33
0 0 -1 35
0 0 -1 41
0 0 -1 42
0 0 -1 47
0 0 -1 49
0 0 -1 55
0 0 -1 56
37 0 -1 43
39 0 -1 45
0 0 -1 79
0 0 -1 81
0 0 -1 87
0 0 -1 88
0 0 -1 91
0 0 -1 93
112 0 -1 99
41 33 -1 34
42 35 -1 36
55 47 -1 48
56 49 -1 50
43 38 -1 44
45 40 -1 46
87 79 -1 80
88 81 -1 82
99 91 -1 92
100 93 -1 94
-1 34 38 37
-1 36 40 39
-1 48 52 51
-1 50 54 53
102 44 -1 61
104 46 -1 62
-1 80 84 83
-1 82 86 85
-1 92 96 95
-1 94 98 97
69 51 -1 57
72 53 -1 59
57 52 -1 58
59 54 -1 60
84 70 -1 71
86 73 -1 74
85 83 90 89
95 65 -1 101
97 67 -1 103
101 96 -1 102
103 98 -1 104
-1 61 66 65
-1 62 68 67
-1 66 70 69
-1 68 73 72
60 58 64 63
105 89 -1 107
106 90 -1 108
74 71 106 105
108 63 76 1
107 64 1 1
-1 76 110 109
-1 110 112 111
111 109 -1 100
