0 0 -1 33
0 0 -1 35
0 0 -1 41
0 0 -1 42
0 0 -1 47
0 0 -1 49
0 0 -1 55
0 0 -1 56
37 0 -1 43
39 0 -1 45
0 0 -1 77
0 0 -1 79
0 0 -1 85
0 0 -1 86
0 0 -1 91
0 0 -1 93
120 0 -1 99
41 33 -1 34
42 35 -1 36
55 47 -1 48
56 49 -1 50
43 38 -1 44
45 40 -1 46
85 77 -1 78
86 79 -1 80
99 91 -1 92
100 93 -1 94
-1 34 38 37
-1 36 40 39
-1 48 52 51
-1 50 54 53
46 44 62 61
-1 78 82 81
-1 80 84 83
-1 92 96 95
-1 94 98 97
69 51 -1 57
73 53 -1 59
57 52 -1 58
59 54 -1 60
81 71 -1 87
83 75 -1 89
87 82 -1 88
89 84 -1 90
95 72 -1 101
97 76 -1 103
101 96 -1 102
103 98 -1 104
63 61 66 65
64 62 68 67
60 58 64 63
-1 66 70 69
90 88 106 105
104 102 108 107
111 65 1 1
110 67 -1 115
109 68 1 1
-1 115 119 118
-1 70 72 71
108 106 112 111
107 105 110 109
121 118 -1 100
-1 119 121 120
-1 112 74 73
-1 74 76 75
