0 0 34 33
0 0 40 39
0 0 54 53
0 0 56 55
0 0 106 105
0 0 110 109
0 0 112 111
0 0 116 115
0 0 176 175
0 0 180 179
0 0 182 181
0 0 186 185
0 0 190 189
0 0 196 195
343 0 210 209
0 0 212 211
39 33 36 35
55 53 46 45
40 34 38 37
56 54 52 51
109 105 82 81
115 111 84 83
110 106 108 107
116 112 114 113
179 175 158 157
185 181 160 159
180 176 178 177
186 182 184 183
195 189 192 191
211 209 202 201
196 190 194 193
212 210 208 207
45 35 42 41
83 81 62 61
46 36 44 43
84 82 68 67
51 37 48 47
52 38 50 49
183 177 144 143
113 107 146 145
159 157 150 149
114 108 148 147
160 158 156 155
184 178 188 187
201 191 198 197
202 192 200 199
207 193 204 203
208 194 206 205
61 41 58 57
143 87 86 85
62 42 60 59
144 88 92 91
67 43 64 63
187 89 98 97
68 44 66 65
188 90 104 103
73 47 70 69
149 145 122 121
74 48 72 71
150 146 128 127
79 49 76 75
80 50 78 77
155 147 152 151
213 197 166 165
156 148 154 153
214 198 172 171
219 199 216 215
220 200 218 217
231 205 228 227
225 203 222 221
226 204 224 223
232 206 230 229
85 57 74 73
86 58 80 79
91 59 88 87
92 60 90 89
255 227 226 225
256 228 232 231
-1 154 170 169
-1 172 174 173
-1 78 138 137
273 229 270 269
274 230 272 271
97 63 94 93
261 221 258 257
98 64 96 95
262 222 260 259
103 65 100 99
241 215 238 237
104 66 102 101
242 216 240 239
121 69 118 117
267 223 264 263
122 70 120 119
268 224 266 265
127 71 124 123
247 217 244 243
128 72 126 125
248 218 246 245
133 75 130 129
165 151 162 161
134 76 132 131
166 152 164 163
139 77 136 135
171 153 168 167
295 269 134 133
296 270 140 139
173 169 236 235
297 271 242 241
298 272 248 247
141 137 290 289
142 138 292 291
174 170 254 253
258 93 1 1
257 94 1 1
260 95 1 1
259 96 1 1
238 99 1 1
237 100 1 1
240 101 1 1
239 102 1 1
264 117 1 1
263 118 1 1
266 119 1 1
265 120 1 1
244 123 1 1
243 124 1 1
246 125 1 1
245 126 1 1
162 129 1 1
161 130 1 1
164 131 1 1
163 132 1 1
168 135 340 339
167 136 342 1
-1 342 344 343
235 233 214 213
236 234 220 219
290 252 276 275
289 251 288 287
286 254 278 277
-1 339 280 279
-1 340 284 283
-1 140 142 141
282 253 294 293
291 281 296 295
292 285 298 297
-1 344 250 249
279 249 234 233
283 250 252 251
277 275 256 255
293 287 262 261
294 288 268 267
278 276 274 273
-1 280 282 281
-1 284 286 285
