0 0 34 33
0 0 40 39
0 0 54 53
0 0 56 55
0 0 112 111
0 0 116 115
0 0 118 117
0 0 122 121
0 0 276 275
0 0 278 277
0 0 280 279
0 0 282 281
0 0 284 283
0 0 286 285
341 0 288 287
0 0 290 289
39 33 36 35
55 53 46 45
40 34 38 37
56 54 52 51
115 111 82 81
121 117 84 83
116 112 114 113
122 118 120 119
277 275 174 173
281 279 178 177
285 283 180 179
289 287 184 183
278 276 238 237
282 280 242 241
286 284 244 243
290 288 248 247
45 35 42 41
83 81 62 61
46 36 44 43
84 82 68 67
51 37 48 47
119 113 74 73
52 38 50 49
120 114 80 79
177 173 148 147
183 179 150 149
178 174 176 175
184 180 182 181
241 237 210 209
247 243 212 211
242 238 240 239
248 244 246 245
61 41 58 57
149 147 90 89
62 42 60 59
150 148 98 97
67 43 64 63
181 175 104 103
68 44 66 65
182 176 110 109
73 47 70 69
211 209 128 127
74 48 72 71
212 210 134 133
79 49 76 75
245 239 140 139
80 50 78 77
246 240 146 145
89 57 86 85
-1 58 88 87
-1 90 92 91
97 59 94 93
98 60 96 95
103 63 100 99
104 64 102 101
109 65 106 105
110 66 108 107
127 69 124 123
128 70 126 125
133 71 130 129
134 72 132 131
139 75 136 135
140 76 138 137
145 77 142 141
146 78 144 143
155 85 152 151
156 86 154 153
165 93 162 161
166 94 164 163
171 95 168 167
172 96 170 169
190 99 1 1
189 100 1 1
196 101 1 1
195 102 1 1
202 105 1 1
201 106 1 1
208 107 1 1
207 108 1 1
218 123 1 1
217 124 1 1
224 125 1 1
223 126 1 1
230 129 1 1
229 130 1 1
236 131 1 1
235 132 1 1
254 135 1 1
253 136 1 1
260 137 1 1
259 138 1 1
265 141 1 1
274 143 270 1
273 144 1 1
91 87 158 157
92 88 160 159
-1 142 264 263
-1 270 342 341
297 153 190 189
298 154 196 195
295 151 202 201
296 152 208 207
327 163 218 217
328 164 224 223
325 161 230 229
326 162 236 235
331 169 254 253
332 170 260 259
329 167 266 265
330 168 274 273
303 157 300 299
311 159 308 307
312 160 310 309
268 264 320 319
267 263 340 339
-1 158 302 301
-1 342 324 323
323 319 292 291
324 320 322 321
334 300 296 295
333 299 298 297
336 308 326 325
335 307 328 327
338 310 330 329
337 309 332 331
-1 266 268 267
305 301 344 343
306 302 352 351
-1 339 314 313
-1 340 318 317
317 291 156 155
321 314 166 165
322 318 172 171
-1 292 294 293
347 343 334 333
353 351 336 335
354 352 338 337
-1 344 346 345
-1 313 316 315
315 293 304 303
316 294 312 311
349 345 348 347
350 346 354 353
-1 304 306 305
-1 348 350 349
