0 0 34 33
0 0 40 39
0 0 54 53
0 0 56 55
0 0 112 111
0 0 116 115
0 0 118 117
0 0 122 121
0 0 424 423
0 0 428 427
0 0 432 431
0 0 434 433
0 0 444 443
0 0 446 445
481 0 448 447
0 0 450 449
39 33 36 35
55 53 46 45
40 34 38 37
56 54 52 51
115 111 86 85
121 117 88 87
116 112 114 113
122 118 120 119
428 424 358 357
434 432 362 361
446 444 364 363
450 448 368 367
427 423 426 425
433 431 430 429
445 443 436 435
449 447 438 437
45 35 42 41
87 85 62 61
46 36 44 43
88 86 68 67
51 37 48 47
119 113 76 75
52 38 50 49
120 114 84 83
361 357 242 241
367 363 244 243
429 425 276 275
437 435 280 279
430 426 338 337
438 436 342 341
362 358 360 359
368 364 366 365
61 41 58 57
62 42 60 59
67 43 64 63
-1 44 66 65
-1 68 70 69
75 47 72 71
-1 48 74 73
-1 76 78 77
83 49 80 79
84 50 82 81
243 241 172 171
244 242 236 235
279 275 248 247
280 276 278 277
341 337 310 309
365 359 380 379
-1 338 340 339
-1 342 344 343
-1 360 410 409
-1 366 412 411
137 79 134 133
175 171 146 145
93 57 90 89
249 247 152 151
94 58 92 91
250 248 158 157
99 59 96 95
283 277 164 163
100 60 98 97
284 278 170 169
138 80 136 135
176 172 174 173
105 63 102 101
311 309 186 185
106 64 104 103
312 310 192 191
69 65 108 107
70 66 110 109
143 81 140 139
239 235 208 207
127 71 124 123
381 379 216 215
128 72 126 125
382 380 222 221
77 73 130 129
78 74 132 131
144 82 142 141
240 236 238 237
343 339 440 439
344 340 442 441
411 409 452 451
412 410 454 453
145 133 94 93
146 134 100 99
173 135 106 105
207 139 128 127
237 141 138 137
238 142 144 143
-1 136 178 177
-1 174 180 179
-1 140 206 205
-1 208 210 209
151 89 148 147
152 90 150 149
157 91 154 153
158 92 156 155
163 95 160 159
164 96 162 161
169 97 166 165
170 98 168 167
185 101 182 181
186 102 184 183
191 103 188 187
192 104 190 189
197 107 194 193
463 439 350 349
198 108 196 195
464 440 352 351
203 109 200 199
465 441 354 353
204 110 202 201
466 442 356 355
215 123 212 211
216 124 214 213
221 125 218 217
222 126 220 219
227 129 224 223
467 451 416 415
228 130 226 225
468 452 418 417
233 131 230 229
469 453 420 419
234 132 232 231
470 454 422 421
179 177 198 197
180 178 204 203
209 205 228 227
210 206 234 233
256 147 1 1
255 148 1 1
349 193 256 255
262 149 1 1
261 150 1 1
350 194 262 261
268 153 1 1
267 154 1 1
351 195 268 267
274 155 1 1
273 156 1 1
352 196 274 273
290 159 1 1
289 160 1 1
415 223 290 289
296 161 1 1
295 162 1 1
416 224 296 295
302 165 1 1
301 166 1 1
417 225 302 301
308 167 1 1
307 168 1 1
418 226 308 307
318 181 1 1
317 182 1 1
353 199 318 317
324 183 1 1
323 184 1 1
354 200 324 323
330 187 1 1
329 188 1 1
355 201 330 329
336 189 1 1
335 190 1 1
356 202 336 335
388 211 384 383
387 212 386 385
421 231 388 387
394 213 1 1
393 214 1 1
422 232 394 393
399 217 1 1
419 229 400 399
408 219 404 1
407 220 1 1
420 230 408 407
-1 218 398 397
-1 404 482 481
-1 385 370 369
-1 386 372 371
-1 383 458 457
-1 384 462 461
402 398 476 475
401 397 480 479
-1 400 402 401
-1 482 478 477
478 476 376 375
477 475 456 455
369 245 176 175
371 246 240 239
457 281 250 249
461 282 284 283
370 345 312 311
462 377 382 381
-1 372 374 373
-1 458 460 459
-1 479 472 471
-1 480 474 473
471 375 246 245
472 455 282 281
474 456 346 345
473 376 378 377
373 347 464 463
374 348 466 465
459 413 468 467
460 414 470 469
-1 346 348 347
-1 378 414 413
