0 0 34 33
0 0 40 39
0 0 54 53
0 0 56 55
0 0 112 111
0 0 116 115
0 0 118 117
0 0 122 121
0 0 254 253
0 0 258 257
0 0 260 259
0 0 264 263
0 0 266 265
0 0 270 269
502 0 272 271
0 0 276 275
39 33 36 35
55 53 46 45
40 34 38 37
56 54 52 51
115 111 82 81
121 117 84 83
116 112 114 113
122 118 120 119
257 253 176 175
263 259 180 179
269 265 182 181
275 271 186 185
258 254 256 255
264 260 262 261
270 266 268 267
276 272 274 273
45 35 42 41
83 81 62 61
46 36 44 43
84 82 68 67
51 37 48 47
119 113 74 73
52 38 50 49
120 114 80 79
179 175 148 147
185 181 150 149
180 176 178 177
186 182 184 183
261 255 364 363
273 267 370 369
262 256 366 365
274 268 376 375
61 41 58 57
149 147 90 89
62 42 60 59
150 148 96 95
67 43 64 63
183 177 102 101
68 44 66 65
184 178 110 109
73 47 70 69
74 48 72 71
79 49 76 75
80 50 78 77
369 363 226 225
370 364 368 367
375 365 372 371
376 366 374 373
89 57 86 85
90 58 88 87
95 59 92 91
96 60 94 93
101 63 98 97
109 65 106 105
110 66 108 107
127 69 124 123
227 225 210 209
128 70 126 125
228 226 212 211
133 71 130 129
377 367 218 217
134 72 132 131
378 368 224 223
139 75 136 135
379 371 234 233
140 76 138 137
380 372 240 239
145 77 142 141
405 373 246 245
146 78 144 143
406 374 252 251
-1 64 100 99
-1 102 104 103
209 123 128 127
210 124 134 133
211 125 140 139
212 126 146 145
217 129 214 213
155 85 152 151
156 86 154 153
161 87 158 157
162 88 160 159
218 130 216 215
167 91 164 163
168 92 166 165
173 93 170 169
174 94 172 171
223 131 220 219
191 97 188 187
192 98 190 189
224 132 222 221
201 105 198 197
202 106 200 199
207 107 204 203
208 108 206 205
233 135 230 229
234 136 232 231
239 137 236 235
240 138 238 237
245 141 242 241
246 142 244 243
251 143 248 247
252 144 250 249
103 99 194 193
104 100 196 195
277 213 156 155
278 214 162 161
295 215 168 167
296 216 174 173
313 219 192 191
345 221 202 201
346 222 208 207
-1 220 318 317
444 151 1 1
442 152 1 1
448 153 1 1
446 154 1 1
452 157 1 1
450 158 1 1
456 159 1 1
454 160 1 1
460 163 1 1
458 164 1 1
464 165 1 1
462 166 1 1
468 169 1 1
466 170 1 1
472 171 1 1
470 172 1 1
324 187 320 319
323 188 322 321
330 189 326 325
329 190 328 327
461 197 1 1
459 198 1 1
465 199 1 1
463 200 1 1
469 203 1 1
467 204 1 1
473 205 1 1
471 206 1 1
386 229 382 381
385 230 384 383
392 231 388 387
391 232 390 389
398 235 1 1
397 236 1 1
404 237 1 1
403 238 1 1
445 241 408 407
443 242 410 409
449 243 1 1
447 244 1 1
451 247 -1 415
453 248 -1 416
457 249 -1 421
455 250 1 1
335 193 332 331
343 195 340 339
344 196 342 341
-1 194 334 333
-1 421 495 494
317 315 336 335
318 316 344 343
-1 407 425 424
-1 408 427 426
-1 409 429 428
-1 410 431 430
-1 389 443 442
-1 390 445 444
-1 387 447 446
-1 388 449 448
-1 383 451 450
-1 384 453 452
-1 381 455 454
-1 382 457 456
-1 327 459 458
-1 328 461 460
-1 325 463 462
-1 326 465 464
-1 321 467 466
-1 322 469 468
-1 319 471 470
-1 320 473 472
474 331 324 323
475 332 330 329
486 339 386 385
487 340 392 391
488 341 398 397
489 342 404 403
-1 415 418 417
-1 416 420 419
337 333 477 476
338 334 485 484
503 494 -1 500
504 495 502 501
432 425 228 227
433 424 278 277
437 426 296 295
435 428 314 313
439 430 346 345
436 427 378 377
434 429 380 379
438 431 406 405
-1 336 338 337
499 420 437 436
496 417 -1 440
498 419 -1 441
497 418 493 492
480 476 475 474
490 484 487 486
491 485 489 488
-1 477 479 478
-1 500 439 438
-1 314 316 315
-1 501 504 503
-1 492 497 496
-1 493 499 498
-1 440 433 432
-1 441 435 434
482 478 481 480
483 479 491 490
-1 481 483 482
