0 0 -1 34
0 0 -1 37
0 0 43 42
0 0 47 46
0 0 -1 92
0 0 -1 94
0 0 -1 98
0 0 -1 99
0 0 -1 104
0 0 -1 107
0 0 111 110
0 0 115 114
0 0 117 116
0 0 119 118
0 0 121 120
0 0 123 122
37 34 36 35
46 42 -1 44
47 43 -1 45
118 116 57 56
122 120 61 60
119 117 75 74
123 121 79 78
98 92 -1 93
99 94 -1 95
107 104 106 105
114 110 -1 112
115 111 -1 113
44 35 39 38
45 36 41 40
60 56 -1 58
61 57 -1 59
78 74 -1 76
79 75 -1 77
95 93 97 96
112 105 -1 108
113 106 -1 109
58 38 49 48
59 39 51 50
76 40 53 52
77 41 55 54
108 96 101 100
109 97 103 102
67 48 1 1
66 49 1 1
100 86 67 66
73 50 1 1
72 51 1 1
101 87 73 72
85 52 1 1
84 53 1 1
102 88 85 84
103 89 91 90
90 54 87 86
91 55 89 88
