0 0 -1 34
0 0 -1 36
34 0 -1 35
36 0 -1 37
0 0 -1 44
0 0 -1 47
0 0 51 50
0 0 -1 96
0 0 -1 99
0 0 101 100
0 0 105 104
0 0 107 106
0 0 109 108
0 0 153 152
0 0 159 158
0 0 171 170
0 0 173 172
37 35 39 38
47 44 46 45
50 45 -1 48
51 46 -1 49
108 106 65 64
109 107 83 82
99 96 98 97
104 100 -1 102
105 101 -1 103
158 152 155 154
172 170 163 162
159 153 157 156
173 171 169 168
48 38 41 40
49 39 43 42
102 97 61 60
64 60 -1 62
65 61 -1 63
103 98 79 78
82 78 -1 80
83 79 -1 81
163 155 135 134
162 154 161 160
168 156 165 164
169 157 167 166
62 40 53 52
63 41 55 54
80 42 57 56
81 43 59 58
138 134 111 110
177 165 117 116
176 164 123 122
178 166 129 128
167 55 -1 74
139 135 137 136
175 161 145 144
174 160 151 150
110 90 71 70
111 91 76 75
136 92 89 88
137 93 95 94
94 58 91 90
70 52 67 66
117 66 1 1
116 67 1 1
71 53 69 68
123 68 1 1
122 69 1 1
75 54 73 72
129 72 125 1
128 73 1 1
95 59 93 92
88 56 85 84
145 84 1 1
144 85 1 1
89 57 87 86
151 86 1 1
150 87 1 1
-1 74 131 130
-1 125 185 184
179 76 -1 77
190 131 -1 186
132 130 195 194
184 180 175 174
185 181 177 176
-1 77 133 132
189 186 188 187
-1 194 191 190
-1 195 193 192
191 182 139 138
193 183 179 178
192 133 -1 189
-1 187 181 180
-1 188 183 182
