0 0 -1 34
0 0 -1 37
0 0 43 42
0 0 47 46
0 0 61 60
0 0 63 62
0 0 105 104
0 0 107 106
0 0 161 160
0 0 165 164
0 0 173 172
0 0 175 174
0 0 185 184
0 0 187 186
0 0 189 188
0 0 191 190
37 34 36 35
46 42 -1 44
47 43 -1 45
62 60 53 52
63 61 59 58
106 104 101 100
107 105 103 102
165 161 109 108
175 173 113 112
187 185 115 114
191 189 119 118
164 160 163 162
174 172 171 170
186 184 181 180
190 188 183 182
44 35 39 38
45 36 41 40
52 38 49 48
102 92 69 68
53 39 51 50
103 93 75 74
58 40 55 54
100 90 81 80
59 41 57 56
101 91 87 86
112 108 95 94
118 114 99 98
170 162 167 166
182 180 177 176
171 163 169 168
183 181 179 178
113 109 111 110
119 115 117 116
98 94 89 88
74 50 71 70
99 95 97 96
75 51 73 72
80 54 77 76
177 167 129 128
81 55 79 78
176 166 135 134
86 56 83 82
117 111 141 140
87 57 85 84
116 110 147 146
68 48 65 64
179 169 153 152
69 49 67 66
178 168 159 158
88 70 91 90
89 71 93 92
96 73 1 1
97 72 1 1
129 76 1 1
128 77 1 1
135 78 1 1
134 79 1 1
141 82 1 1
140 83 1 1
147 84 1 1
146 85 1 1
153 64 1 1
152 65 1 1
159 66 1 1
158 67 1 1
