0 0 35 34
0 0 41 40
0 0 55 54
0 0 57 56
0 0 143 142
0 0 149 148
0 0 163 162
0 0 165 164
0 0 -1 208
0 0 -1 211
0 0 -1 220
0 0 -1 223
0 0 235 234
0 0 241 240
0 0 255 254
0 0 257 256
40 34 37 36
56 54 47 46
41 35 39 38
57 55 53 52
148 142 145 144
164 162 155 154
149 143 147 146
165 163 161 160
211 208 210 209
223 220 222 221
240 234 237 236
256 254 247 246
241 235 239 238
257 255 253 252
46 36 43 42
47 37 45 44
52 38 49 48
53 39 51 50
154 144 151 150
155 145 153 152
160 146 157 156
161 147 159 158
217 209 -1 212
219 210 -1 213
226 221 -1 224
228 222 -1 225
246 236 243 242
247 237 245 244
252 238 249 248
253 239 251 250
224 212 79 78
62 42 59 58
242 111 86 85
63 43 61 60
175 153 93 92
68 44 65 64
244 127 99 98
69 45 67 66
245 129 105 104
110 48 71 70
248 230 119 118
112 49 73 72
249 231 125 124
126 50 75 74
250 232 135 134
128 51 77 76
251 233 141 140
186 158 183 182
170 150 167 166
171 151 169 168
174 152 173 172
181 157 179 178
187 159 185 184
180 156 177 176
225 213 215 214
243 59 -1 84
80 78 63 62
81 79 69 68
214 108 231 230
215 109 233 232
93 60 89 88
92 61 91 90
188 182 171 170
189 183 175 174
202 184 181 180
203 185 187 186
178 138 189 188
104 66 101 100
105 67 103 102
85 58 83 82
141 77 139 138
179 139 203 202
140 76 137 136
113 86 -1 87
87 84 259 258
98 64 95 94
168 102 195 194
99 65 97 96
169 103 197 196
118 70 115 114
172 82 199 198
119 71 117 116
173 83 201 200
124 72 121 120
176 136 205 204
125 73 123 122
177 137 207 206
134 74 131 130
166 100 191 190
135 75 133 132
167 101 193 192
-1 88 111 110
-1 89 113 112
-1 90 127 126
-1 91 129 128
-1 258 227 226
-1 259 229 228
195 94 1 1
194 95 1 1
197 96 265 1
196 97 1 1
199 114 1 1
198 115 1 1
201 116 1 1
200 117 1 1
205 120 1 1
204 121 1 1
207 122 1 1
206 123 1 1
191 130 1 1
190 131 1 1
193 132 1 1
192 133 1 1
-1 265 107 106
-1 227 217 216
-1 229 219 218
216 106 81 80
218 107 109 108
