0 0 35 34
0 0 41 40
0 0 55 54
0 0 57 56
0 0 113 112
0 0 117 116
0 0 143 142
0 0 149 148
0 0 163 162
0 0 165 164
0 0 177 176
0 0 181 180
0 0 195 194
0 0 197 196
0 0 199 198
0 0 201 200
40 34 37 36
56 54 47 46
41 35 39 38
57 55 53 52
116 112 83 82
117 113 115 114
148 142 145 144
164 162 155 154
149 143 147 146
165 163 161 160
180 176 175 174
196 194 183 182
200 198 187 186
181 177 179 178
197 195 189 188
201 199 193 192
46 36 43 42
108 82 63 62
47 37 45 44
110 83 69 68
52 38 49 48
114 109 75 74
53 39 51 50
115 111 81 80
154 144 151 150
184 174 167 166
155 145 153 152
185 175 169 168
160 146 157 156
190 178 171 170
161 147 159 158
191 179 173 172
186 182 -1 184
187 183 -1 185
192 188 -1 190
193 189 -1 191
62 42 59 58
167 151 89 88
63 43 61 60
166 150 95 94
68 44 65 64
171 157 101 100
69 45 67 66
170 156 107 106
74 48 71 70
173 159 123 122
75 49 73 72
172 158 129 128
80 50 77 76
169 153 135 134
81 51 79 78
168 152 141 140
89 58 1 1
88 59 1 1
95 60 1 1
94 61 1 1
101 64 1 1
100 65 1 1
107 66 1 1
106 67 1 1
123 70 119 118
122 71 1 1
129 72 1 1
128 73 1 1
135 76 1 1
134 77 1 1
141 78 1 1
140 79 1 1
-1 118 109 108
-1 119 111 110
