0 0 35 34
0 0 41 40
0 0 55 54
0 0 57 56
0 0 111 110
0 0 115 114
0 0 117 116
0 0 121 120
0 0 147 146
0 0 153 152
0 0 167 166
0 0 169 168
0 0 183 182
0 0 187 186
0 0 189 188
0 0 193 192
40 34 37 36
56 54 47 46
41 35 39 38
57 55 53 52
114 110 83 82
120 116 85 84
115 111 113 112
121 117 119 118
152 146 149 148
168 166 159 158
153 147 151 150
169 167 165 164
186 182 179 178
192 188 181 180
187 183 185 184
193 189 191 190
46 36 43 42
84 82 63 62
47 37 45 44
85 83 69 68
52 38 49 48
118 112 75 74
53 39 51 50
119 113 81 80
158 148 155 154
180 178 171 170
159 149 157 156
181 179 173 172
164 150 161 160
190 184 175 174
165 151 163 162
191 185 177 176
62 42 59 58
174 160 91 90
63 43 61 60
175 161 97 96
68 44 65 64
176 162 103 102
69 45 67 66
177 163 109 108
74 48 71 70
170 154 127 126
75 49 73 72
171 155 133 132
80 50 77 76
172 156 139 138
81 51 79 78
173 157 145 144
90 58 87 86
91 59 89 88
96 60 93 92
97 61 95 94
102 64 99 98
103 65 101 100
108 66 105 104
109 67 107 106
126 70 123 122
127 71 125 124
132 72 129 128
133 73 131 130
138 76 135 134
139 77 137 136
144 78 141 140
145 79 143 142
199 86 1 1
198 87 1 1
258 104 199 198
205 88 1 1
204 89 1 1
262 105 205 204
211 92 1 1
210 93 1 1
266 122 211 210
217 94 1 1
216 95 1 1
268 123 217 216
223 98 1 1
222 99 1 1
267 140 223 222
229 100 1 1
228 101 1 1
269 141 229 228
237 128 1 1
236 129 1 1
280 125 237 236
235 130 1 1
234 131 1 1
278 124 235 234
251 134 1 1
250 135 1 1
279 142 251 250
257 136 1 1
256 137 1 1
281 143 257 256
270 106 231 230
274 107 233 232
275 230 277 276
271 231 273 272
263 232 265 264
259 233 261 260
-1 264 259 258
-1 265 263 262
-1 276 267 266
-1 277 269 268
-1 260 271 270
-1 261 275 274
-1 272 279 278
-1 273 281 280
