0 0 35 34
0 0 41 40
0 0 55 54
0 0 57 56
0 0 113 112
0 0 117 116
0 0 119 118
0 0 123 122
0 0 417 416
0 0 421 420
0 0 425 424
0 0 427 426
0 0 437 436
0 0 439 438
0 0 441 440
0 0 443 442
40 34 37 36
56 54 47 46
41 35 39 38
57 55 53 52
116 112 87 86
122 118 89 88
117 113 115 114
123 119 121 120
421 417 357 356
427 425 361 360
439 437 363 362
443 441 367 366
420 416 419 418
426 424 423 422
438 436 429 428
442 440 431 430
46 36 43 42
88 86 63 62
47 37 45 44
89 87 69 68
52 38 49 48
120 114 77 76
53 39 51 50
121 115 85 84
360 356 245 244
366 362 247 246
422 418 277 276
430 428 281 280
423 419 337 336
431 429 341 340
361 357 359 358
367 363 365 364
62 42 59 58
63 43 61 60
68 44 65 64
-1 45 67 66
-1 69 71 70
76 48 73 72
-1 49 75 74
-1 77 79 78
84 50 81 80
85 51 83 82
246 244 173 172
247 245 239 238
280 276 249 248
281 277 279 278
340 336 309 308
364 358 379 378
-1 337 339 338
-1 341 343 342
-1 359 403 402
-1 365 405 404
138 80 135 134
176 172 147 146
94 58 91 90
250 248 153 152
95 59 93 92
251 249 159 158
100 60 97 96
282 278 165 164
101 61 99 98
283 279 171 170
139 81 137 136
177 173 175 174
106 64 103 102
310 308 187 186
107 65 105 104
311 309 193 192
70 66 109 108
71 67 111 110
144 82 141 140
242 238 209 208
128 72 125 124
380 378 217 216
129 73 127 126
381 379 225 224
78 74 131 130
79 75 133 132
145 83 143 142
243 239 241 240
342 338 433 432
343 339 435 434
404 402 445 444
405 403 447 446
146 134 95 94
147 135 101 100
174 136 107 106
208 140 129 128
240 142 139 138
241 143 145 144
-1 137 179 178
-1 175 181 180
-1 141 207 206
-1 209 211 210
152 90 149 148
153 91 151 150
158 92 155 154
159 93 157 156
164 96 161 160
165 97 163 162
170 98 167 166
171 99 169 168
186 102 183 182
187 103 185 184
192 104 189 188
193 105 191 190
198 108 195 194
460 432 349 348
199 109 197 196
461 433 351 350
204 110 201 200
462 434 353 352
205 111 203 202
463 435 355 354
216 124 213 212
-1 125 215 214
-1 217 219 218
224 126 221 220
225 127 223 222
230 130 227 226
464 444 407 406
231 131 229 228
465 445 409 408
236 132 233 232
466 446 411 410
237 133 235 234
467 447 415 414
180 178 199 198
181 179 205 204
210 206 231 230
211 207 237 236
257 148 1 1
256 149 1 1
348 194 257 256
263 150 1 1
262 151 1 1
349 195 263 262
269 154 1 1
268 155 1 1
350 196 269 268
275 156 1 1
274 157 1 1
351 197 275 274
289 160 1 1
288 161 1 1
406 226 289 288
295 162 1 1
294 163 1 1
407 227 295 294
301 166 1 1
300 167 1 1
408 228 301 300
307 168 1 1
306 169 1 1
409 229 307 306
317 182 1 1
316 183 1 1
352 200 317 316
323 184 1 1
322 185 1 1
353 201 323 322
329 188 1 1
328 189 1 1
354 202 329 328
335 190 1 1
334 191 1 1
355 203 335 334
219 215 345 344
387 212 1 1
386 213 1 1
415 235 387 386
218 214 389 388
395 220 391 390
394 221 1 1
410 232 395 394
401 222 1 1
400 223 1 1
411 233 401 400
414 234 413 412
373 344 311 310
-1 412 375 374
-1 413 377 376
-1 388 449 448
-1 389 453 452
-1 390 455 454
-1 391 457 456
-1 345 347 346
374 368 177 176
376 372 243 242
454 448 251 250
456 452 283 282
-1 375 369 368
-1 377 373 372
455 453 381 380
370 346 461 460
371 347 463 462
-1 457 459 458
-1 449 451 450
-1 369 371 370
458 450 465 464
459 451 467 466
