0 0 35 34
0 0 41 40
0 0 63 62
0 0 65 64
0 0 107 106
0 0 111 110
0 0 113 112
0 0 117 116
0 0 243 242
0 0 247 246
0 0 249 248
0 0 253 252
0 0 271 270
0 0 275 274
0 0 277 276
0 0 281 280
40 34 37 36
64 62 47 46
41 35 39 38
65 63 57 56
110 106 99 98
116 112 105 104
111 107 109 108
117 113 115 114
246 242 235 234
252 248 241 240
274 270 267 266
280 276 269 268
247 243 245 244
253 249 251 250
275 271 273 272
281 277 279 278
-1 36 43 42
-1 46 49 48
-1 37 45 44
-1 47 51 50
-1 38 53 52
-1 56 59 58
-1 39 55 54
-1 57 61 60
105 98 101 100
104 99 103 102
115 108 143 142
114 109 145 144
240 234 237 236
268 266 259 258
241 235 239 238
269 267 265 264
250 244 283 282
279 273 291 290
251 245 285 284
278 272 297 296
48 42 67 66
49 43 69 68
50 44 71 70
51 45 73 72
-1 100 119 118
-1 101 121 120
-1 102 123 122
-1 103 125 124
58 52 75 74
59 53 77 76
60 54 79 78
61 55 81 80
-1 142 147 146
-1 143 149 148
-1 144 151 150
-1 145 153 152
259 236 255 254
258 237 257 256
265 238 261 260
264 239 263 262
291 282 287 286
290 283 289 288
297 284 293 292
296 285 295 294
118 66 83 82
120 67 85 84
119 68 87 86
121 69 89 88
122 70 91 90
124 71 93 92
123 72 95 94
125 73 97 96
146 74 127 126
148 75 129 128
147 76 131 130
149 77 133 132
150 78 135 134
152 79 137 136
151 80 139 138
153 81 141 140
-1 256 219 218
-1 257 221 220
-1 254 223 222
-1 255 225 224
-1 262 227 226
-1 263 229 228
-1 260 231 230
-1 261 233 232
-1 288 299 298
-1 289 301 300
-1 286 303 302
-1 287 305 304
-1 294 307 306
-1 295 309 308
-1 292 311 310
-1 293 313 312
220 82 1 1
218 83 1 1
224 84 1 1
222 85 1 1
221 86 1 1
219 87 1 1
225 88 1 1
223 89 1 1
228 90 1 1
226 91 1 1
232 92 1 1
230 93 1 1
229 94 1 1
227 95 1 1
233 96 1 1
231 97 1 1
300 126 1 1
298 127 1 1
304 128 1 1
302 129 1 1
301 130 1 1
299 131 1 1
305 132 1 1
303 133 1 1
308 134 1 1
306 135 1 1
312 136 1 1
310 137 1 1
309 138 1 1
307 139 1 1
313 140 1 1
311 141 1 1
