0 0 -1 34
0 0 -1 36
44 0 -1 40
47 0 -1 42
40 0 -1 41
42 0 -1 43
0 0 -1 54
0 0 -1 55
62 0 -1 58
65 0 -1 60
58 0 -1 59
60 0 -1 61
0 0 -1 80
0 0 -1 82
80 0 -1 81
82 0 -1 83
0 0 -1 84
0 0 -1 86
51 0 -1 74
53 0 -1 75
74 0 -1 90
75 0 -1 91
63 0 -1 64
66 0 -1 67
115 64 -1 92
114 67 -1 93
50 34 -1 35
52 36 -1 37
54 45 -1 46
55 48 -1 49
-1 90 63 62
-1 91 66 65
-1 41 51 50
-1 43 53 52
81 59 -1 68
83 61 -1 69
96 84 -1 85
99 86 -1 87
93 92 95 94
49 46 57 56
37 35 39 38
87 85 89 88
-1 68 77 76
-1 69 79 78
94 88 103 102
95 89 105 104
-1 76 97 96
-1 78 100 99
57 39 73 72
56 38 71 70
97 77 -1 98
100 79 -1 101
102 73 107 1
103 72 1 1
104 71 1 1
105 70 1 1
-1 98 45 44
-1 101 48 47
-1 107 115 114
