0 0 -1 35
0 0 -1 37
0 0 -1 51
0 0 -1 54
0 0 106 105
0 0 110 109
0 0 112 111
0 0 116 115
0 0 146 145
0 0 150 149
0 0 152 151
0 0 156 155
0 0 212 211
0 0 214 213
0 0 216 215
0 0 218 217
209 0 222 221
42 35 -1 36
46 37 -1 38
54 51 53 52
109 105 -1 107
110 106 -1 108
115 111 -1 113
116 112 -1 114
149 145 118 117
155 151 120 119
150 146 148 147
156 152 154 153
213 211 182 181
217 215 186 185
221 219 192 191
214 212 198 197
218 216 202 201
222 220 208 207
38 36 40 39
57 52 -1 55
60 53 -1 56
113 107 80 79
114 108 82 81
119 117 88 87
120 118 94 93
153 147 98 97
154 148 104 103
185 181 178 177
191 187 180 179
186 182 184 183
192 188 190 189
201 197 194 193
207 203 196 195
202 198 200 199
208 204 206 205
55 39 48 47
56 40 50 49
97 67 72 71
195 193 76 75
79 43 -1 77
80 44 -1 78
81 58 -1 59
82 61 -1 62
87 63 84 83
179 177 126 125
88 64 86 85
180 178 132 131
93 65 90 89
189 183 138 137
94 66 92 91
190 184 144 143
98 68 96 95
196 194 162 161
103 69 100 99
205 199 168 167
104 70 102 101
206 200 176 175
-1 72 42 41
-1 76 46 45
75 71 74 73
77 47 64 63
78 48 66 65
59 49 68 67
62 50 70 69
126 83 1 1
125 84 1 1
132 85 1 1
131 86 1 1
138 89 1 1
137 90 1 1
144 91 1 1
143 92 1 1
162 95 1 1
161 96 1 1
167 99 1 1
176 101 172 1
175 102 1 1
-1 100 166 165
-1 168 170 169
-1 172 210 209
-1 73 58 57
-1 74 61 60
45 41 44 43
169 165 188 187
170 166 204 203
-1 210 220 219
