0 0 36 35
0 0 42 41
0 0 56 55
0 0 58 57
0 0 112 111
0 0 116 115
0 0 118 117
0 0 122 121
0 0 161 160
0 0 165 164
202 0 171 170
0 0 -1 172
0 0 -1 175
0 0 181 180
0 0 -1 182
0 0 -1 185
0 0 189 188
41 35 38 37
57 55 48 47
42 36 40 39
58 56 54 53
115 111 84 83
121 117 86 85
116 112 114 113
122 118 120 119
164 160 157 156
170 166 159 158
175 172 174 173
180 173 -1 176
181 174 -1 177
185 182 184 183
188 183 -1 186
189 184 -1 187
165 161 163 162
171 167 169 168
47 37 44 43
85 83 64 63
48 38 46 45
86 84 70 69
53 39 50 49
54 40 52 51
186 176 124 123
119 113 149 148
158 156 153 152
120 114 151 150
159 157 155 154
187 177 179 178
168 162 195 194
169 163 197 196
125 123 76 75
126 124 82 81
63 43 60 59
195 191 92 91
64 44 62 61
194 190 98 97
69 45 66 65
197 193 104 103
70 46 68 67
196 192 110 109
75 49 72 71
152 148 132 131
76 50 74 73
153 149 136 135
81 51 78 77
155 151 142 141
82 52 80 79
154 150 147 146
178 133 191 190
179 134 193 192
92 59 1 1
91 60 1 1
98 61 1 1
97 62 1 1
104 65 1 1
103 66 1 1
110 67 1 1
109 68 1 1
135 73 126 125
132 71 1 1
131 72 1 1
142 77 1 1
141 78 1 1
147 79 -1 143
146 80 1 1
136 74 134 133
-1 143 199 198
201 198 -1 200
-1 199 202 201
-1 200 167 166
