0 0 36 35
0 0 42 41
0 0 56 55
0 0 58 57
306 0 112 111
0 0 146 145
0 0 152 151
0 0 166 165
0 0 168 167
0 0 -1 217
0 0 -1 220
0 0 -1 231
0 0 -1 234
0 0 240 239
0 0 246 245
0 0 260 259
0 0 262 261
41 35 38 37
57 55 48 47
42 36 40 39
58 56 54 53
111 107 82 81
151 145 148 147
167 165 158 157
152 146 150 149
168 166 164 163
220 217 219 218
234 231 233 232
112 108 110 109
245 239 242 241
261 259 252 251
246 240 244 243
262 260 258 257
47 37 44 43
81 79 64 63
48 38 46 45
82 80 70 69
53 39 50 49
54 40 52 51
157 147 154 153
158 148 156 155
163 149 160 159
164 150 162 161
225 218 -1 221
228 219 -1 222
232 226 -1 227
233 229 -1 230
251 241 248 247
252 242 250 249
257 243 254 253
223 109 236 235
258 244 256 255
224 110 238 237
227 221 80 79
63 43 60 59
247 114 88 87
64 44 62 61
248 116 94 93
69 45 66 65
249 130 100 99
70 46 68 67
250 132 106 105
113 49 72 71
253 235 122 121
115 50 74 73
254 236 128 127
129 51 76 75
255 237 138 137
131 52 78 77
256 238 144 143
191 161 188 187
173 153 170 169
174 154 172 171
179 155 176 175
180 156 178 177
186 160 184 183
192 162 190 189
185 159 182 181
230 222 224 223
193 187 174 173
194 188 180 179
211 189 186 185
212 190 192 191
183 141 194 193
105 67 102 101
106 68 104 103
87 59 84 83
88 60 86 85
144 78 142 141
184 142 212 211
143 77 140 139
93 61 90 89
178 86 210 209
94 62 92 91
177 85 208 207
99 65 96 95
171 103 200 199
100 66 98 97
172 104 202 201
121 71 118 117
175 83 204 203
122 72 120 119
176 84 206 205
127 73 124 123
181 139 214 213
128 74 126 125
182 140 216 215
137 75 134 133
169 101 196 195
138 76 136 135
170 102 198 197
210 89 264 263
209 90 266 265
208 91 268 267
207 92 1 1
200 95 1 1
199 96 1 1
202 97 -1 275
201 98 1 1
204 117 1 1
203 118 1 1
206 119 1 1
205 120 1 1
214 123 1 1
213 124 1 1
216 125 1 1
215 126 1 1
196 133 1 1
195 134 1 1
198 135 1 1
197 136 1 1
-1 275 303 302
-1 263 114 113
-1 264 116 115
-1 265 130 129
-1 266 132 131
-1 267 226 225
-1 268 229 228
305 302 -1 304
-1 303 306 305
-1 304 108 107
