0 0 37 36
0 0 41 40
0 0 49 48
0 0 51 50
0 0 63 62
0 0 67 66
0 0 75 74
0 0 77 76
0 0 99 98
0 0 103 102
0 0 111 110
0 0 115 114
0 0 117 116
0 0 123 122
0 0 126 125
0 0 133 132
0 0 135 134
48 36 -1 38
50 40 -1 42
54 37 -1 39
57 41 -1 43
49 39 -1 46
51 43 -1 47
74 62 -1 64
76 66 -1 68
81 63 -1 65
83 67 -1 69
75 65 -1 72
77 69 -1 73
148 98 -1 100
110 102 -1 104
114 99 -1 101
116 103 -1 105
115 100 -1 106
117 104 -1 107
111 101 -1 108
122 91 -1 92
125 94 -1 95
132 92 -1 120
134 95 -1 121
133 55 -1 56
135 58 -1 59
123 56 -1 124
126 59 -1 127
80 38 -1 44
82 42 -1 45
90 64 -1 70
93 68 -1 71
47 46 61 60
73 72 85 84
146 105 -1 109
107 106 113 112
121 120 129 128
109 108 119 118
127 124 137 136
-1 113 55 54
-1 129 58 57
45 44 53 52
71 70 79 78
-1 61 91 90
-1 85 94 93
128 112 131 130
84 60 97 96
136 118 139 138
137 119 141 140
130 97 143 142
131 96 1 1
138 89 1 1
139 88 1 1
79 53 89 88
140 87 1 1
141 86 1 1
78 52 87 86
-1 142 147 146
-1 143 149 148
-1 147 81 80
-1 149 83 82
