40 0 -1 36
41 0 -1 39
0 0 -1 40
0 0 -1 41
0 0 49 48
0 0 59 58
0 0 63 62
0 0 89 88
0 0 91 90
0 0 137 136
0 0 139 138
0 0 141 140
0 0 143 142
0 0 149 148
0 0 153 152
0 0 155 154
0 0 159 158
0 0 169 168
39 36 38 37
60 48 -1 46
61 49 -1 47
62 58 -1 60
63 59 -1 61
90 88 65 64
91 89 77 76
138 136 93 92
142 140 97 96
139 137 99 98
143 141 103 102
152 148 145 144
158 154 147 146
168 124 163 162
153 149 151 150
159 155 157 156
169 125 167 166
46 37 43 42
47 38 45 44
94 64 -1 66
95 65 -1 67
100 76 -1 78
101 77 -1 79
96 92 -1 94
97 93 -1 95
102 98 -1 100
103 99 -1 101
147 145 105 104
163 161 109 108
146 144 111 110
162 160 115 114
157 151 117 116
167 165 123 122
156 150 131 130
166 164 135 134
66 42 51 50
67 43 53 52
78 44 55 54
79 45 57 56
108 104 -1 106
109 105 -1 107
114 110 -1 112
115 111 -1 113
122 116 -1 118
123 117 -1 119
134 130 -1 132
135 131 -1 133
107 50 1 1
106 51 1 1
113 52 1 1
112 53 1 1
118 54 1 1
133 56 1 1
132 57 1 1
-1 55 83 82
-1 119 121 120
-1 83 127 126
-1 121 129 128
120 82 125 124
128 126 161 160
129 127 165 164
