0 0 -1 36
0 0 -1 38
0 0 -1 50
0 0 -1 51
84 0 -1 58
86 0 -1 59
0 0 -1 62
0 0 -1 64
62 0 -1 63
64 0 -1 65
0 0 -1 72
0 0 -1 74
72 0 -1 73
74 0 -1 75
85 0 -1 82
87 0 -1 83
91 0 -1 88
93 0 -1 89
68 0 -1 84
70 0 -1 86
78 0 -1 90
80 0 -1 92
69 0 -1 85
71 0 -1 87
79 0 -1 91
81 0 -1 93
42 36 -1 37
45 38 -1 39
58 37 -1 40
59 39 -1 41
50 43 -1 44
51 46 -1 47
90 54 -1 60
92 56 -1 61
82 63 -1 66
83 65 -1 67
88 73 -1 76
89 75 -1 77
41 40 1 1
60 44 -1 52
61 47 -1 53
-1 66 69 68
-1 67 71 70
-1 76 79 78
-1 77 81 80
-1 52 55 54
-1 53 57 56
-1 55 43 42
-1 57 46 45
