0 0 37 36
0 0 43 42
0 0 57 56
0 0 59 58
0 0 113 112
0 0 117 116
0 0 119 118
0 0 123 122
0 0 163 162
0 0 167 166
0 0 173 172
0 0 -1 174
0 0 -1 177
0 0 183 182
0 0 -1 184
0 0 -1 187
0 0 191 190
42 36 39 38
58 56 49 48
43 37 41 40
59 57 55 54
116 112 85 84
122 118 87 86
117 113 115 114
123 119 121 120
166 162 159 158
172 168 161 160
177 174 176 175
182 175 -1 178
183 176 -1 179
187 184 186 185
190 185 -1 188
191 186 -1 189
167 163 165 164
173 169 171 170
48 38 45 44
86 84 65 64
49 39 47 46
87 85 71 70
54 40 51 50
55 41 53 52
188 178 125 124
120 114 151 150
160 158 155 154
121 115 153 152
161 159 157 156
189 179 181 180
170 164 197 196
171 165 199 198
126 124 77 76
127 125 83 82
64 44 61 60
197 193 93 92
65 45 63 62
196 192 99 98
70 46 67 66
199 195 105 104
71 47 69 68
198 194 111 110
76 50 73 72
154 150 133 132
77 51 75 74
155 151 137 136
82 52 79 78
157 153 143 142
83 53 81 80
156 152 149 148
180 134 193 192
181 135 195 194
93 60 1 1
92 61 1 1
99 62 1 1
98 63 1 1
105 66 1 1
104 67 1 1
111 68 1 1
110 69 1 1
136 74 127 126
133 72 1 1
132 73 1 1
143 78 1 1
142 79 1 1
149 80 145 1
148 81 1 1
137 75 135 134
-1 145 169 168
