0 0 37 36
0 0 43 42
0 0 57 56
0 0 59 58
0 0 109 108
0 0 145 144
0 0 151 150
0 0 165 164
0 0 167 166
0 0 -1 210
0 0 -1 213
0 0 -1 222
0 0 -1 225
0 0 237 236
0 0 243 242
0 0 257 256
0 0 259 258
42 36 39 38
58 56 49 48
43 37 41 40
59 57 55 54
218 108 83 82
150 144 147 146
166 164 157 156
151 145 149 148
167 165 163 162
213 210 212 211
225 222 224 223
220 109 111 110
242 236 239 238
258 256 249 248
243 237 241 240
259 257 255 254
48 38 45 44
82 80 65 64
49 39 47 46
83 81 71 70
54 40 51 50
55 41 53 52
156 146 153 152
157 147 155 154
162 148 159 158
163 149 161 160
219 211 -1 214
221 212 -1 215
228 223 -1 226
230 224 -1 227
248 238 245 244
249 239 247 246
254 240 251 250
216 110 233 232
255 241 253 252
217 111 235 234
226 214 81 80
64 44 61 60
244 113 88 87
65 45 63 62
177 155 95 94
70 46 67 66
246 129 101 100
71 47 69 68
247 131 107 106
112 50 73 72
250 232 121 120
114 51 75 74
251 233 127 126
128 52 77 76
252 234 137 136
130 53 79 78
253 235 143 142
188 160 185 184
172 152 169 168
173 153 171 170
176 154 175 174
183 159 181 180
189 161 187 186
182 158 179 178
227 215 217 216
245 61 -1 86
95 62 91 90
94 63 93 92
190 184 173 172
191 185 177 176
204 186 183 182
205 187 189 188
180 140 191 190
106 68 103 102
107 69 105 104
87 60 85 84
143 79 141 140
181 141 205 204
142 78 139 138
115 88 -1 89
89 86 261 260
100 66 97 96
170 104 197 196
101 67 99 98
171 105 199 198
120 72 117 116
174 84 201 200
121 73 119 118
175 85 203 202
126 74 123 122
178 138 207 206
127 75 125 124
179 139 209 208
136 76 133 132
168 102 193 192
137 77 135 134
169 103 195 194
-1 90 113 112
-1 91 115 114
-1 92 129 128
-1 93 131 130
-1 260 229 228
-1 261 231 230
197 96 1 1
196 97 1 1
199 98 1 1
198 99 1 1
201 116 1 1
200 117 1 1
203 118 1 1
202 119 1 1
207 122 1 1
206 123 1 1
209 124 1 1
208 125 1 1
193 132 1 1
192 133 1 1
195 134 1 1
194 135 1 1
-1 229 219 218
-1 231 221 220
