0 0 37 36
0 0 43 42
0 0 57 56
0 0 59 58
0 0 119 118
0 0 123 122
0 0 125 124
0 0 129 128
0 0 419 418
0 0 423 422
0 0 427 426
0 0 429 428
0 0 435 434
0 0 437 436
0 0 439 438
0 0 441 440
0 0 459 458
42 36 39 38
58 56 49 48
43 37 41 40
59 57 55 54
122 118 87 86
128 124 89 88
123 119 121 120
129 125 127 126
423 419 359 358
429 427 363 362
437 435 365 364
441 439 369 368
459 457 371 370
422 418 421 420
428 426 425 424
436 434 431 430
440 438 433 432
458 456 447 446
48 38 45 44
88 86 65 64
49 39 47 46
89 87 71 70
54 40 51 50
126 120 77 76
55 41 53 52
127 121 85 84
362 358 241 240
368 364 243 242
452 370 247 246
424 420 277 276
432 430 281 280
453 446 287 286
425 421 329 328
433 431 333 332
455 447 339 338
363 359 361 360
369 365 367 366
454 371 373 372
64 44 61 60
65 45 63 62
70 46 67 66
71 47 69 68
76 50 73 72
-1 51 75 74
-1 77 79 78
84 52 81 80
85 53 83 82
242 240 179 178
246 244 183 182
243 241 235 234
247 245 239 238
280 276 249 248
286 282 251 250
281 277 279 278
287 283 285 284
332 328 321 320
338 334 327 326
333 329 331 330
339 335 337 336
366 360 375 374
372 348 377 376
-1 361 403 402
-1 367 405 404
-1 373 409 408
144 80 141 140
182 178 153 152
94 60 91 90
250 248 159 158
95 61 93 92
251 249 165 164
100 62 97 96
284 278 171 170
101 63 99 98
285 279 177 176
145 81 143 142
183 179 181 180
-1 66 103 102
-1 67 105 104
116 68 113 112
336 330 197 196
117 69 115 114
337 331 203 202
150 82 147 146
238 234 207 206
134 72 131 130
376 374 215 214
135 73 133 132
377 375 221 220
78 74 137 136
79 75 139 138
151 83 149 148
239 235 237 236
327 320 323 322
326 321 325 324
404 402 443 442
408 406 449 448
405 403 445 444
409 407 451 450
152 140 95 94
153 141 101 100
180 142 107 106
181 143 117 116
206 146 135 134
236 148 145 144
237 149 151 150
-1 147 205 204
-1 207 209 208
158 90 155 154
159 91 157 156
164 92 161 160
165 93 163 162
170 96 167 166
171 97 169 168
176 98 173 172
177 99 175 174
108 102 185 184
109 103 187 186
110 104 189 188
111 105 191 190
-1 322 341 340
-1 323 343 342
-1 324 345 344
-1 325 347 346
196 112 193 192
197 113 195 194
202 114 199 198
203 115 201 200
214 130 211 210
215 131 213 212
220 132 217 216
221 133 219 218
226 136 223 222
448 442 411 410
227 137 225 224
449 443 413 412
232 138 229 228
450 444 415 414
233 139 231 230
451 445 417 416
-1 106 109 108
-1 107 111 110
208 204 227 226
209 205 233 232
318 194 245 244
257 154 1 1
256 155 1 1
347 191 257 256
263 156 1 1
262 157 1 1
345 190 263 262
269 160 1 1
268 161 1 1
343 187 269 268
275 162 1 1
274 163 1 1
341 186 275 274
316 192 283 282
293 166 1 1
292 167 1 1
410 222 293 292
299 168 1 1
298 169 1 1
411 223 299 298
305 172 1 1
304 173 1 1
412 224 305 304
311 174 1 1
310 175 1 1
413 225 311 310
317 193 335 334
344 188 317 316
346 189 319 318
313 198 1 1
312 199 1 1
340 184 313 312
315 200 1 1
314 201 1 1
342 185 315 314
383 210 1 1
382 211 1 1
416 230 383 382
389 212 1 1
388 213 1 1
417 231 389 388
395 216 391 390
394 217 1 1
414 228 395 394
401 218 397 1
400 219 1 1
415 229 401 400
319 195 349 348
-1 397 457 456
-1 349 407 406
-1 390 453 452
-1 391 455 454
