0 0 -1 37
0 0 -1 40
0 0 46 45
0 0 50 49
0 0 88 87
0 0 90 89
0 0 92 91
0 0 94 93
0 0 170 169
0 0 174 173
0 0 176 175
0 0 180 179
0 0 258 257
0 0 262 261
0 0 268 267
0 0 270 269
0 0 278 277
207 0 282 281
40 37 39 38
49 45 -1 47
50 46 -1 48
89 87 60 59
93 91 64 63
90 88 74 73
94 92 78 77
173 169 166 165
179 175 168 167
174 170 172 171
180 176 178 177
261 257 242 241
269 267 246 245
277 191 248 247
281 279 252 251
262 258 260 259
270 268 266 265
278 192 272 271
282 280 276 275
47 38 42 41
48 39 44 43
63 59 -1 61
64 60 -1 62
77 73 -1 75
78 74 -1 76
167 165 100 99
168 166 118 117
177 171 140 139
178 172 158 157
245 241 -1 243
246 242 -1 244
251 247 -1 249
252 248 -1 250
265 259 -1 263
266 260 -1 264
275 271 -1 273
276 272 -1 274
61 41 52 51
62 42 54 53
75 43 56 55
76 44 58 57
99 95 -1 97
100 96 -1 98
117 113 -1 115
118 114 -1 116
139 133 -1 135
140 134 -1 136
157 153 -1 155
158 154 -1 156
250 244 164 163
273 263 182 181
274 264 190 189
249 243 204 203
97 51 66 65
185 181 106 105
98 52 68 67
186 182 112 111
115 53 70 69
199 189 124 123
116 54 72 71
200 190 132 131
135 55 80 79
221 203 146 145
-1 56 82 81
-1 136 138 137
155 57 84 83
237 163 160 159
156 58 86 85
238 164 162 161
-1 204 206 205
159 83 96 95
106 65 1 1
105 66 1 1
112 67 1 1
111 68 1 1
160 84 114 113
123 69 1 1
132 71 1 1
131 72 1 1
161 85 134 133
146 79 142 1
145 80 1 1
162 86 154 153
-1 70 122 121
-1 124 126 125
137 81 148 147
223 205 214 213
-1 82 150 149
-1 138 152 151
-1 206 228 227
-1 142 208 207
213 147 210 209
214 148 212 211
151 149 216 215
229 227 232 231
152 150 218 217
230 228 234 233
-1 122 194 193
-1 126 196 195
125 121 192 191
-1 208 280 279
232 216 184 183
254 210 188 187
231 215 198 197
253 209 202 201
234 218 220 219
256 212 226 225
233 217 236 235
255 211 240 239
196 194 254 253
195 193 256 255
187 183 -1 185
188 184 -1 186
201 197 -1 199
202 198 -1 200
225 219 -1 221
226 220 -1 222
239 235 -1 237
240 236 -1 238
-1 222 224 223
-1 224 230 229
