0 0 -1 37
0 0 -1 40
0 0 46 45
0 0 50 49
0 0 87 86
0 0 89 88
0 0 91 90
0 0 93 92
0 0 165 164
0 0 169 168
0 0 171 170
0 0 175 174
0 0 253 252
0 0 257 256
0 0 263 262
0 0 265 264
0 0 275 274
284 0 279 278
40 37 39 38
49 45 -1 47
50 46 -1 48
88 86 60 59
92 90 64 63
89 87 73 72
93 91 77 76
168 164 161 160
174 170 163 162
169 165 167 166
175 171 173 172
256 252 237 236
264 262 241 240
274 272 243 242
278 276 247 246
257 253 255 254
265 263 261 260
275 273 267 266
279 277 271 270
47 38 42 41
48 39 44 43
63 59 -1 61
64 60 -1 62
76 72 -1 74
77 73 -1 75
162 160 99 98
163 161 118 117
172 166 136 135
173 167 153 152
240 236 -1 238
241 237 -1 239
246 242 -1 244
247 243 -1 245
260 254 -1 258
261 255 -1 259
270 266 -1 268
271 267 -1 269
61 41 52 51
62 42 54 53
74 43 56 55
75 44 58 57
98 94 -1 96
99 95 -1 97
117 112 -1 114
118 113 -1 115
135 129 -1 131
136 130 -1 132
152 148 -1 150
153 149 -1 151
245 239 159 158
268 258 177 176
269 259 185 184
244 238 199 198
96 51 66 65
180 176 105 104
97 52 68 67
181 177 111 110
185 54 -1 71
195 114 -1 116
115 53 70 69
194 184 128 127
131 55 79 78
216 198 141 140
-1 56 81 80
-1 132 134 133
150 57 83 82
232 158 155 154
151 58 85 84
233 159 157 156
-1 199 201 200
154 82 95 94
105 65 1 1
104 66 1 1
111 67 1 1
110 68 1 1
155 83 113 112
128 69 1 1
127 70 1 1
156 84 130 129
141 78 -1 137
140 79 1 1
157 85 149 148
-1 71 120 119
-1 116 122 121
133 80 143 142
218 200 209 208
-1 81 145 144
-1 134 147 146
-1 201 223 222
-1 137 203 202
208 142 205 204
209 143 207 206
146 144 211 210
224 222 227 226
147 145 213 212
225 223 229 228
-1 119 187 186
-1 121 190 189
187 120 -1 188
190 122 -1 191
283 202 -1 282
-1 203 284 283
227 211 179 178
250 205 183 182
226 210 193 192
248 204 197 196
229 213 215 214
251 207 221 220
228 212 231 230
249 206 235 234
189 186 273 272
191 188 281 280
-1 282 277 276
182 178 -1 180
183 179 -1 181
196 192 -1 194
197 193 -1 195
220 214 -1 216
221 215 -1 217
234 230 -1 232
235 231 -1 233
-1 280 249 248
-1 281 251 250
-1 217 219 218
-1 219 225 224
