0 0 -1 37
0 0 -1 40
0 0 46 45
0 0 50 49
0 0 87 86
0 0 89 88
0 0 91 90
0 0 93 92
0 0 166 165
0 0 170 169
0 0 172 171
0 0 176 175
0 0 254 253
0 0 258 257
0 0 264 263
0 0 266 265
0 0 276 275
203 0 280 279
40 37 39 38
49 45 -1 47
50 46 -1 48
88 86 60 59
92 90 64 63
89 87 73 72
93 91 77 76
169 165 162 161
175 171 164 163
170 166 168 167
176 172 174 173
257 253 238 237
265 263 242 241
275 273 244 243
279 277 248 247
258 254 256 255
266 264 262 261
276 274 268 267
280 278 272 271
47 38 42 41
48 39 44 43
63 59 -1 61
64 60 -1 62
76 72 -1 74
77 73 -1 75
163 161 99 98
164 162 118 117
173 167 136 135
174 168 154 153
241 237 -1 239
242 238 -1 240
247 243 -1 245
248 244 -1 246
261 255 -1 259
262 256 -1 260
271 267 -1 269
272 268 -1 270
61 41 52 51
62 42 54 53
74 43 56 55
75 44 58 57
98 94 -1 96
99 95 -1 97
117 112 -1 114
118 113 -1 115
135 129 -1 131
136 130 -1 132
153 149 -1 151
154 150 -1 152
246 240 160 159
269 259 178 177
270 260 186 185
245 239 200 199
96 51 66 65
181 177 105 104
97 52 68 67
182 178 111 110
186 54 -1 71
196 114 -1 116
115 53 70 69
195 185 128 127
131 55 79 78
217 199 142 141
-1 56 81 80
-1 132 134 133
151 57 83 82
233 159 156 155
152 58 85 84
234 160 158 157
-1 200 202 201
155 82 95 94
105 65 1 1
104 66 1 1
111 67 1 1
110 68 1 1
156 83 113 112
128 69 1 1
127 70 1 1
157 84 130 129
142 78 138 1
141 79 1 1
158 85 150 149
-1 71 120 119
-1 116 122 121
133 80 144 143
219 201 210 209
-1 81 146 145
-1 134 148 147
-1 202 224 223
-1 138 204 203
209 143 206 205
210 144 208 207
147 145 212 211
225 223 228 227
148 146 214 213
226 224 230 229
-1 119 188 187
-1 121 191 190
188 120 -1 189
191 122 -1 192
-1 204 278 277
228 212 180 179
251 206 184 183
227 211 194 193
249 205 198 197
230 214 216 215
252 208 222 221
229 213 232 231
250 207 236 235
190 187 274 273
192 189 282 281
183 179 -1 181
184 180 -1 182
197 193 -1 195
198 194 -1 196
221 215 -1 217
222 216 -1 218
235 231 -1 233
236 232 -1 234
-1 281 250 249
-1 282 252 251
-1 218 220 219
-1 220 226 225
