0 0 -1 37
0 0 -1 40
0 0 46 45
0 0 50 49
0 0 89 88
0 0 91 90
0 0 -1 112
0 0 -1 114
112 0 -1 113
114 0 -1 115
0 0 -1 122
0 0 -1 124
122 0 -1 123
124 0 -1 125
0 0 -1 132
0 0 -1 133
102 0 -1 138
105 0 -1 139
0 0 169 168
0 0 173 172
188 0 179 178
40 37 39 38
49 45 -1 47
50 46 -1 48
90 88 59 58
91 89 75 74
132 113 -1 116
133 115 -1 117
138 123 -1 126
139 125 -1 127
172 168 -1 170
173 169 -1 171
178 174 -1 176
179 175 -1 177
47 38 42 41
48 39 44 43
92 58 -1 60
93 59 -1 61
94 74 -1 76
95 75 -1 77
176 170 97 96
177 171 101 100
-1 116 119 118
-1 117 121 120
-1 126 129 128
-1 127 131 130
60 41 52 51
98 96 67 66
61 42 54 53
99 97 73 72
101 44 -1 57
111 76 -1 78
77 43 56 55
110 100 87 86
120 118 135 134
130 128 141 140
157 119 -1 136
159 121 -1 137
165 129 -1 142
167 131 -1 143
67 51 1 1
66 52 1 1
73 53 1 1
72 54 1 1
87 55 -1 83
86 56 1 1
-1 57 80 79
-1 78 82 81
141 134 145 144
140 135 147 146
137 136 149 148
143 142 151 150
-1 83 109 108
-1 148 153 152
-1 149 155 154
-1 144 157 156
-1 145 159 158
-1 150 161 160
-1 151 163 162
-1 146 165 164
-1 147 167 166
-1 79 103 102
-1 81 106 105
103 80 -1 104
106 82 -1 107
187 108 -1 186
-1 109 188 187
156 152 -1 92
158 154 -1 93
164 160 -1 94
166 162 -1 95
180 161 -1 98
182 163 -1 99
181 153 -1 110
183 155 -1 111
107 104 185 184
-1 186 175 174
-1 184 181 180
-1 185 183 182
