0 0 -1 37
0 0 -1 40
0 0 46 45
0 0 50 49
0 0 88 87
0 0 90 89
0 0 92 91
0 0 94 93
0 0 169 168
0 0 173 172
0 0 175 174
0 0 179 178
0 0 257 256
0 0 261 260
0 0 267 266
0 0 269 268
0 0 277 276
284 0 281 280
40 37 39 38
49 45 -1 47
50 46 -1 48
89 87 60 59
93 91 64 63
90 88 74 73
94 92 78 77
172 168 165 164
178 174 167 166
173 169 171 170
179 175 177 176
260 256 241 240
268 266 245 244
276 190 247 246
280 278 251 250
261 257 259 258
269 267 265 264
277 191 271 270
281 279 275 274
47 38 42 41
48 39 44 43
63 59 -1 61
64 60 -1 62
77 73 -1 75
78 74 -1 76
166 164 100 99
167 165 118 117
176 170 140 139
177 171 157 156
244 240 -1 242
245 241 -1 243
250 246 -1 248
251 247 -1 249
264 258 -1 262
265 259 -1 263
274 270 -1 272
275 271 -1 273
61 41 52 51
62 42 54 53
75 43 56 55
76 44 58 57
99 95 -1 97
100 96 -1 98
117 113 -1 115
118 114 -1 116
139 133 -1 135
140 134 -1 136
156 152 -1 154
157 153 -1 155
249 243 163 162
272 262 181 180
273 263 189 188
248 242 203 202
97 51 66 65
184 180 106 105
98 52 68 67
185 181 112 111
115 53 70 69
198 188 124 123
116 54 72 71
199 189 132 131
135 55 80 79
220 202 145 144
-1 56 82 81
-1 136 138 137
154 57 84 83
236 162 159 158
155 58 86 85
237 163 161 160
-1 203 205 204
158 83 96 95
106 65 1 1
105 66 1 1
112 67 1 1
111 68 1 1
159 84 114 113
123 69 1 1
132 71 1 1
131 72 1 1
160 85 134 133
145 79 -1 141
144 80 1 1
161 86 153 152
-1 70 122 121
-1 124 126 125
137 81 147 146
222 204 213 212
-1 82 149 148
-1 138 151 150
-1 205 227 226
-1 141 207 206
212 146 209 208
213 147 211 210
150 148 215 214
228 226 231 230
151 149 217 216
229 227 233 232
-1 122 193 192
-1 126 195 194
125 121 191 190
283 206 -1 282
-1 207 284 283
231 215 183 182
253 209 187 186
230 214 197 196
252 208 201 200
233 217 219 218
255 211 225 224
232 216 235 234
254 210 239 238
195 193 253 252
194 192 255 254
-1 282 279 278
186 182 -1 184
187 183 -1 185
200 196 -1 198
201 197 -1 199
224 218 -1 220
225 219 -1 221
238 234 -1 236
239 235 -1 237
-1 221 223 222
-1 223 229 228
