0 0 -1 37
0 0 -1 39
0 0 -1 49
0 0 -1 52
0 0 -1 113
0 0 -1 116
0 0 118 117
0 0 122 121
0 0 160 159
245 0 168 167
0 0 194 193
0 0 200 199
0 0 214 213
0 0 216 215
0 0 230 229
0 0 234 233
0 0 236 235
0 0 240 239
43 37 -1 38
44 39 -1 40
52 49 51 50
116 113 115 114
121 117 -1 119
122 118 -1 120
241 159 132 131
167 163 134 133
243 160 162 161
168 164 166 165
199 193 196 195
215 213 206 205
200 194 198 197
216 214 212 211
233 229 226 225
239 235 228 227
234 230 232 231
240 236 238 237
40 38 42 41
55 50 -1 53
56 51 -1 54
119 114 82 81
133 131 90 89
134 132 96 95
120 115 98 97
165 161 106 105
166 162 112 111
205 195 202 201
227 225 218 217
206 196 204 203
228 226 220 219
211 197 208 207
237 231 222 221
212 198 210 209
238 232 224 223
53 41 46 45
54 42 48 47
81 67 -1 83
82 70 -1 84
97 77 -1 99
98 80 -1 100
89 57 86 85
218 202 140 139
90 58 88 87
217 201 146 145
95 59 92 91
220 204 152 151
96 60 94 93
219 203 158 157
105 61 102 101
222 208 174 173
106 62 104 103
221 207 180 179
111 63 108 107
224 210 186 185
112 64 110 109
223 209 192 191
83 45 58 57
84 46 60 59
99 47 62 61
100 48 64 63
140 85 1 1
139 86 1 1
146 87 1 1
145 88 1 1
152 91 1 1
151 92 1 1
158 93 1 1
157 94 1 1
174 101 1 1
173 102 1 1
180 103 176 175
179 104 178 177
186 107 182 1
185 108 1 1
192 109 188 187
191 110 1 1
-1 182 246 245
-1 175 124 123
-1 176 126 125
-1 177 128 127
-1 178 130 129
-1 187 242 241
-1 188 244 243
-1 246 164 163
-1 124 66 65
-1 126 69 68
-1 242 72 71
-1 244 74 73
-1 128 76 75
-1 130 79 78
123 66 -1 67
125 69 -1 70
127 76 -1 77
129 79 -1 80
71 65 -1 43
73 68 -1 44
75 72 -1 55
78 74 -1 56
