0 0 -1 37
0 0 -1 40
0 0 46 45
0 0 50 49
0 0 96 95
0 0 98 97
0 0 100 99
0 0 102 101
0 0 251 250
0 0 253 252
0 0 255 254
0 0 257 256
0 0 263 262
0 0 265 264
0 0 267 266
0 0 269 268
354 0 331 330
0 0 337 336
40 37 39 38
49 45 -1 47
50 46 -1 48
97 95 60 59
101 99 64 63
98 96 78 77
102 100 82 81
252 250 170 169
256 254 174 173
264 262 176 175
268 266 180 179
253 251 231 230
257 255 234 233
265 263 237 236
269 267 240 239
336 330 -1 332
337 331 -1 333
47 38 42 41
48 39 44 43
63 59 -1 61
64 60 -1 62
81 77 -1 79
82 78 -1 80
173 169 152 151
179 175 154 153
174 170 172 171
180 176 178 177
233 230 206 205
239 236 208 207
271 231 -1 232
319 234 -1 235
340 332 271 270
284 237 -1 238
288 240 -1 241
341 333 335 334
61 41 52 51
62 42 54 53
79 43 56 55
80 44 58 57
153 151 110 109
154 152 116 115
177 171 122 121
178 172 128 127
207 205 138 137
208 206 143 142
344 334 247 246
-1 232 259 258
-1 235 261 260
-1 238 281 280
-1 241 283 282
345 335 307 306
318 270 273 272
93 57 90 89
69 51 66 65
70 52 68 67
75 53 72 71
76 54 74 73
115 67 112 111
94 58 92 91
87 55 84 83
88 56 86 85
320 246 146 145
109 65 106 105
110 66 108 107
116 68 114 113
121 71 118 117
122 72 120 119
127 73 124 123
128 74 126 125
137 83 134 133
138 84 136 135
243 143 -1 144
142 85 140 139
323 273 243 242
321 272 245 244
-1 258 275 274
-1 260 278 277
275 259 -1 276
278 261 -1 279
-1 280 293 292
-1 282 296 295
293 281 -1 294
296 283 -1 297
322 247 249 248
307 289 291 290
306 285 287 286
103 89 70 69
104 90 76 75
129 91 88 87
130 92 94 93
131 111 104 103
149 145 132 131
132 112 130 129
157 105 150 149
248 155 158 157
249 156 164 163
150 146 148 147
186 117 1 1
185 118 1 1
286 161 186 185
192 119 1 1
191 120 1 1
287 162 192 191
198 123 1 1
197 124 1 1
290 159 198 197
204 125 1 1
203 126 1 1
291 160 204 203
214 133 1 1
213 134 1 1
244 167 214 213
220 135 1 1
219 136 1 1
245 168 220 219
166 86 -1 141
229 139 -1 225
228 140 1 1
242 165 229 228
147 113 166 165
148 114 168 167
158 106 156 155
163 107 160 159
164 108 162 161
-1 144 224 223
277 274 299 298
295 292 303 302
279 276 301 300
297 294 305 304
-1 225 315 314
-1 141 222 221
302 298 317 316
305 300 327 326
304 301 329 328
-1 223 312 311
303 299 325 324
312 224 -1 313
353 314 -1 352
-1 315 354 353
-1 328 285 284
-1 329 289 288
346 316 -1 318
348 317 -1 319
-1 326 321 320
-1 327 323 322
311 308 339 338
-1 221 309 308
347 324 -1 344
349 325 -1 345
309 222 -1 310
313 310 351 350
-1 352 343 342
342 338 -1 340
343 339 -1 341
-1 350 347 346
-1 351 349 348
