0 0 -1 37
0 0 -1 39
93 0 -1 45
95 0 -1 46
0 0 -1 53
0 0 -1 55
0 0 -1 86
0 0 -1 88
0 0 -1 97
0 0 -1 99
0 0 -1 102
0 0 -1 103
0 0 -1 106
0 0 -1 107
0 0 -1 108
0 0 -1 109
0 0 -1 110
0 0 -1 111
114 0 -1 112
45 37 -1 38
46 39 -1 40
61 53 -1 54
62 55 -1 56
106 70 -1 82
107 72 -1 83
110 49 -1 73
111 52 -1 74
112 65 -1 77
103 86 -1 87
88 71 -1 81
108 84 -1 104
109 85 -1 105
102 97 -1 98
99 69 1 1
-1 98 101 100
-1 38 42 41
-1 40 44 43
77 63 -1 61
-1 54 58 57
-1 56 60 59
82 42 -1 49
83 44 -1 52
73 58 -1 65
74 60 -1 68
104 47 -1 69
105 50 -1 71
-1 87 90 89
-1 81 92 91
115 100 -1 113
113 68 -1 78
-1 101 115 114
-1 41 48 47
-1 43 51 50
-1 57 64 63
-1 59 67 66
89 64 -1 75
91 67 -1 76
-1 90 94 93
-1 92 96 95
78 66 -1 62
94 48 -1 70
96 51 -1 72
76 75 85 84
