0 0 -1 37
0 0 -1 39
0 0 -1 49
0 0 -1 52
0 0 -1 109
0 0 -1 112
0 0 114 113
0 0 118 117
0 0 156 155
235 0 164 163
0 0 200 199
0 0 204 203
0 0 212 211
0 0 214 213
0 0 224 223
0 0 226 225
0 0 228 227
0 0 230 229
43 37 -1 38
44 39 -1 40
52 49 51 50
112 109 111 110
117 113 -1 115
118 114 -1 116
231 155 128 127
163 159 130 129
233 156 158 157
164 160 162 161
204 200 180 179
214 212 184 183
226 224 194 193
230 228 198 197
203 199 202 201
213 211 210 209
225 223 220 219
229 227 222 221
40 38 42 41
55 50 -1 53
56 51 -1 54
115 110 81 80
129 127 89 88
130 128 95 94
116 111 97 96
161 157 106 105
180 48 -1 63
184 99 -1 100
162 158 166 165
197 193 192 191
209 201 206 205
221 219 216 215
210 202 208 207
222 220 218 217
183 179 182 181
198 194 196 195
53 41 46 45
54 42 48 47
80 66 -1 82
81 69 -1 83
96 76 -1 98
97 79 -1 99
88 57 85 84
216 206 136 135
89 58 87 86
215 205 142 141
94 59 91 90
218 208 148 147
95 60 93 92
217 207 154 153
105 61 102 101
196 182 172 171
106 62 104 103
195 181 178 177
100 63 108 107
191 165 -1 189
192 166 -1 190
82 45 58 57
83 46 60 59
98 47 62 61
136 84 1 1
135 85 1 1
142 86 1 1
141 87 1 1
148 90 1 1
147 91 1 1
154 92 1 1
153 93 1 1
172 101 168 1
171 102 1 1
178 103 174 173
177 104 1 1
190 107 186 185
189 108 188 187
-1 168 236 235
-1 185 120 119
-1 186 122 121
-1 187 124 123
-1 188 126 125
-1 173 232 231
-1 174 234 233
-1 236 160 159
-1 120 65 64
-1 122 68 67
-1 232 71 70
-1 234 73 72
-1 124 75 74
-1 126 78 77
119 65 -1 66
121 68 -1 69
123 75 -1 76
125 78 -1 79
70 64 -1 43
72 67 -1 44
74 71 -1 55
77 73 -1 56
