0 0 -1 37
0 0 -1 40
0 0 46 45
0 0 50 49
0 0 96 95
0 0 98 97
0 0 100 99
0 0 102 101
0 0 252 251
0 0 254 253
0 0 256 255
0 0 258 257
0 0 264 263
0 0 266 265
0 0 268 267
0 0 270 269
315 0 332 331
0 0 338 337
40 37 39 38
49 45 -1 47
50 46 -1 48
97 95 60 59
101 99 64 63
98 96 78 77
102 100 82 81
253 251 170 169
257 255 174 173
265 263 176 175
269 267 180 179
254 252 232 231
258 256 235 234
266 264 238 237
270 268 241 240
337 331 -1 333
338 332 -1 334
47 38 42 41
48 39 44 43
63 59 -1 61
64 60 -1 62
81 77 -1 79
82 78 -1 80
173 169 152 151
179 175 154 153
174 170 172 171
180 176 178 177
234 231 206 205
240 237 208 207
272 232 -1 233
320 235 -1 236
341 333 272 271
285 238 -1 239
289 241 -1 242
342 334 336 335
61 41 52 51
62 42 54 53
79 43 56 55
80 44 58 57
153 151 110 109
154 152 116 115
177 171 122 121
178 172 128 127
207 205 138 137
208 206 143 142
345 335 248 247
-1 233 260 259
-1 236 262 261
-1 239 282 281
-1 242 284 283
346 336 308 307
319 271 274 273
93 57 90 89
69 51 66 65
70 52 68 67
75 53 72 71
76 54 74 73
115 67 112 111
94 58 92 91
87 55 84 83
88 56 86 85
321 247 146 145
109 65 106 105
110 66 108 107
116 68 114 113
121 71 118 117
122 72 120 119
127 73 124 123
128 74 126 125
137 83 134 133
138 84 136 135
244 143 -1 144
142 85 140 139
324 274 244 243
322 273 246 245
-1 259 276 275
-1 261 279 278
276 260 -1 277
279 262 -1 280
-1 281 294 293
-1 283 297 296
294 282 -1 295
297 284 -1 298
323 248 250 249
308 290 292 291
307 286 288 287
103 89 70 69
104 90 76 75
129 91 88 87
130 92 94 93
131 111 104 103
149 145 132 131
132 112 130 129
157 105 150 149
249 155 158 157
250 156 164 163
150 146 148 147
186 117 1 1
185 118 1 1
287 161 186 185
192 119 1 1
191 120 1 1
288 162 192 191
198 123 1 1
197 124 1 1
291 159 198 197
204 125 1 1
203 126 1 1
292 160 204 203
214 133 1 1
213 134 1 1
245 167 214 213
220 135 1 1
219 136 1 1
246 168 220 219
166 86 -1 141
230 139 226 1
229 140 1 1
243 165 230 229
147 113 166 165
148 114 168 167
158 106 156 155
163 107 160 159
164 108 162 161
-1 144 224 223
278 275 300 299
296 293 304 303
280 277 302 301
298 295 306 305
-1 226 316 315
-1 141 222 221
303 299 318 317
306 301 328 327
305 302 330 329
-1 223 313 312
304 300 326 325
313 224 -1 314
-1 316 344 343
-1 329 286 285
-1 330 290 289
347 317 -1 319
349 318 -1 320
-1 327 322 321
-1 328 324 323
312 309 340 339
-1 221 310 309
348 325 -1 345
350 326 -1 346
310 222 -1 311
314 311 352 351
343 339 -1 341
344 340 -1 342
-1 351 348 347
-1 352 350 349
