0 0 -1 37
0 0 -1 40
0 0 46 45
0 0 50 49
0 0 96 95
0 0 98 97
0 0 100 99
0 0 102 101
0 0 301 300
0 0 303 302
0 0 305 304
0 0 307 306
0 0 309 308
0 0 311 310
0 0 313 312
0 0 315 314
0 0 -1 342
366 0 -1 345
40 37 39 38
49 45 -1 47
50 46 -1 48
97 95 60 59
101 99 64 63
98 96 78 77
102 100 82 81
302 300 196 195
306 304 200 199
310 308 202 201
314 312 206 205
303 301 262 261
307 305 264 263
311 309 266 265
315 313 268 267
345 342 344 343
47 38 42 41
48 39 44 43
63 59 -1 61
64 60 -1 62
81 77 -1 79
82 78 -1 80
264 262 162 161
268 266 164 163
199 195 174 173
205 201 176 175
200 196 198 197
206 202 204 203
263 261 232 231
267 265 234 233
348 343 279 278
349 344 347 346
61 41 52 51
62 42 54 53
79 43 56 55
80 44 58 57
175 173 112 111
176 174 118 117
203 197 124 123
204 198 130 129
163 161 134 133
233 231 146 145
234 232 152 151
164 162 158 157
352 278 166 165
356 346 319 318
357 347 325 324
353 279 281 280
133 89 104 103
69 51 66 65
70 52 68 67
75 53 72 71
76 54 74 73
93 57 90 89
282 165 136 135
134 90 132 131
87 55 84 83
88 56 86 85
94 58 92 91
118 68 116 115
111 65 108 107
112 66 110 109
117 67 114 113
123 71 120 119
124 72 122 121
129 73 126 125
130 74 128 127
145 83 142 141
146 84 144 143
151 85 148 147
152 86 150 149
157 91 154 153
-1 158 160 159
286 166 168 167
362 319 299 298
360 318 317 316
325 287 289 288
324 283 285 284
363 281 321 320
361 280 323 322
105 103 70 69
106 104 76 75
137 131 88 87
138 132 94 93
139 135 106 105
171 115 140 139
140 136 138 137
298 177 172 171
316 179 182 181
317 180 188 187
299 178 194 193
212 119 1 1
211 120 1 1
284 185 212 211
218 121 1 1
217 122 1 1
285 186 218 217
224 125 1 1
223 126 1 1
288 183 224 223
230 127 1 1
229 128 1 1
289 184 230 229
240 141 1 1
239 142 1 1
322 191 240 239
246 143 1 1
245 144 1 1
323 192 246 245
251 147 1 1
320 189 252 251
260 149 1 1
259 150 1 1
321 190 260 259
273 153 -1 269
272 154 1 1
169 167 273 272
-1 92 156 155
172 116 170 169
-1 168 291 290
181 107 178 177
182 108 180 179
187 109 184 183
188 110 186 185
193 113 190 189
194 114 192 191
-1 148 250 249
159 155 275 274
160 156 277 276
-1 269 333 332
-1 170 293 292
-1 252 254 253
295 274 335 334
294 275 337 336
292 290 295 294
293 291 297 296
253 249 327 326
296 276 339 338
297 277 341 340
-1 250 329 328
365 332 -1 364
350 326 -1 348
351 327 -1 349
-1 333 366 365
-1 336 283 282
-1 337 287 286
354 338 -1 352
355 339 -1 353
330 328 355 354
358 340 -1 356
359 341 -1 357
331 329 359 358
-1 254 331 330
-1 334 361 360
-1 335 363 362
-1 364 351 350
