0 0 -1 38
0 0 -1 41
0 0 47 46
0 0 51 50
0 0 89 88
0 0 91 90
0 0 93 92
0 0 95 94
0 0 171 170
0 0 175 174
0 0 177 176
0 0 181 180
0 0 259 258
0 0 263 262
0 0 269 268
0 0 271 270
0 0 279 278
0 0 281 280
41 38 40 39
50 46 -1 48
51 47 -1 49
90 88 61 60
94 92 65 64
91 89 75 74
95 93 79 78
174 170 167 166
180 176 169 168
175 171 173 172
181 177 179 178
262 258 243 242
270 268 247 246
278 192 249 248
280 208 253 252
263 259 261 260
271 269 267 266
279 193 273 272
281 209 277 276
48 39 43 42
49 40 45 44
64 60 -1 62
65 61 -1 63
78 74 -1 76
79 75 -1 77
168 166 101 100
169 167 119 118
178 172 141 140
179 173 159 158
246 242 -1 244
247 243 -1 245
252 248 -1 250
253 249 -1 251
266 260 -1 264
267 261 -1 265
276 272 -1 274
277 273 -1 275
62 42 53 52
63 43 55 54
76 44 57 56
77 45 59 58
100 96 -1 98
101 97 -1 99
118 114 -1 116
119 115 -1 117
140 134 -1 136
141 135 -1 137
158 154 -1 156
159 155 -1 157
251 245 165 164
274 264 183 182
275 265 191 190
250 244 205 204
98 52 67 66
186 182 107 106
99 53 69 68
187 183 113 112
116 54 71 70
200 190 125 124
117 55 73 72
201 191 133 132
136 56 81 80
222 204 147 146
-1 57 83 82
-1 137 139 138
156 58 85 84
238 164 161 160
157 59 87 86
239 165 163 162
-1 205 207 206
160 84 97 96
107 66 1 1
106 67 1 1
113 68 1 1
112 69 1 1
161 85 115 114
124 70 1 1
133 72 1 1
132 73 1 1
162 86 135 134
147 80 143 1
146 81 1 1
163 87 155 154
-1 71 123 122
-1 125 127 126
138 82 149 148
224 206 215 214
-1 83 151 150
-1 139 153 152
-1 207 229 228
-1 143 209 208
214 148 211 210
215 149 213 212
152 150 217 216
230 228 233 232
153 151 219 218
231 229 235 234
-1 123 195 194
-1 127 197 196
126 122 193 192
233 217 185 184
255 211 189 188
232 216 199 198
254 210 203 202
235 219 221 220
257 213 227 226
234 218 237 236
256 212 241 240
197 195 255 254
196 194 257 256
188 184 -1 186
189 185 -1 187
202 198 -1 200
203 199 -1 201
226 220 -1 222
227 221 -1 223
240 236 -1 238
241 237 -1 239
-1 223 225 224
-1 225 231 230
