0 0 -1 38
0 0 -1 40
0 0 -1 44
0 0 -1 45
0 0 -1 50
0 0 -1 53
0 0 57 56
0 0 61 60
0 0 -1 74
0 0 -1 77
0 0 83 82
0 0 87 86
0 0 -1 120
0 0 -1 123
0 0 125 124
0 0 129 128
0 0 131 130
0 0 133 132
44 38 -1 39
45 40 -1 41
53 50 52 51
60 56 -1 58
61 57 -1 59
77 74 76 75
86 82 -1 84
87 83 -1 85
132 130 101 100
133 131 111 110
123 120 122 121
128 124 -1 126
129 125 -1 127
41 39 43 42
58 51 -1 54
59 52 -1 55
84 75 79 78
85 76 81 80
126 121 97 96
100 96 -1 98
101 97 -1 99
127 122 107 106
110 106 -1 108
111 107 -1 109
54 42 47 46
55 43 49 48
98 78 89 88
99 79 91 90
108 80 93 92
109 81 95 94
90 64 67 66
91 65 73 72
88 63 1 1
89 62 1 1
66 46 63 62
67 47 65 64
92 71 1 1
93 70 1 1
73 49 71 70
94 69 1 1
95 68 1 1
72 48 69 68
