0 0 -1 38
0 0 -1 41
0 0 47 46
0 0 51 50
0 0 91 90
0 0 93 92
0 0 -1 114
0 0 -1 116
114 0 -1 115
116 0 -1 117
0 0 -1 124
0 0 -1 126
124 0 -1 125
126 0 -1 127
0 0 -1 134
0 0 -1 135
104 0 -1 140
107 0 -1 141
0 0 171 170
0 0 175 174
0 0 179 178
41 38 40 39
50 46 -1 48
51 47 -1 49
92 90 60 59
93 91 76 75
134 115 -1 118
135 117 -1 119
140 125 -1 128
141 127 -1 129
174 170 -1 172
175 171 -1 173
178 110 -1 176
179 111 -1 177
48 39 43 42
49 40 45 44
94 59 -1 61
95 60 -1 62
96 75 -1 77
97 76 -1 78
176 172 99 98
177 173 103 102
-1 118 121 120
-1 119 123 122
-1 128 131 130
-1 129 133 132
61 42 53 52
100 98 68 67
62 43 55 54
101 99 74 73
103 45 -1 58
113 77 -1 79
78 44 57 56
112 102 89 88
122 120 137 136
132 130 143 142
159 121 -1 138
161 123 -1 139
167 131 -1 144
169 133 -1 145
68 52 1 1
67 53 1 1
74 54 1 1
73 55 1 1
89 56 85 1
88 57 1 1
-1 58 81 80
-1 79 83 82
143 136 147 146
142 137 149 148
139 138 151 150
145 144 153 152
-1 85 111 110
-1 150 155 154
-1 151 157 156
-1 146 159 158
-1 147 161 160
-1 152 163 162
-1 153 165 164
-1 148 167 166
-1 149 169 168
-1 80 105 104
-1 82 108 107
105 81 -1 106
108 83 -1 109
158 154 -1 94
160 156 -1 95
166 162 -1 96
168 164 -1 97
180 163 -1 100
182 165 -1 101
181 155 -1 112
183 157 -1 113
109 106 185 184
-1 184 181 180
-1 185 183 182
