0 0 39 38
0 0 45 44
0 0 59 58
0 0 61 60
0 0 115 114
0 0 119 118
0 0 121 120
0 0 125 124
0 0 283 282
0 0 285 284
0 0 287 286
0 0 289 288
0 0 291 290
0 0 293 292
0 0 295 294
0 0 297 296
0 0 381 380
0 0 383 382
44 38 41 40
60 58 51 50
45 39 43 42
61 59 57 56
118 114 87 86
124 120 89 88
119 115 117 116
125 121 123 122
284 282 181 180
288 286 185 184
292 290 187 186
296 294 191 190
285 283 245 244
289 287 249 248
293 291 251 250
297 295 255 254
382 380 377 376
383 381 379 378
50 40 47 46
88 86 67 66
51 41 49 48
89 87 73 72
56 42 53 52
122 116 79 78
57 43 55 54
123 117 85 84
184 180 153 152
190 186 155 154
185 181 183 182
191 187 189 188
248 244 217 216
254 250 219 218
249 245 247 246
255 251 253 252
376 344 301 300
377 345 317 316
378 346 335 334
379 347 355 354
66 46 63 62
154 152 95 94
67 47 65 64
155 153 101 100
72 48 69 68
188 182 107 106
73 49 71 70
189 183 113 112
78 52 75 74
218 216 131 130
79 53 77 76
219 217 137 136
84 54 81 80
252 246 143 142
85 55 83 82
253 247 151 150
304 300 299 298
305 301 303 302
320 316 315 314
321 317 319 318
338 334 333 332
339 335 337 336
358 354 341 340
359 355 357 356
94 62 91 90
306 298 161 160
95 63 93 92
308 299 167 166
100 64 97 96
310 302 173 172
101 65 99 98
312 303 179 178
106 68 103 102
322 314 197 196
107 69 105 104
324 315 203 202
112 70 109 108
328 318 209 208
113 71 111 110
330 319 215 214
130 74 127 126
332 307 225 224
131 75 129 128
333 309 231 230
136 76 133 132
336 311 237 236
137 77 135 134
337 313 243 242
142 80 139 138
340 323 261 260
-1 81 141 140
-1 143 145 144
150 82 147 146
356 329 273 272
151 83 149 148
357 331 281 280
-1 341 343 342
161 90 1 1
160 91 1 1
167 92 1 1
166 93 1 1
173 96 1 1
172 97 1 1
179 98 1 1
178 99 1 1
197 102 1 1
196 103 1 1
203 104 1 1
202 105 1 1
209 108 1 1
208 109 1 1
215 110 1 1
214 111 1 1
225 126 1 1
224 127 1 1
231 128 1 1
230 129 1 1
237 132 1 1
236 133 1 1
243 134 1 1
242 135 1 1
261 138 1 1
260 139 1 1
272 146 1 1
281 148 277 1
280 149 1 1
144 140 263 262
342 326 349 348
-1 141 265 264
-1 145 267 266
-1 343 361 360
-1 147 271 270
-1 273 275 274
-1 277 375 374
348 262 345 344
349 263 347 346
266 264 351 350
363 361 367 366
267 265 353 352
362 360 365 364
-1 271 371 370
-1 275 373 372
274 270 369 368
392 368 305 304
393 374 321 320
394 369 339 338
395 375 359 358
367 350 385 384
366 351 387 386
365 352 389 388
364 353 391 390
372 370 393 392
373 371 395 394
-1 386 307 306
-1 387 309 308
-1 384 311 310
-1 385 313 312
-1 390 323 322
-1 391 325 324
-1 388 329 328
-1 389 331 330
-1 325 327 326
-1 327 363 362
