0 0 39 38
0 0 45 44
0 0 59 58
0 0 61 60
0 0 117 116
0 0 121 120
0 0 123 122
0 0 127 126
0 0 429 428
0 0 433 432
0 0 437 436
0 0 439 438
0 0 449 448
0 0 451 450
0 0 453 452
0 0 455 454
0 0 479 478
0 0 481 480
44 38 41 40
60 58 51 50
45 39 43 42
61 59 57 56
120 116 91 90
126 122 93 92
121 117 119 118
127 123 125 124
433 429 363 362
439 437 367 366
451 449 369 368
455 453 373 372
481 479 381 380
432 428 431 430
438 436 435 434
450 448 441 440
454 452 443 442
480 478 461 460
50 40 47 46
92 90 67 66
51 41 49 48
93 91 73 72
56 42 53 52
124 118 81 80
57 43 55 54
125 119 89 88
366 362 247 246
372 368 249 248
484 380 251 250
434 430 281 280
442 440 285 284
462 460 287 286
435 431 343 342
443 441 347 346
463 461 351 350
367 363 365 364
373 369 371 370
486 381 383 382
66 46 63 62
67 47 65 64
72 48 69 68
-1 49 71 70
-1 73 75 74
80 52 77 76
-1 53 79 78
-1 81 83 82
88 54 85 84
89 55 87 86
248 246 177 176
374 250 181 180
249 247 241 240
376 251 245 244
284 280 253 252
464 286 255 254
285 281 283 282
468 287 289 288
346 342 315 314
375 350 317 316
370 364 385 384
469 382 387 386
-1 343 345 344
-1 347 349 348
-1 365 415 414
-1 371 417 416
-1 351 353 352
-1 383 419 418
142 84 139 138
180 176 151 150
98 62 95 94
254 252 157 156
99 63 97 96
255 253 163 162
104 64 101 100
288 282 169 168
105 65 103 102
289 283 175 174
143 85 141 140
181 177 179 178
110 68 107 106
316 314 191 190
111 69 109 108
317 315 197 196
74 70 113 112
75 71 115 114
148 86 145 144
244 240 213 212
132 76 129 128
386 384 221 220
133 77 131 130
387 385 227 226
82 78 135 134
83 79 137 136
149 87 147 146
245 241 243 242
348 344 445 444
378 352 471 470
349 345 447 446
379 353 473 472
416 414 457 456
466 418 475 474
417 415 459 458
467 419 477 476
150 138 99 98
151 139 105 104
178 140 111 110
212 144 133 132
242 146 143 142
243 147 149 148
-1 141 183 182
-1 179 185 184
-1 145 211 210
-1 213 215 214
156 94 153 152
157 95 155 154
162 96 159 158
163 97 161 160
168 100 165 164
169 101 167 166
174 102 171 170
175 103 173 172
190 106 187 186
191 107 189 188
196 108 193 192
197 109 195 194
202 112 199 198
470 444 355 354
203 113 201 200
471 445 357 356
208 114 205 204
472 446 359 358
209 115 207 206
473 447 361 360
220 128 217 216
221 129 219 218
226 130 223 222
227 131 225 224
232 134 229 228
474 456 421 420
233 135 231 230
475 457 423 422
238 136 235 234
476 458 425 424
239 137 237 236
477 459 427 426
184 182 203 202
185 183 209 208
214 210 233 232
215 211 239 238
261 152 1 1
260 153 1 1
354 198 261 260
267 154 1 1
266 155 1 1
355 199 267 266
273 158 1 1
272 159 1 1
356 200 273 272
279 160 1 1
278 161 1 1
357 201 279 278
295 164 1 1
294 165 1 1
420 228 295 294
301 166 1 1
300 167 1 1
421 229 301 300
307 170 1 1
306 171 1 1
422 230 307 306
313 172 1 1
312 173 1 1
423 231 313 312
323 186 1 1
322 187 1 1
358 204 323 322
329 188 1 1
328 189 1 1
359 205 329 328
335 192 1 1
334 193 1 1
360 206 335 334
341 194 1 1
340 195 1 1
361 207 341 340
392 216 389 388
426 236 393 392
401 218 1 1
400 219 1 1
427 237 401 400
407 222 1 1
406 223 1 1
424 234 407 406
413 224 1 1
412 225 1 1
425 235 413 412
-1 217 391 390
395 391 463 462
394 390 483 482
-1 393 395 394
-1 388 485 484
-1 389 487 486
-1 485 375 374
-1 487 377 376
-1 482 465 464
-1 483 469 468
-1 377 379 378
-1 465 467 466
