42 0 -1 38
44 0 -1 40
56 0 -1 52
59 0 -1 55
0 0 -1 78
0 0 -1 80
0 0 -1 84
0 0 -1 85
0 0 -1 86
0 0 -1 89
0 0 93 92
0 0 97 96
0 0 -1 98
0 0 -1 99
0 0 -1 100
0 0 -1 101
0 0 103 102
0 0 107 106
0 0 109 108
0 0 113 112
43 38 -1 39
45 40 -1 41
55 52 54 53
100 98 -1 62
101 99 -1 63
84 78 -1 79
85 80 -1 81
89 86 88 87
96 92 -1 94
97 93 -1 95
106 102 -1 104
107 103 -1 105
112 108 -1 110
113 109 -1 111
-1 62 43 42
-1 63 45 44
41 39 47 46
57 53 -1 58
60 54 -1 61
110 104 -1 64
111 105 -1 65
81 79 83 82
94 87 -1 90
95 88 -1 91
-1 64 57 56
-1 65 60 59
58 46 49 48
91 83 71 70
61 47 51 50
90 82 77 76
71 48 1 1
70 49 1 1
77 50 1 1
76 51 1 1
