43 0 -1 39
44 0 -1 42
0 0 -1 43
0 0 -1 44
0 0 52 51
0 0 62 61
0 0 66 65
0 0 92 91
0 0 94 93
0 0 134 133
0 0 136 135
0 0 138 137
0 0 140 139
0 0 146 145
0 0 150 149
0 0 152 151
0 0 156 155
0 0 162 161
0 0 166 165
131 0 172 171
42 39 41 40
63 51 -1 49
64 52 -1 50
65 61 -1 63
66 62 -1 64
93 91 68 67
94 92 80 79
135 133 96 95
139 137 100 99
136 134 102 101
140 138 106 105
149 145 142 141
155 151 144 143
165 161 158 157
171 167 160 159
150 146 148 147
156 152 154 153
166 162 164 163
172 168 170 169
49 40 46 45
50 41 48 47
97 67 -1 69
98 68 -1 70
103 79 -1 81
104 80 -1 82
99 95 -1 97
100 96 -1 98
105 101 -1 103
106 102 -1 104
144 142 108 107
160 158 112 111
143 141 114 113
159 157 118 117
154 148 120 119
170 164 124 123
153 147 126 125
169 163 130 129
69 45 54 53
70 46 56 55
81 47 58 57
82 48 60 59
111 107 -1 109
112 108 -1 110
117 113 -1 115
118 114 -1 116
123 119 -1 121
124 120 -1 122
129 125 -1 127
130 126 -1 128
110 53 1 1
109 54 1 1
116 55 1 1
115 56 1 1
122 57 1 1
121 58 1 1
128 59 88 1
127 60 1 1
-1 88 132 131
-1 132 168 167
