43 0 -1 39
44 0 -1 42
0 0 -1 43
0 0 -1 44
0 0 52 51
0 0 62 61
0 0 66 65
0 0 91 90
0 0 93 92
0 0 133 132
0 0 135 134
0 0 137 136
0 0 139 138
0 0 145 144
0 0 149 148
0 0 151 150
0 0 155 154
0 0 161 160
0 0 165 164
174 0 171 170
42 39 41 40
63 51 -1 49
64 52 -1 50
65 61 -1 63
66 62 -1 64
92 90 68 67
93 91 80 79
134 132 95 94
138 136 99 98
135 133 101 100
139 137 105 104
148 144 141 140
154 150 143 142
164 160 157 156
170 166 159 158
149 145 147 146
155 151 153 152
165 161 163 162
171 167 169 168
49 40 46 45
50 41 48 47
96 67 -1 69
97 68 -1 70
102 79 -1 81
103 80 -1 82
98 94 -1 96
99 95 -1 97
104 100 -1 102
105 101 -1 103
143 141 107 106
159 157 111 110
142 140 113 112
158 156 117 116
153 147 119 118
169 163 123 122
152 146 125 124
168 162 129 128
69 45 54 53
70 46 56 55
81 47 58 57
82 48 60 59
110 106 -1 108
111 107 -1 109
116 112 -1 114
117 113 -1 115
122 118 -1 120
123 119 -1 121
128 124 -1 126
129 125 -1 127
109 53 1 1
108 54 1 1
115 55 1 1
114 56 1 1
121 57 1 1
120 58 1 1
127 59 -1 87
126 60 1 1
-1 87 131 130
173 130 -1 172
-1 131 174 173
-1 172 167 166
