0 0 -1 39
0 0 -1 42
0 0 48 47
0 0 52 51
0 0 100 99
0 0 102 101
0 0 104 103
0 0 106 105
0 0 198 197
0 0 202 201
0 0 204 203
0 0 208 207
0 0 216 215
0 0 218 217
0 0 220 219
0 0 222 221
0 0 228 227
0 0 232 231
177 0 238 237
42 39 41 40
51 47 -1 49
52 48 -1 50
101 99 62 61
105 103 66 65
102 100 80 79
106 104 84 83
218 216 192 191
222 220 196 195
201 197 -1 199
202 198 -1 200
207 203 -1 205
208 204 -1 206
217 215 210 209
221 219 214 213
231 227 224 223
237 233 226 225
232 228 230 229
238 234 236 235
49 40 44 43
50 41 46 45
65 61 -1 63
66 62 -1 64
83 79 -1 81
84 80 -1 82
205 199 148 147
235 229 156 155
206 200 160 159
226 224 168 167
225 223 174 173
236 230 190 189
195 191 -1 193
196 192 -1 194
213 209 -1 211
214 210 -1 212
63 43 54 53
64 44 56 55
81 45 58 57
82 46 60 59
193 147 134 133
155 151 -1 153
156 152 -1 154
211 159 158 157
167 163 -1 165
168 164 -1 166
212 160 162 161
173 169 -1 171
174 170 -1 172
194 148 150 149
189 181 -1 185
190 182 -1 186
97 59 94 93
153 133 108 107
71 53 68 67
165 157 114 113
72 54 70 69
166 158 120 119
77 55 74 73
171 161 126 125
78 56 76 75
172 162 132 131
98 60 96 95
154 134 136 135
89 57 86 85
185 149 142 141
-1 58 88 87
-1 150 176 175
-1 186 188 187
107 93 72 71
108 94 78 77
135 95 90 89
136 96 98 97
114 67 1 1
113 68 1 1
120 69 1 1
119 70 1 1
126 73 1 1
125 74 1 1
132 75 1 1
131 76 1 1
142 85 138 1
141 86 1 1
91 87 144 143
187 175 180 179
92 88 146 145
188 176 184 183
-1 138 178 177
-1 90 92 91
183 145 152 151
180 144 164 163
179 143 170 169
184 146 182 181
-1 178 234 233
