0 0 -1 39
0 0 -1 42
0 0 48 47
0 0 52 51
0 0 96 95
0 0 98 97
0 0 -1 117
0 0 -1 119
117 0 -1 118
119 0 -1 120
0 0 -1 127
0 0 -1 129
127 0 -1 128
129 0 -1 130
0 0 -1 137
0 0 -1 138
0 0 -1 143
0 0 -1 144
0 0 174 173
0 0 178 177
113 0 184 183
42 39 41 40
51 47 -1 49
52 48 -1 50
97 95 62 61
98 96 78 77
137 118 -1 121
138 120 -1 122
143 128 -1 131
144 130 -1 132
177 173 -1 175
178 174 -1 176
183 179 -1 181
184 180 -1 182
49 40 44 43
50 41 46 45
99 61 -1 63
100 62 -1 64
101 77 -1 79
102 78 -1 80
181 175 104 103
182 176 110 109
-1 121 124 123
-1 122 126 125
-1 131 134 133
-1 132 136 135
63 43 54 53
107 103 70 69
64 44 56 55
108 104 76 75
79 45 58 57
115 109 86 85
80 46 60 59
116 110 94 93
125 123 140 139
135 133 146 145
162 124 -1 141
164 126 -1 142
170 134 -1 147
172 136 -1 148
70 53 1 1
69 54 1 1
76 55 1 1
75 56 1 1
85 57 1 1
94 59 90 1
93 60 1 1
-1 58 84 83
-1 86 88 87
146 139 150 149
145 140 152 151
142 141 154 153
148 147 156 155
-1 90 114 113
88 84 106 105
87 83 112 111
-1 153 158 157
-1 154 160 159
-1 149 162 161
-1 150 164 163
-1 155 166 165
-1 156 168 167
-1 151 170 169
-1 152 172 171
-1 114 180 179
161 157 -1 99
163 159 -1 100
169 165 -1 101
171 167 -1 102
166 105 -1 107
168 106 -1 108
158 111 -1 115
160 112 -1 116
