0 0 -1 39
0 0 -1 41
0 0 -1 47
0 0 -1 48
0 0 -1 55
0 0 -1 57
0 0 -1 87
0 0 -1 90
0 0 96 95
0 0 100 99
0 0 118 117
0 0 122 121
0 0 -1 123
0 0 -1 124
0 0 -1 125
0 0 -1 126
0 0 -1 127
0 0 -1 128
132 0 -1 129
47 39 -1 40
48 41 -1 42
63 55 -1 56
64 57 -1 58
123 72 -1 83
124 74 -1 84
127 51 -1 75
128 54 -1 76
129 67 -1 79
90 87 89 88
99 95 -1 97
100 96 -1 98
121 117 -1 119
122 118 -1 120
125 77 -1 85
126 78 -1 86
-1 40 44 43
-1 42 46 45
79 65 -1 63
-1 56 60 59
-1 58 62 61
83 44 -1 51
84 46 -1 54
75 60 -1 67
76 62 -1 70
85 49 -1 71
86 52 -1 73
97 88 92 91
119 81 106 105
98 89 94 93
120 82 114 113
130 70 -1 80
-1 43 50 49
-1 45 53 52
-1 59 66 65
-1 61 69 68
105 91 1 1
114 93 110 1
113 94 1 1
73 71 82 81
-1 92 104 103
-1 106 108 107
-1 110 116 115
80 68 -1 64
103 50 -1 72
107 53 -1 74
104 66 -1 77
108 69 -1 78
-1 116 132 131
131 115 -1 130
