0 0 -1 40
0 0 -1 43
0 0 49 48
0 0 53 52
0 0 91 90
0 0 93 92
0 0 95 94
0 0 97 96
0 0 173 172
0 0 177 176
0 0 179 178
0 0 183 182
0 0 259 258
0 0 263 262
0 0 269 268
0 0 271 270
0 0 279 278
0 0 281 280
0 0 283 282
43 40 42 41
52 48 -1 50
53 49 -1 51
92 90 63 62
96 94 67 66
93 91 77 76
97 95 81 80
176 172 169 168
182 178 171 170
177 173 175 174
183 179 181 180
262 258 243 242
270 268 247 246
278 194 249 248
282 280 253 252
263 259 261 260
271 269 267 266
279 195 273 272
283 281 277 276
50 41 45 44
51 42 47 46
66 62 -1 64
67 63 -1 65
80 76 -1 78
81 77 -1 79
170 168 103 102
171 169 121 120
180 174 143 142
181 175 161 160
246 242 -1 244
247 243 -1 245
252 248 -1 250
253 249 -1 251
266 260 -1 264
267 261 -1 265
276 272 -1 274
277 273 -1 275
64 44 55 54
65 45 57 56
78 46 59 58
79 47 61 60
102 98 -1 100
103 99 -1 101
120 116 -1 118
121 117 -1 119
142 136 -1 138
143 137 -1 139
160 156 -1 158
161 157 -1 159
251 245 167 166
274 264 185 184
275 265 193 192
250 244 207 206
100 54 69 68
188 184 109 108
101 55 71 70
189 185 115 114
118 56 73 72
202 192 127 126
119 57 75 74
203 193 135 134
138 58 83 82
222 206 149 148
-1 59 85 84
-1 139 141 140
158 60 87 86
238 166 163 162
159 61 89 88
239 167 165 164
-1 207 209 208
162 86 99 98
109 68 1 1
108 69 1 1
115 70 1 1
114 71 1 1
163 87 117 116
126 72 1 1
135 74 1 1
134 75 1 1
164 88 137 136
149 82 1 1
148 83 1 1
165 89 157 156
-1 73 125 124
-1 127 129 128
140 84 151 150
224 208 215 214
-1 85 153 152
-1 141 155 154
-1 209 229 228
214 150 211 210
215 151 213 212
154 152 217 216
230 228 233 232
155 153 219 218
231 229 235 234
-1 125 197 196
-1 129 199 198
128 124 195 194
233 217 187 186
255 211 191 190
232 216 201 200
254 210 205 204
235 219 221 220
257 213 227 226
234 218 237 236
256 212 241 240
199 197 255 254
198 196 257 256
190 186 -1 188
191 187 -1 189
204 200 -1 202
205 201 -1 203
226 220 -1 222
227 221 -1 223
240 236 -1 238
241 237 -1 239
-1 223 225 224
-1 225 231 230
