0 0 -1 40
0 0 -1 42
0 0 -1 52
0 0 -1 55
0 0 -1 116
0 0 -1 119
0 0 121 120
0 0 125 124
0 0 163 162
0 0 167 166
0 0 173 172
0 0 199 198
0 0 205 204
0 0 219 218
0 0 221 220
0 0 235 234
0 0 239 238
0 0 241 240
0 0 245 244
46 40 -1 41
47 42 -1 43
55 52 54 53
119 116 118 117
124 120 -1 122
125 121 -1 123
166 162 135 134
172 168 137 136
167 163 165 164
173 169 171 170
204 198 201 200
220 218 211 210
205 199 203 202
221 219 217 216
238 234 231 230
244 240 233 232
239 235 237 236
245 241 243 242
43 41 45 44
58 53 -1 56
59 54 -1 57
122 117 85 84
136 134 93 92
137 135 99 98
123 118 101 100
170 164 109 108
171 165 115 114
210 200 207 206
232 230 223 222
211 201 209 208
233 231 225 224
216 202 213 212
242 236 227 226
217 203 215 214
243 237 229 228
56 44 49 48
57 45 51 50
84 70 -1 86
85 73 -1 87
100 80 -1 102
101 83 -1 103
92 60 89 88
223 207 143 142
93 61 91 90
222 206 149 148
98 62 95 94
225 209 155 154
99 63 97 96
224 208 161 160
108 64 105 104
227 213 179 178
109 65 107 106
226 212 185 184
114 66 111 110
229 215 191 190
115 67 113 112
228 214 197 196
86 48 61 60
87 49 63 62
102 50 65 64
103 51 67 66
143 88 1 1
142 89 1 1
149 90 1 1
148 91 1 1
155 94 1 1
154 95 1 1
161 96 1 1
160 97 1 1
179 104 1 1
178 105 1 1
185 106 181 180
184 107 183 182
191 110 187 1
190 111 1 1
197 112 193 192
196 113 1 1
-1 187 169 168
-1 192 75 74
-1 193 77 76
-1 180 127 126
-1 181 129 128
-1 182 131 130
-1 183 133 132
74 68 -1 46
76 71 -1 47
78 75 -1 58
81 77 -1 59
-1 127 69 68
-1 129 72 71
-1 131 79 78
-1 133 82 81
126 69 -1 70
128 72 -1 73
130 79 -1 80
132 82 -1 83
