0 0 -1 40
0 0 -1 42
40 0 -1 41
42 0 -1 43
0 0 -1 50
0 0 -1 53
0 0 57 56
0 0 -1 102
0 0 -1 105
0 0 107 106
0 0 111 110
0 0 113 112
0 0 115 114
0 0 161 160
0 0 167 166
0 0 179 178
0 0 181 180
0 0 193 192
0 0 197 196
0 0 203 202
43 41 45 44
53 50 52 51
56 51 -1 54
57 52 -1 55
114 112 71 70
115 113 89 88
105 102 104 103
110 106 -1 108
111 107 -1 109
166 160 163 162
180 178 171 170
167 161 165 164
181 179 177 176
196 192 189 188
202 198 191 190
197 193 195 194
203 199 201 200
54 44 47 46
55 45 49 48
108 103 67 66
70 66 -1 68
71 67 -1 69
109 104 85 84
88 84 -1 86
89 85 -1 87
171 163 143 142
191 189 147 146
170 162 169 168
190 188 183 182
176 164 173 172
200 194 185 184
177 165 175 174
201 195 187 186
68 46 59 58
69 47 61 60
86 48 63 62
87 49 65 64
146 142 117 116
185 173 123 122
184 172 129 128
187 175 135 134
186 174 141 140
147 143 145 144
183 169 153 152
182 168 159 158
116 96 77 76
117 97 83 82
144 98 95 94
145 99 101 100
100 64 97 96
76 58 73 72
123 72 1 1
122 73 1 1
77 59 75 74
129 74 1 1
128 75 1 1
82 60 79 78
135 78 131 1
134 79 1 1
83 61 81 80
141 80 1 1
140 81 1 1
101 65 99 98
94 62 91 90
153 90 1 1
152 91 1 1
95 63 93 92
159 92 1 1
158 93 1 1
-1 131 199 198
