0 0 -1 40
0 0 -1 42
0 0 -1 52
0 0 -1 55
0 0 -1 120
0 0 -1 123
0 0 125 124
0 0 129 128
0 0 165 164
0 0 167 166
0 0 171 170
0 0 203 202
0 0 207 206
0 0 215 214
0 0 217 216
0 0 227 226
0 0 229 228
0 0 231 230
0 0 233 232
46 40 -1 41
47 42 -1 43
55 52 54 53
123 120 122 121
128 124 -1 126
129 125 -1 127
164 74 76 75
170 166 139 138
165 78 80 79
171 167 169 168
207 203 183 182
217 215 187 186
229 227 197 196
233 231 201 200
206 202 205 204
216 214 213 212
228 226 223 222
232 230 225 224
43 41 45 44
58 53 -1 56
59 54 -1 57
126 121 92 91
138 75 100 99
139 76 106 105
127 122 108 107
168 79 116 115
183 51 -1 66
187 110 -1 111
169 80 173 172
200 196 195 194
212 204 209 208
224 222 219 218
213 205 211 210
225 223 221 220
186 182 185 184
201 197 199 198
56 44 49 48
57 45 51 50
91 69 -1 93
92 72 -1 94
107 83 -1 109
108 86 -1 110
99 60 96 95
219 209 145 144
100 61 98 97
218 208 151 150
105 62 102 101
221 211 157 156
106 63 104 103
220 210 163 162
115 64 113 112
198 184 179 178
185 65 -1 114
199 116 -1 117
111 66 119 118
194 172 -1 192
195 173 -1 193
93 48 61 60
94 49 63 62
109 50 65 64
145 95 1 1
144 96 1 1
151 97 1 1
150 98 1 1
157 101 1 1
156 102 1 1
163 103 1 1
162 104 1 1
179 112 1 1
178 113 1 1
117 114 181 180
193 118 189 188
192 119 191 190
-1 180 88 87
-1 181 90 89
-1 188 131 130
-1 189 133 132
-1 190 135 134
-1 191 137 136
87 81 -1 58
89 84 -1 59
-1 131 68 67
-1 133 71 70
-1 88 74 73
-1 90 78 77
-1 135 82 81
-1 137 85 84
130 68 -1 69
132 71 -1 72
134 82 -1 83
136 85 -1 86
73 67 -1 46
77 70 -1 47
