0 0 41 40
0 0 47 46
0 0 61 60
0 0 63 62
0 0 117 116
0 0 121 120
0 0 123 122
0 0 127 126
0 0 167 166
0 0 169 168
0 0 201 200
0 0 203 202
0 0 205 204
0 0 207 206
0 0 209 208
0 0 215 214
0 0 229 228
0 0 231 230
0 0 287 286
46 40 43 42
62 60 53 52
47 41 45 44
63 61 59 58
120 116 89 88
126 122 91 90
121 117 119 118
127 123 125 124
168 166 161 160
169 167 165 164
203 201 193 192
207 205 195 194
202 200 197 196
206 204 199 198
214 208 211 210
230 228 221 220
215 209 213 212
231 229 227 226
286 282 257 256
287 283 285 284
52 42 49 48
90 88 69 68
53 43 51 50
91 89 75 74
58 44 55 54
124 118 81 80
59 45 57 56
125 119 87 86
165 131 153 152
194 192 155 154
160 128 157 156
198 196 171 170
161 129 159 158
199 197 173 172
164 130 163 162
195 193 175 174
220 210 217 216
278 256 237 236
221 211 219 218
280 257 243 242
226 212 223 222
284 279 249 248
227 213 225 224
285 281 255 254
68 48 65 64
174 162 97 96
69 49 67 66
175 163 103 102
74 50 71 70
170 156 109 108
75 51 73 72
171 157 115 114
80 54 77 76
154 152 133 132
81 55 79 78
155 153 139 138
86 56 83 82
172 158 145 144
87 57 85 84
173 159 151 150
236 216 233 232
237 217 235 234
242 218 239 238
243 219 241 240
248 222 245 244
249 223 247 246
254 224 251 250
255 225 253 252
132 76 129 128
133 77 131 130
138 78 135 134
258 232 181 180
139 79 137 136
259 233 187 186
150 84 147 146
310 252 307 306
96 64 93 92
270 238 267 266
97 65 95 94
271 239 269 268
102 66 99 98
276 240 273 272
103 67 101 100
277 241 275 274
108 70 105 104
304 250 301 300
109 71 107 106
305 251 303 302
114 72 111 110
292 244 289 288
115 73 113 112
293 245 291 290
144 82 141 140
264 234 261 260
145 83 143 142
265 235 263 262
151 85 149 148
311 253 309 308
298 246 295 294
299 247 297 296
181 134 1 1
180 135 1 1
307 146 313 312
306 147 1 1
267 92 1 1
266 93 1 1
269 94 1 1
268 95 1 1
273 98 1 1
272 99 1 1
275 100 1 1
274 101 1 1
301 104 1 1
300 105 1 1
303 106 1 1
302 107 1 1
289 110 1 1
288 111 1 1
291 112 1 1
290 113 1 1
261 140 1 1
260 141 1 1
263 142 1 1
262 143 1 1
309 148 357 1
308 149 1 1
384 294 361 360
385 295 365 364
386 296 369 368
-1 136 183 182
-1 186 189 188
-1 137 185 184
-1 187 191 190
387 297 381 380
-1 357 283 282
382 380 259 258
383 381 265 264
362 360 271 270
363 361 277 276
-1 312 279 278
-1 313 281 280
370 368 293 292
371 369 299 298
366 364 305 304
367 365 311 310
189 183 375 374
191 185 379 378
188 182 373 372
190 184 377 376
396 374 363 362
398 375 367 366
392 378 371 370
394 379 383 382
397 372 385 384
399 373 387 386
395 376 389 388
393 377 391 390
-1 390 393 392
-1 391 395 394
-1 388 397 396
-1 389 399 398
