0 0 41 40
0 0 47 46
0 0 61 60
0 0 63 62
0 0 113 112
0 0 117 116
0 0 119 118
0 0 123 122
0 0 183 182
0 0 187 186
0 0 189 188
0 0 193 192
0 0 197 196
0 0 203 202
0 0 217 216
0 0 219 218
0 0 257 256
0 0 261 260
0 0 307 306
46 40 43 42
62 60 53 52
47 41 45 44
63 61 59 58
116 112 89 88
122 118 91 90
117 113 115 114
123 119 121 120
186 182 165 164
192 188 167 166
187 183 185 184
193 189 191 190
202 196 199 198
218 216 209 208
203 197 201 200
219 217 215 214
260 256 241 240
261 257 259 258
306 302 301 300
307 303 305 304
52 42 49 48
90 88 69 68
53 43 51 50
91 89 75 74
58 44 55 54
59 45 57 56
190 184 151 150
120 114 153 152
166 164 157 156
121 115 155 154
167 165 163 162
191 185 195 194
208 198 205 204
242 240 221 220
209 199 207 206
243 241 227 226
214 200 211 210
215 201 213 212
291 259 285 284
305 263 287 286
290 258 289 288
304 262 295 294
300 292 297 296
301 293 299 298
68 48 65 64
150 94 93 92
69 49 67 66
151 95 99 98
74 50 71 70
194 96 105 104
75 51 73 72
195 97 111 110
80 54 77 76
156 152 129 128
81 55 79 78
157 153 135 134
86 56 83 82
296 278 141 140
87 57 85 84
297 279 147 146
162 154 159 158
220 204 173 172
163 155 161 160
221 205 179 178
226 206 223 222
298 280 249 248
227 207 225 224
299 281 255 254
238 212 235 234
286 284 265 264
232 210 229 228
294 288 271 270
233 211 231 230
295 289 277 276
239 213 237 236
287 285 283 282
92 64 81 80
93 65 87 86
98 66 95 94
99 67 97 96
264 234 233 232
265 235 239 238
-1 161 177 176
-1 179 181 180
-1 85 145 144
-1 147 149 148
282 236 279 278
283 237 281 280
104 70 101 100
270 228 267 266
105 71 103 102
271 229 269 268
110 72 107 106
248 222 245 244
111 73 109 108
249 223 247 246
128 76 125 124
276 230 273 272
129 77 127 126
277 231 275 274
134 78 131 130
254 224 251 250
135 79 133 132
255 225 253 252
140 82 137 136
172 158 169 168
141 83 139 138
173 159 171 170
146 84 143 142
178 160 175 174
180 176 243 242
148 144 291 290
149 145 293 292
181 177 263 262
267 100 1 1
266 101 1 1
269 102 1 1
268 103 1 1
245 106 1 1
244 107 1 1
247 108 1 1
246 109 1 1
273 124 1 1
272 125 1 1
275 126 1 1
274 127 1 1
251 130 1 1
250 131 1 1
253 132 1 1
252 133 1 1
169 136 1 1
168 137 1 1
171 138 1 1
170 139 1 1
175 142 349 1
174 143 1 1
-1 349 303 302
