0 0 41 40
0 0 47 46
0 0 61 60
0 0 63 62
0 0 117 116
0 0 121 120
0 0 123 122
0 0 127 126
0 0 285 284
0 0 287 286
0 0 289 288
0 0 291 290
0 0 293 292
0 0 295 294
0 0 297 296
0 0 299 298
0 0 381 380
0 0 383 382
0 0 397 396
46 40 43 42
62 60 53 52
47 41 45 44
63 61 59 58
120 116 89 88
126 122 91 90
121 117 119 118
127 123 125 124
286 284 183 182
290 288 187 186
294 292 189 188
298 296 193 192
287 285 247 246
291 289 251 250
295 293 253 252
299 297 257 256
382 380 377 376
383 381 379 378
396 374 393 392
397 375 395 394
52 42 49 48
90 88 69 68
53 43 51 50
91 89 75 74
58 44 55 54
124 118 81 80
59 45 57 56
125 119 87 86
186 182 155 154
192 188 157 156
187 183 185 184
193 189 191 190
250 246 219 218
256 252 221 220
251 247 249 248
257 253 255 254
376 346 303 302
392 370 307 306
377 347 319 318
393 371 323 322
378 348 337 336
394 372 341 340
379 349 357 356
395 373 361 360
68 48 65 64
156 154 97 96
69 49 67 66
157 155 103 102
74 50 71 70
190 184 109 108
75 51 73 72
191 185 115 114
80 54 77 76
220 218 133 132
81 55 79 78
221 219 139 138
86 56 83 82
254 248 145 144
87 57 85 84
255 249 153 152
306 302 301 300
307 303 305 304
322 318 317 316
323 319 321 320
340 336 335 334
341 337 339 338
360 356 343 342
361 357 359 358
96 64 93 92
308 300 163 162
97 65 95 94
310 301 169 168
102 66 99 98
312 304 175 174
103 67 101 100
314 305 181 180
108 70 105 104
324 316 199 198
109 71 107 106
326 317 205 204
114 72 111 110
330 320 211 210
115 73 113 112
332 321 217 216
132 76 129 128
334 309 227 226
133 77 131 130
335 311 233 232
138 78 135 134
338 313 239 238
139 79 137 136
339 315 245 244
144 82 141 140
342 325 263 262
-1 83 143 142
-1 145 147 146
152 84 149 148
358 331 275 274
153 85 151 150
359 333 283 282
-1 343 345 344
163 92 1 1
162 93 1 1
169 94 1 1
168 95 1 1
175 98 1 1
174 99 1 1
181 100 1 1
180 101 1 1
199 104 1 1
198 105 1 1
205 106 1 1
204 107 1 1
211 110 1 1
210 111 1 1
217 112 1 1
216 113 1 1
227 128 1 1
226 129 1 1
233 130 1 1
232 131 1 1
239 134 1 1
238 135 1 1
245 136 1 1
244 137 1 1
263 140 1 1
262 141 1 1
274 148 1 1
283 150 279 1
282 151 1 1
146 142 265 264
344 328 351 350
-1 143 267 266
-1 147 269 268
-1 345 363 362
-1 149 273 272
-1 275 277 276
-1 279 375 374
350 264 347 346
351 265 349 348
268 266 353 352
365 363 369 368
269 267 355 354
364 362 367 366
276 272 371 370
277 273 373 372
369 352 385 384
368 353 387 386
367 354 389 388
366 355 391 390
-1 386 309 308
-1 387 311 310
-1 384 313 312
-1 385 315 314
-1 390 325 324
-1 391 327 326
-1 388 331 330
-1 389 333 332
-1 327 329 328
-1 329 365 364
