0 0 41 40
0 0 47 46
0 0 61 60
0 0 63 62
0 0 109 108
0 0 113 112
0 0 115 114
0 0 119 118
0 0 323 322
0 0 329 328
0 0 335 334
0 0 337 336
0 0 343 342
0 0 347 346
0 0 349 348
0 0 353 352
0 0 363 362
0 0 365 364
0 0 367 366
46 40 43 42
62 60 53 52
47 41 45 44
63 61 59 58
112 108 89 88
118 114 91 90
113 109 111 110
119 115 117 116
328 322 325 324
336 334 331 330
329 323 327 326
337 335 333 332
346 342 339 338
352 348 341 340
347 343 345 344
353 349 351 350
364 362 355 354
366 316 357 356
365 363 359 358
367 317 361 360
52 42 49 48
90 88 69 68
53 43 51 50
91 89 75 74
58 44 55 54
116 110 81 80
59 45 57 56
117 111 87 86
330 324 253 252
340 338 257 256
356 354 263 262
331 325 269 268
341 339 273 272
357 355 279 278
332 326 285 284
350 344 289 288
360 358 295 294
333 327 301 300
351 345 305 304
361 359 311 310
68 48 65 64
69 49 67 66
74 50 71 70
75 51 73 72
80 54 77 76
81 55 79 78
86 56 83 82
87 57 85 84
256 252 249 248
262 258 251 250
257 253 255 254
263 259 261 260
272 268 265 264
278 274 267 266
273 269 271 270
279 275 277 276
288 284 281 280
294 290 283 282
289 285 287 286
295 291 293 292
304 300 297 296
310 306 299 298
305 301 303 302
311 307 309 308
136 64 93 92
250 248 145 144
138 65 95 94
251 249 151 150
152 66 97 96
260 254 161 160
154 67 99 98
261 255 167 166
168 70 101 100
266 264 177 176
170 71 103 102
267 265 183 182
184 72 105 104
276 270 195 194
186 73 107 106
277 271 201 200
137 76 121 120
282 280 207 206
139 77 123 122
283 281 213 212
153 78 125 124
292 286 219 218
155 79 127 126
293 287 225 224
169 82 129 128
298 296 231 230
171 83 131 130
299 297 237 236
185 84 133 132
308 302 243 242
-1 85 135 134
-1 303 313 312
-1 309 315 314
145 92 1 1
144 93 1 1
151 94 1 1
150 95 1 1
161 96 1 1
160 97 1 1
167 98 1 1
166 99 1 1
177 100 1 1
176 101 1 1
183 102 1 1
182 103 1 1
195 104 1 1
194 105 1 1
201 106 1 1
200 107 1 1
207 120 1 1
206 121 1 1
213 122 1 1
212 123 1 1
219 124 1 1
218 125 1 1
225 126 1 1
224 127 1 1
231 128 227 226
230 129 229 228
237 130 233 232
236 131 235 234
243 132 239 1
242 133 1 1
188 134 245 244
314 312 319 318
189 135 247 246
315 313 321 320
-1 239 317 316
-1 226 137 136
-1 227 139 138
-1 228 153 152
-1 229 155 154
-1 232 169 168
-1 233 171 170
-1 234 185 184
-1 235 187 186
318 244 259 258
319 245 275 274
320 246 291 290
321 247 307 306
-1 187 189 188
