0 0 -1 41
0 0 -1 44
0 0 50 49
0 0 54 53
0 0 92 91
0 0 94 93
0 0 96 95
0 0 98 97
0 0 171 170
0 0 175 174
0 0 177 176
0 0 181 180
0 0 251 250
0 0 255 254
0 0 261 260
0 0 263 262
0 0 271 270
0 0 273 272
280 0 275 274
0 0 277 276
44 41 43 42
53 49 -1 51
54 50 -1 52
93 91 64 63
97 95 68 67
94 92 78 77
98 96 82 81
174 170 167 166
180 176 169 168
175 171 173 172
181 177 179 178
254 250 229 228
262 260 233 232
272 270 235 234
276 274 239 238
255 251 253 252
263 261 259 258
273 271 265 264
277 275 269 268
51 42 46 45
52 43 48 47
67 63 -1 65
68 64 -1 66
81 77 -1 79
82 78 -1 80
168 166 104 103
169 167 122 121
178 172 144 143
179 173 159 158
232 228 -1 230
233 229 -1 231
238 234 -1 236
239 235 -1 237
258 252 -1 256
259 253 -1 257
268 264 -1 266
269 265 -1 267
65 45 56 55
66 46 58 57
79 47 60 59
80 48 62 61
103 99 -1 101
104 100 -1 102
121 117 -1 119
122 118 -1 120
143 137 -1 139
144 138 -1 140
158 154 -1 156
159 155 -1 157
237 231 165 164
266 256 183 182
267 257 191 190
236 230 205 204
101 55 70 69
186 182 110 109
102 56 72 71
187 183 116 115
119 57 74 73
200 190 128 127
120 58 76 75
201 191 136 135
139 59 84 83
218 204 149 148
-1 60 86 85
-1 140 142 141
156 61 88 87
224 164 161 160
157 62 90 89
225 165 163 162
-1 205 207 206
160 87 100 99
110 69 1 1
109 70 1 1
116 71 1 1
115 72 1 1
161 88 118 117
127 73 1 1
136 75 1 1
135 76 1 1
162 89 138 137
149 83 -1 145
148 84 1 1
163 90 155 154
-1 74 126 125
-1 128 130 129
141 85 151 150
220 206 211 210
142 86 153 152
221 207 217 216
-1 145 209 208
211 151 185 184
210 150 199 198
217 153 215 214
216 152 213 212
-1 126 195 194
-1 130 197 196
129 125 193 192
279 208 -1 278
248 192 243 242
249 193 247 246
188 184 -1 186
189 185 -1 187
202 198 -1 200
203 199 -1 201
222 214 -1 218
223 215 -1 219
226 212 -1 224
227 213 -1 225
-1 209 280 279
196 194 241 240
197 195 245 244
-1 278 249 248
247 245 189 188
246 244 203 202
243 241 223 222
242 240 227 226
-1 219 221 220
