0 0 -1 41
0 0 -1 43
69 0 -1 47
72 0 -1 48
0 0 -1 53
0 0 -1 56
0 0 -1 121
0 0 -1 124
0 0 126 125
0 0 130 129
0 0 160 159
0 0 164 163
246 0 170 169
0 0 195 194
0 0 201 200
0 0 215 214
0 0 217 216
0 0 231 230
0 0 235 234
0 0 237 236
0 0 241 240
47 41 -1 42
48 43 -1 44
56 53 55 54
124 121 123 122
129 125 -1 127
130 126 -1 128
163 159 132 131
169 165 134 133
164 160 162 161
170 166 168 167
200 194 197 196
216 214 207 206
201 195 199 198
217 215 213 212
234 230 227 226
240 236 229 228
235 231 233 232
241 237 239 238
44 42 46 45
59 54 -1 57
60 55 -1 58
127 122 90 89
133 131 98 97
134 132 104 103
128 123 106 105
167 161 114 113
168 162 120 119
206 196 203 202
228 226 219 218
207 197 205 204
229 227 221 220
212 198 209 208
238 232 223 222
213 199 211 210
239 233 225 224
57 45 50 49
58 46 52 51
89 71 -1 91
90 74 -1 92
105 77 -1 107
106 80 -1 108
97 61 94 93
219 203 140 139
98 62 96 95
218 202 146 145
103 63 100 99
221 205 152 151
104 64 102 101
220 204 158 157
113 65 110 109
223 209 176 175
114 66 112 111
222 208 182 181
119 67 116 115
225 211 187 186
120 68 118 117
224 210 193 192
91 49 62 61
92 50 64 63
107 51 66 65
108 52 68 67
140 93 1 1
139 94 1 1
146 95 1 1
145 96 1 1
152 99 1 1
151 100 1 1
158 101 1 1
157 102 1 1
176 109 1 1
175 110 1 1
182 111 178 177
181 112 180 179
187 115 -1 183
186 116 1 1
193 117 189 188
192 118 1 1
-1 183 243 242
-1 177 70 69
-1 178 73 72
-1 179 76 75
-1 180 79 78
-1 188 82 81
-1 189 86 85
245 242 -1 244
-1 243 246 245
81 75 -1 59
85 78 -1 60
83 70 -1 71
87 73 -1 74
84 76 -1 77
88 79 -1 80
-1 82 84 83
-1 86 88 87
-1 244 166 165
