0 0 48 47
0 0 60 59
0 0 62 61
0 0 64 63
0 0 70 69
0 0 84 83
0 0 92 91
0 0 104 103
0 0 106 105
0 0 108 107
0 0 114 113
0 0 128 127
0 0 136 135
0 0 148 147
0 0 150 149
0 0 152 151
0 0 158 157
0 0 168 167
0 0 174 173
320 0 194 193
47 41 44 43
62 60 52 51
48 42 46 45
61 59 58 57
69 63 66 65
84 78 76 75
70 64 68 67
83 77 82 81
92 86 90 89
105 103 96 95
91 85 88 87
106 104 102 101
113 107 110 109
128 116 120 119
114 108 112 111
127 115 126 125
135 129 132 131
150 148 140 139
136 130 134 133
149 147 146 145
157 151 154 153
158 152 156 155
173 167 170 169
174 168 172 171
193 187 190 189
194 188 192 191
51 43 42 41
81 67 78 77
95 89 86 85
119 109 116 115
139 131 130 129
146 134 144 143
140 132 138 137
52 44 50 49
75 65 72 71
57 45 54 53
125 111 122 121
58 46 56 55
76 66 74 73
186 172 184 183
102 88 100 99
120 110 118 117
191 137 198 197
202 189 -1 195
204 190 -1 196
185 171 182 181
195 156 -1 165
179 169 176 175
316 154 162 161
180 170 178 177
155 143 164 163
82 68 80 79
96 90 94 93
314 153 160 159
145 133 142 141
192 98 -1 199
101 87 98 97
126 112 124 123
312 141 180 179
313 142 186 185
71 49 202 201
117 99 216 215
72 50 204 203
118 100 221 220
121 53 206 205
93 79 227 226
122 54 208 207
94 80 233 232
73 55 210 209
74 56 212 211
213 197 245 244
214 198 247 246
217 144 -1 166
208 196 -1 231
218 181 249 248
219 182 251 250
166 165 261 260
280 175 -1 276
281 176 -1 277
123 97 279 278
278 161 -1 280
279 162 -1 281
262 177 283 282
223 163 291 290
263 178 285 284
224 164 297 296
206 199 -1 225
209 183 236 235
298 159 305 304
138 124 -1 200
-1 184 239 238
-1 160 307 306
215 201 214 213
315 216 -1 217
317 221 -1 222
220 203 219 218
244 241 1 1
245 240 1 1
276 211 241 240
246 243 1 1
247 242 1 1
277 212 243 242
233 222 -1 234
269 248 1 1
268 249 1 1
261 230 269 268
275 250 1 1
274 251 1 1
260 229 275 274
232 207 230 229
234 231 263 262
291 282 1 1
290 283 1 1
297 284 1 1
296 285 1 1
226 205 224 223
227 200 -1 228
305 235 1 1
304 236 1 1
299 210 -1 237
228 225 299 298
306 238 311 310
307 239 313 312
-1 237 309 308
-1 310 315 314
-1 311 317 316
319 308 -1 318
-1 309 320 319
-1 318 188 187
