0 0 48 47
0 0 60 59
0 0 62 61
0 0 64 63
0 0 70 69
0 0 84 83
0 0 92 91
0 0 104 103
0 0 106 105
0 0 108 107
0 0 114 113
0 0 128 127
0 0 136 135
0 0 148 147
0 0 150 149
0 0 152 151
0 0 158 157
0 0 170 169
0 0 176 175
326 0 196 195
47 41 44 43
62 60 52 51
48 42 46 45
61 59 58 57
69 63 66 65
84 78 76 75
70 64 68 67
83 77 82 81
92 86 90 89
105 103 96 95
91 85 88 87
106 104 102 101
113 107 110 109
128 116 120 119
114 108 112 111
127 115 126 125
135 129 132 131
150 148 140 139
136 130 134 133
149 147 146 145
157 151 154 153
158 152 156 155
175 169 172 171
176 170 174 173
195 189 192 191
196 190 194 193
51 43 42 41
81 67 78 77
95 89 86 85
119 109 116 115
139 131 130 129
146 134 144 143
140 132 138 137
52 44 50 49
75 65 72 71
57 45 54 53
125 111 122 121
58 46 56 55
76 66 74 73
188 174 186 185
102 88 100 99
120 110 118 117
193 137 204 203
208 191 -1 197
210 192 -1 198
187 173 184 183
197 156 -1 167
181 171 178 177
164 154 162 161
182 172 180 179
155 143 166 165
82 68 80 79
96 90 94 93
163 153 160 159
194 98 -1 205
101 87 98 97
126 112 124 123
145 133 142 141
322 141 182 181
323 142 188 187
71 49 208 207
117 99 222 221
72 50 210 209
118 100 226 225
121 53 212 211
93 79 231 230
122 54 214 213
94 80 237 236
73 55 216 215
74 56 218 217
219 203 248 247
220 204 250 249
201 144 -1 168
214 198 -1 235
223 183 252 251
224 184 254 253
168 167 264 263
283 177 -1 279
284 178 -1 280
123 97 282 281
281 161 -1 283
282 162 -1 284
265 179 286 285
227 165 294 293
266 180 288 287
228 166 300 299
212 205 -1 229
215 185 240 239
301 159 307 306
186 160 -1 242
138 124 -1 206
221 207 220 219
222 199 -1 201
226 200 -1 202
225 209 224 223
247 244 1 1
248 243 1 1
279 217 244 243
249 246 1 1
250 245 1 1
280 218 246 245
237 202 -1 238
272 251 1 1
271 252 1 1
264 234 272 271
278 253 1 1
277 254 1 1
263 233 278 277
236 213 234 233
238 235 266 265
294 285 1 1
293 286 1 1
300 287 1 1
299 288 1 1
230 211 228 227
231 206 -1 232
307 239 -1 303
306 240 1 1
302 216 -1 241
232 229 302 301
-1 242 311 310
-1 303 313 312
-1 241 309 308
310 308 315 314
-1 311 319 318
325 312 -1 324
-1 313 326 325
320 314 164 163
321 315 200 199
319 317 321 320
-1 309 317 316
318 316 323 322
-1 324 190 189
