0 0 -1 41
0 0 -1 44
0 0 50 49
0 0 54 53
0 0 100 99
0 0 102 101
0 0 104 103
0 0 106 105
0 0 304 303
0 0 306 305
0 0 308 307
0 0 310 309
0 0 312 311
0 0 314 313
0 0 316 315
0 0 318 317
0 0 -1 341
0 0 -1 344
339 0 348 347
0 0 352 351
44 41 43 42
53 49 -1 51
54 50 -1 52
101 99 64 63
105 103 68 67
102 100 82 81
106 104 86 85
305 303 202 201
309 307 206 205
313 311 208 207
317 315 212 211
306 304 268 267
310 308 270 269
314 312 272 271
318 316 274 273
344 341 343 342
351 347 -1 349
352 348 -1 350
51 42 46 45
52 43 48 47
67 63 -1 65
68 64 -1 66
85 81 -1 83
86 82 -1 84
270 268 166 165
274 272 168 167
205 201 180 179
211 207 182 181
206 202 204 203
212 208 210 209
269 267 238 237
273 271 240 239
349 342 286 285
350 343 346 345
65 45 56 55
66 46 58 57
83 47 60 59
84 48 62 61
181 179 116 115
182 180 122 121
209 203 128 127
210 204 134 133
167 165 138 137
239 237 150 149
240 238 156 155
168 166 162 161
355 285 170 169
361 345 326 325
362 346 332 331
356 286 288 287
137 93 108 107
73 55 70 69
74 56 72 71
79 57 76 75
80 58 78 77
97 61 94 93
173 169 140 139
138 94 136 135
91 59 88 87
92 60 90 89
98 62 96 95
122 72 120 119
115 69 112 111
116 70 114 113
121 71 118 117
127 75 124 123
128 76 126 125
133 77 130 129
134 78 132 131
149 87 146 145
150 88 148 147
155 89 152 151
156 90 154 153
161 95 158 157
-1 162 164 163
174 170 172 171
326 296 302 301
325 295 320 319
332 300 322 321
331 299 324 323
290 288 328 327
289 287 330 329
109 107 74 73
110 108 80 79
141 135 92 91
142 136 98 97
143 139 110 109
177 119 144 143
144 140 142 141
301 183 178 177
319 185 188 187
320 186 194 193
302 184 200 199
218 123 1 1
217 124 1 1
323 191 218 217
224 125 1 1
223 126 1 1
324 192 224 223
230 129 1 1
229 130 1 1
321 189 230 229
236 131 1 1
235 132 1 1
322 190 236 235
246 145 1 1
245 146 1 1
329 197 246 245
252 147 1 1
251 148 1 1
330 198 252 251
257 151 1 1
327 195 258 257
266 153 1 1
265 154 1 1
328 196 266 265
280 157 276 1
279 158 1 1
176 172 280 279
-1 96 160 159
163 159 282 281
175 171 292 291
178 120 176 175
187 111 184 183
188 112 186 185
193 113 190 189
194 114 192 191
199 117 196 195
200 118 198 197
-1 152 256 255
164 160 284 283
-1 276 340 339
293 281 174 173
-1 291 294 293
-1 292 298 297
294 283 296 295
298 284 300 299
297 282 290 289
-1 258 260 259
-1 256 336 335
259 255 334 333
-1 340 366 365
365 333 358 357
366 334 364 363
337 335 354 353
338 336 360 359
-1 260 338 337
357 353 -1 355
358 354 -1 356
363 359 -1 361
364 360 -1 362
