0 0 -1 41
0 0 -1 44
0 0 50 49
0 0 54 53
0 0 100 99
0 0 102 101
0 0 104 103
0 0 106 105
0 0 299 298
0 0 301 300
0 0 303 302
0 0 305 304
0 0 307 306
0 0 309 308
0 0 311 310
0 0 313 312
0 0 -1 336
0 0 -1 339
368 0 343 342
0 0 347 346
44 41 43 42
53 49 -1 51
54 50 -1 52
101 99 64 63
105 103 68 67
102 100 82 81
106 104 86 85
300 298 202 201
304 302 206 205
308 306 208 207
312 310 212 211
301 299 264 263
305 303 266 265
309 307 268 267
313 311 270 269
339 336 338 337
346 342 -1 344
347 343 -1 345
51 42 46 45
52 43 48 47
67 63 -1 65
68 64 -1 66
85 81 -1 83
86 82 -1 84
266 264 166 165
270 268 168 167
205 201 180 179
211 207 182 181
206 202 204 203
212 208 210 209
265 263 238 237
269 267 240 239
344 337 281 280
345 338 341 340
65 45 56 55
66 46 58 57
83 47 60 59
84 48 62 61
181 179 116 115
182 180 122 121
209 203 128 127
210 204 134 133
167 165 138 137
239 237 150 149
240 238 155 154
168 166 162 161
348 280 170 169
352 340 321 320
353 341 327 326
349 281 283 282
137 93 108 107
73 55 70 69
74 56 72 71
79 57 76 75
80 58 78 77
97 61 94 93
173 169 140 139
138 94 136 135
91 59 88 87
92 60 90 89
98 62 96 95
122 72 120 119
115 69 112 111
116 70 114 113
121 71 118 117
127 75 124 123
128 76 126 125
133 77 130 129
134 78 132 131
149 87 146 145
150 88 148 147
323 155 -1 156
154 89 152 151
161 95 158 157
-1 162 164 163
174 170 172 171
321 291 297 296
320 290 315 314
327 295 317 316
326 294 319 318
285 283 323 322
284 282 325 324
109 107 74 73
110 108 80 79
141 135 92 91
142 136 98 97
143 139 110 109
177 119 144 143
144 140 142 141
296 183 178 177
314 185 188 187
315 186 194 193
297 184 200 199
218 123 1 1
217 124 1 1
318 191 218 217
224 125 1 1
223 126 1 1
319 192 224 223
230 129 1 1
229 130 1 1
316 189 230 229
236 131 1 1
235 132 1 1
317 190 236 235
246 145 1 1
245 146 1 1
324 197 246 245
252 147 1 1
251 148 1 1
325 198 252 251
196 90 -1 153
262 151 1 1
261 152 1 1
322 195 262 261
275 157 -1 271
274 158 1 1
176 172 275 274
-1 96 160 159
163 159 277 276
175 171 287 286
178 120 176 175
187 111 184 183
188 112 186 185
193 113 190 189
194 114 192 191
199 117 196 195
200 118 198 197
-1 156 256 255
164 160 279 278
-1 271 335 334
288 276 174 173
-1 286 289 288
-1 287 293 292
289 278 291 290
293 279 295 294
292 277 285 284
-1 153 254 253
332 256 -1 333
-1 255 332 331
367 334 -1 366
-1 335 368 367
329 254 -1 330
333 330 361 360
331 328 363 362
-1 253 329 328
-1 366 365 364
364 362 351 350
365 363 355 354
-1 360 357 356
-1 361 359 358
356 350 -1 348
358 351 -1 349
357 354 -1 352
359 355 -1 353
