0 0 42 41
0 0 46 45
0 0 54 53
0 0 56 55
0 0 66 65
0 0 70 69
0 0 78 77
0 0 80 79
0 0 96 95
0 0 100 99
0 0 108 107
0 0 110 109
0 0 112 111
0 0 114 113
0 0 116 115
0 0 120 119
147 0 128 127
0 0 130 129
0 0 132 131
0 0 134 133
53 41 -1 43
55 45 -1 47
59 42 -1 44
61 46 -1 48
54 44 -1 51
56 48 -1 52
77 65 -1 67
79 69 -1 71
143 66 -1 68
83 70 -1 72
78 68 -1 75
80 72 -1 76
107 95 -1 97
109 99 -1 101
111 96 -1 98
113 100 -1 102
112 97 -1 103
114 101 -1 104
108 98 -1 105
110 102 -1 106
127 115 -1 117
129 119 -1 121
131 116 -1 118
133 120 -1 122
132 117 -1 123
134 121 -1 124
128 118 -1 125
130 122 -1 126
84 71 -1 74
60 43 -1 49
62 47 -1 50
145 67 -1 73
105 49 -1 57
106 50 -1 58
125 73 -1 81
126 74 -1 82
103 51 -1 63
104 52 -1 64
123 75 -1 85
124 76 -1 86
64 63 92 91
86 85 94 93
58 57 88 87
82 81 90 89
94 91 136 135
93 92 138 1
90 87 1 1
89 88 1 1
-1 138 148 147
-1 135 144 143
-1 136 146 145
-1 148 84 83
-1 144 60 59
-1 146 62 61
