0 0 -1 41
0 0 -1 44
0 0 50 49
0 0 54 53
0 0 97 96
0 0 99 98
0 0 101 100
0 0 103 102
0 0 157 156
0 0 159 158
0 0 161 160
0 0 163 162
0 0 167 166
0 0 171 170
0 0 175 174
0 0 -1 176
0 0 -1 177
0 0 -1 178
0 0 -1 179
182 0 -1 180
44 41 43 42
53 49 -1 51
54 50 -1 52
98 96 63 62
102 100 69 68
99 97 81 80
103 101 86 85
158 156 113 112
162 160 119 118
159 157 139 138
163 161 143 142
178 78 -1 110
179 79 -1 111
180 128 -1 150
170 166 -1 168
171 167 -1 169
174 154 -1 172
175 155 -1 173
176 132 -1 152
177 135 -1 153
51 42 46 45
52 43 48 47
68 62 -1 64
69 63 -1 65
85 80 -1 82
86 81 -1 83
152 58 -1 78
150 67 -1 79
118 112 -1 114
119 113 -1 115
153 123 -1 126
142 138 -1 140
143 139 -1 141
111 110 149 148
172 168 -1 164
173 169 -1 165
64 45 56 55
120 115 75 74
-1 46 58 57
-1 65 67 66
141 48 -1 61
145 82 -1 84
83 47 60 59
144 140 95 94
164 148 125 124
-1 114 117 116
165 149 147 146
127 126 129 128
181 129 -1 151
151 117 -1 127
75 55 1 1
74 56 1 1
95 59 -1 91
94 60 1 1
66 57 77 76
122 116 109 108
124 104 -1 120
125 105 -1 121
-1 61 88 87
-1 84 90 89
146 106 -1 144
147 107 -1 145
-1 91 137 136
108 76 105 104
-1 121 123 122
109 77 107 106
131 88 -1 132
134 90 -1 135
-1 87 131 130
-1 89 134 133
183 136 -1 181
-1 137 183 182
133 130 155 154
