0 0 -1 41
0 0 -1 44
0 0 50 49
0 0 54 53
0 0 102 101
0 0 104 103
0 0 106 105
0 0 108 107
0 0 162 161
0 0 164 163
0 0 166 165
0 0 168 167
0 0 172 171
0 0 176 175
0 0 180 179
0 0 -1 181
0 0 -1 182
0 0 -1 183
0 0 -1 184
188 0 -1 185
44 41 43 42
53 49 -1 51
54 50 -1 52
103 101 64 63
107 105 70 69
104 102 82 81
108 106 86 85
163 161 118 117
167 165 124 123
164 162 144 143
168 166 148 147
183 79 -1 115
184 80 -1 116
185 133 -1 155
175 171 -1 173
176 172 -1 174
179 159 -1 177
180 160 -1 178
181 137 -1 157
182 140 -1 158
51 42 46 45
52 43 48 47
69 63 -1 65
70 64 -1 66
85 81 -1 83
86 82 -1 84
157 58 -1 79
155 68 -1 80
123 117 -1 119
124 118 -1 120
158 128 -1 131
147 143 -1 145
148 144 -1 146
116 115 154 153
177 173 -1 169
178 174 -1 170
65 45 56 55
125 120 76 75
-1 46 58 57
-1 66 68 67
83 47 60 59
149 145 92 91
84 48 62 61
150 146 100 99
169 153 130 129
-1 119 122 121
170 154 152 151
132 131 134 133
186 134 -1 156
156 122 -1 132
76 55 1 1
75 56 1 1
91 59 1 1
100 61 96 1
99 62 1 1
67 57 78 77
127 121 114 113
129 109 -1 125
130 110 -1 126
-1 60 90 89
-1 92 94 93
151 111 -1 149
152 112 -1 150
-1 96 142 141
113 77 110 109
-1 126 128 127
114 78 112 111
136 90 -1 137
139 94 -1 140
-1 89 136 135
-1 93 139 138
-1 142 188 187
187 141 -1 186
138 135 160 159
