0 0 6 5
110 0 38 37
11 5 8 7
37 35 22 21
14 6 10 9
38 36 32 31
-1 7 18 17
-1 21 24 23
-1 8 20 19
-1 22 26 25
31 9 28 27
-1 10 30 29
-1 32 34 33
23 17 40 39
24 18 42 41
25 19 44 43
26 20 46 45
51 27 48 47
52 28 50 49
92 30 -1 55
82 34 -1 56
33 29 54 53
78 49 52 51
85 39 1 1
83 40 1 1
86 41 1 1
84 42 1 1
89 43 1 1
87 44 1 1
90 45 1 1
88 46 1 1
79 47 74 73
77 48 76 75
101 53 -1 97
100 54 1 1
-1 50 92 91
-1 55 94 93
-1 56 96 95
-1 97 107 106
-1 73 84 83
-1 74 86 85
-1 75 88 87
-1 76 90 89
91 81 101 100
94 12 -1 13
96 15 -1 16
95 93 105 104
109 106 -1 108
-1 107 110 109
-1 104 12 11
-1 105 15 14
16 13 103 102
-1 108 36 35
-1 102 78 77
-1 103 80 79
-1 80 82 81
