0 0 6 5
124 0 42 41
11 5 8 7
41 39 24 23
15 6 10 9
42 40 34 33
-1 7 20 19
-1 23 26 25
-1 8 22 21
-1 24 28 27
-1 9 30 29
-1 33 36 35
-1 10 32 31
-1 34 38 37
25 19 44 43
26 20 46 45
27 21 48 47
28 22 50 49
35 29 52 51
36 30 54 53
114 32 -1 57
116 38 -1 58
37 31 56 55
98 43 1 1
92 44 1 1
99 45 1 1
93 46 1 1
112 47 1 1
110 48 1 1
113 49 1 1
111 50 1 1
100 51 1 1
94 52 1 1
101 53 1 1
95 54 1 1
117 55 -1 87
115 56 1 1
-1 57 84 83
-1 58 86 85
-1 87 121 120
86 84 103 102
85 83 119 118
123 120 -1 122
-1 121 124 123
-1 118 12 11
-1 119 16 15
102 12 14 13
-1 103 105 104
-1 122 40 39
-1 13 91 90
-1 14 97 96
104 18 107 106
105 17 109 108
-1 16 18 17
-1 90 93 92
-1 96 99 98
-1 91 95 94
-1 97 101 100
-1 106 111 110
-1 107 113 112
-1 108 115 114
-1 109 117 116
