234 0 6 5
0 0 12 11
11 5 8 7
12 6 10 9
-1 7 14 13
-1 8 16 15
39 9 18 17
-1 10 20 19
23 13 32 31
24 14 34 33
28 15 36 35
29 16 38 37
51 17 48 47
52 18 50 49
44 19 54 53
128 20 -1 55
56 55 140 139
109 31 78 77
111 32 80 79
110 33 82 81
112 34 84 83
113 35 86 85
115 36 88 87
114 37 90 89
116 38 92 91
129 49 126 125
123 47 120 119
124 48 122 121
-1 50 128 127
137 53 134 133
138 54 136 135
-1 139 64 63
-1 140 66 65
181 125 124 123
182 126 130 129
216 77 1 1
214 78 1 1
220 79 1 1
218 80 1 1
217 81 1 1
215 82 1 1
221 83 1 1
219 84 1 1
224 85 1 1
222 86 1 1
228 87 1 1
226 88 1 1
225 89 1 1
223 90 1 1
229 91 1 1
227 92 1 1
188 119 184 183
187 120 186 185
194 121 190 189
193 122 192 191
202 133 198 197
201 134 1 1
207 135 -1 203
206 136 1 1
131 127 196 195
-1 203 231 230
75 63 58 57
73 65 68 67
64 22 -1 25
66 27 -1 30
-1 197 146 145
-1 198 148 147
-1 130 132 131
210 195 202 201
211 196 207 206
-1 185 215 214
-1 186 217 216
-1 183 219 218
-1 184 221 220
-1 191 223 222
-1 192 225 224
-1 189 227 226
-1 190 229 228
233 230 -1 232
145 105 94 93
147 106 108 107
-1 231 234 233
-1 57 22 21
-1 58 27 26
-1 67 40 39
-1 68 43 42
-1 146 100 99
-1 148 104 103
132 45 -1 56
-1 25 60 59
-1 30 62 61
-1 232 106 105
107 104 52 51
99 94 98 97
103 93 96 95
-1 108 118 117
74 40 -1 41
76 43 -1 46
-1 21 24 23
-1 26 29 28
-1 42 45 44
-1 100 102 101
69 59 182 181
71 61 188 187
70 60 194 193
-1 62 213 212
-1 97 110 109
-1 98 112 111
-1 95 114 113
-1 96 116 115
117 101 138 137
209 118 -1 141
-1 41 70 69
-1 46 72 71
213 102 -1 142
212 208 211 210
142 141 144 143
-1 72 209 208
-1 143 74 73
-1 144 76 75
