231 0 6 5
0 0 12 11
11 5 8 7
12 6 10 9
-1 7 14 13
-1 8 16 15
41 9 18 17
-1 10 20 19
23 13 34 33
24 14 36 35
29 15 38 37
30 16 40 39
55 17 52 51
56 18 54 53
47 19 58 57
48 20 60 59
152 57 62 61
72 52 78 77
75 53 84 83
71 51 94 93
136 33 105 104
138 34 107 106
137 35 109 108
139 36 111 110
140 37 113 112
142 38 115 114
141 39 117 116
143 40 119 118
-1 54 147 146
153 58 151 150
89 60 -1 101
156 59 155 154
68 61 64 63
67 62 66 65
83 26 72 71
84 32 76 75
170 104 1 1
169 105 1 1
176 106 1 1
175 107 1 1
182 108 1 1
181 109 1 1
188 110 1 1
187 111 1 1
194 112 1 1
193 113 1 1
200 114 1 1
199 115 1 1
206 116 1 1
205 117 1 1
212 118 1 1
211 119 1 1
150 103 1 1
151 102 1 1
158 101 222 221
154 100 224 1
155 99 1 1
-1 94 98 97
-1 93 96 95
-1 78 82 81
-1 77 80 79
148 146 214 213
149 147 216 215
-1 224 232 231
214 157 -1 158
-1 63 22 21
-1 64 28 27
-1 65 42 41
-1 66 46 45
215 86 68 67
97 91 170 169
95 87 176 175
98 92 182 181
96 88 188 187
81 73 194 193
79 69 200 199
82 74 206 205
80 70 212 211
-1 76 149 148
216 90 103 102
213 85 100 99
-1 221 228 227
-1 222 230 229
-1 232 133 132
-1 21 24 23
-1 27 30 29
-1 45 48 47
-1 22 26 25
-1 28 32 31
-1 42 44 43
-1 46 50 49
227 162 -1 159
229 164 -1 160
-1 228 162 161
-1 230 164 163
161 132 121 120
163 133 135 134
-1 43 86 85
-1 49 90 89
-1 159 127 126
-1 160 131 130
-1 50 92 91
-1 44 88 87
-1 31 74 73
-1 25 70 69
134 131 56 55
126 121 125 124
130 120 123 122
-1 135 145 144
-1 127 129 128
-1 124 137 136
-1 125 139 138
-1 122 141 140
-1 123 143 142
144 128 153 152
145 129 157 156
