262 0 6 5
0 0 12 11
11 5 8 7
12 6 10 9
-1 7 14 13
-1 8 16 15
-1 9 18 17
-1 10 20 19
23 13 32 31
24 14 34 33
28 15 36 35
29 16 38 37
41 17 50 49
42 18 52 51
46 19 54 53
202 20 -1 55
56 55 132 131
111 31 78 77
113 32 80 79
112 33 82 81
114 34 84 83
115 35 86 85
117 36 88 87
116 37 90 89
118 38 92 91
133 49 120 119
135 50 122 121
134 51 124 123
136 52 126 125
137 53 128 127
140 54 130 129
-1 131 64 63
-1 132 66 65
212 77 1 1
210 78 1 1
216 79 1 1
214 80 1 1
213 81 1 1
211 82 1 1
217 83 1 1
215 84 1 1
220 85 1 1
218 86 1 1
224 87 1 1
222 88 1 1
221 89 1 1
219 90 1 1
225 91 1 1
223 92 1 1
248 119 1 1
246 120 1 1
228 121 1 1
226 122 1 1
209 127 196 195
207 128 1 1
205 129 -1 199
203 130 1 1
227 123 188 187
229 124 190 189
247 125 192 191
249 126 194 193
-1 199 259 258
75 63 58 57
73 65 68 67
64 22 -1 25
66 27 -1 30
-1 195 144 143
-1 196 146 145
235 187 231 230
234 188 233 232
241 189 237 236
240 190 239 238
243 191 251 250
242 192 253 252
245 193 255 254
244 194 257 256
261 258 -1 260
143 107 94 93
145 108 110 109
-1 259 262 261
-1 57 22 21
-1 58 27 26
-1 67 40 39
-1 68 45 44
-1 144 100 99
-1 146 104 103
-1 254 203 202
-1 255 205 204
-1 256 207 206
-1 257 209 208
-1 232 211 210
-1 233 213 212
-1 230 215 214
-1 231 217 216
-1 238 219 218
-1 239 221 220
-1 236 223 222
-1 237 225 224
-1 250 227 226
-1 251 229 228
-1 30 62 61
-1 25 60 59
-1 252 247 246
-1 253 249 248
-1 260 108 107
99 94 98 97
103 93 96 95
110 100 102 101
109 104 106 105
206 138 -1 139
208 141 -1 142
74 40 -1 43
76 45 -1 48
-1 21 24 23
-1 26 29 28
-1 39 42 41
-1 44 47 46
204 47 -1 56
71 61 235 234
69 59 241 240
72 62 243 242
70 60 245 244
-1 97 112 111
-1 98 114 113
-1 95 116 115
-1 96 118 117
-1 101 134 133
-1 102 136 135
-1 105 138 137
-1 106 141 140
-1 139 74 73
-1 142 76 75
-1 48 72 71
-1 43 70 69
