259 0 6 5
0 0 12 11
11 5 8 7
12 6 10 9
-1 7 14 13
-1 8 16 15
-1 9 18 17
-1 10 20 19
23 13 32 31
24 14 34 33
28 15 36 35
29 16 38 37
41 17 50 49
42 18 52 51
46 19 54 53
203 20 -1 55
56 55 132 131
111 31 78 77
113 32 80 79
112 33 82 81
114 34 84 83
115 35 86 85
117 36 88 87
116 37 90 89
118 38 92 91
133 49 120 119
135 50 122 121
134 51 124 123
136 52 126 125
137 53 128 127
140 54 130 129
-1 131 64 63
-1 132 66 65
213 77 1 1
211 78 1 1
217 79 1 1
215 80 1 1
214 81 1 1
212 82 1 1
218 83 1 1
216 84 1 1
221 85 1 1
219 86 1 1
225 87 1 1
223 88 1 1
222 89 1 1
220 90 1 1
226 91 1 1
224 92 1 1
249 119 1 1
247 120 1 1
229 121 1 1
227 122 1 1
210 127 196 195
208 128 1 1
206 129 200 1
204 130 1 1
228 123 188 187
230 124 190 189
248 125 192 191
250 126 194 193
-1 200 260 259
75 63 58 57
73 65 68 67
64 22 -1 25
66 27 -1 30
-1 195 144 143
-1 196 146 145
236 187 232 231
235 188 234 233
242 189 238 237
241 190 240 239
244 191 252 251
243 192 254 253
246 193 256 255
245 194 258 257
-1 260 108 107
143 107 94 93
145 108 110 109
-1 57 22 21
-1 58 27 26
-1 67 40 39
-1 68 45 44
-1 144 100 99
-1 146 104 103
-1 255 204 203
-1 256 206 205
-1 257 208 207
-1 258 210 209
-1 233 212 211
-1 234 214 213
-1 231 216 215
-1 232 218 217
-1 239 220 219
-1 240 222 221
-1 237 224 223
-1 238 226 225
-1 251 228 227
-1 252 230 229
-1 30 62 61
-1 25 60 59
-1 253 248 247
-1 254 250 249
99 94 98 97
103 93 96 95
110 100 102 101
109 104 106 105
207 138 -1 139
209 141 -1 142
74 40 -1 43
76 45 -1 48
-1 21 24 23
-1 26 29 28
-1 39 42 41
-1 44 47 46
205 47 -1 56
71 61 236 235
69 59 242 241
72 62 244 243
70 60 246 245
-1 97 112 111
-1 98 114 113
-1 95 116 115
-1 96 118 117
-1 101 134 133
-1 102 136 135
-1 105 138 137
-1 106 141 140
-1 139 74 73
-1 142 76 75
-1 48 72 71
-1 43 70 69
