371 0 6 5
0 0 12 11
11 5 8 7
12 6 10 9
21 7 14 13
25 8 16 15
49 9 18 17
53 10 20 19
-1 13 30 29
-1 14 32 31
-1 15 40 39
-1 16 42 41
61 17 58 57
62 18 60 59
67 19 64 63
-1 20 66 65
81 57 88 87
85 59 94 93
82 58 104 103
86 60 110 109
35 29 116 115
36 30 118 117
37 31 120 119
38 32 122 121
45 39 124 123
46 40 126 125
47 41 128 127
48 42 130 129
-1 63 140 139
-1 64 142 141
69 65 148 147
70 66 150 149
217 147 72 71
93 24 82 81
94 28 86 85
109 56 102 101
-1 87 90 89
-1 88 92 91
-1 103 106 105
-1 104 108 107
-1 110 112 111
161 115 158 157
162 116 160 159
167 117 164 163
168 118 166 165
173 119 170 169
174 120 172 171
179 121 176 175
180 122 178 177
185 123 182 181
186 124 184 183
191 125 188 187
192 126 190 189
197 127 194 193
198 128 196 195
203 129 200 199
204 130 202 201
143 139 206 205
144 140 208 207
145 141 210 209
-1 142 212 211
218 148 216 215
304 150 -1 221
222 149 220 219
78 71 74 73
77 72 76 75
89 79 162 161
90 80 168 167
91 83 174 173
92 84 180 179
105 95 186 185
106 96 192 191
107 99 198 197
108 100 204 203
-1 101 144 143
-1 102 146 145
111 97 218 217
112 98 223 222
337 157 1 1
335 158 1 1
341 159 1 1
339 160 1 1
338 163 1 1
336 164 1 1
342 165 1 1
340 166 1 1
345 169 1 1
343 170 1 1
349 171 1 1
347 172 1 1
346 175 1 1
344 176 1 1
350 177 1 1
348 178 1 1
353 181 1 1
351 182 1 1
357 183 1 1
355 184 1 1
354 187 1 1
352 188 1 1
358 189 1 1
356 190 1 1
361 193 1 1
359 194 1 1
365 195 1 1
363 196 1 1
362 199 282 281
360 200 284 283
366 201 286 285
364 202 288 287
309 205 290 289
307 206 292 291
308 207 294 293
302 209 298 297
301 210 300 299
-1 208 296 295
326 215 1 1
325 216 1 1
224 221 328 327
334 219 330 1
333 220 1 1
213 211 304 303
214 212 306 305
-1 330 372 371
-1 73 22 21
-1 74 26 25
-1 75 50 49
-1 76 54 53
319 305 78 77
311 295 302 301
-1 146 214 213
-1 293 308 307
-1 294 310 309
-1 296 314 313
320 306 326 325
318 223 -1 224
317 303 334 333
-1 291 336 335
-1 292 338 337
-1 289 340 339
-1 290 342 341
-1 299 344 343
-1 300 346 345
-1 297 348 347
-1 298 350 349
-1 283 352 351
-1 284 354 353
-1 281 356 355
-1 282 358 357
-1 287 360 359
-1 288 362 361
-1 285 364 363
-1 286 366 365
-1 327 368 367
-1 328 370 369
-1 372 136 135
-1 22 24 23
-1 26 28 27
-1 50 52 51
-1 54 56 55
367 154 -1 151
369 156 -1 152
-1 368 154 153
-1 370 156 155
-1 310 312 311
315 313 318 317
316 314 320 319
153 135 114 113
155 136 138 137
-1 151 132 131
-1 152 134 133
-1 23 80 79
-1 27 84 83
-1 51 96 95
-1 55 100 99
-1 52 98 97
-1 312 316 315
131 113 34 33
133 114 44 43
137 132 62 61
138 134 68 67
-1 33 36 35
-1 34 38 37
-1 43 46 45
-1 44 48 47
-1 68 70 69
