0 0 -1 42
0 0 -1 45
0 0 51 50
0 0 55 54
0 0 105 104
0 0 107 106
0 0 109 108
0 0 111 110
0 0 165 164
0 0 167 166
0 0 169 168
0 0 171 170
0 0 -1 174
0 0 -1 175
0 0 -1 176
0 0 -1 177
0 0 181 180
0 0 185 184
0 0 -1 186
0 0 -1 187
45 42 44 43
54 50 -1 52
55 51 -1 53
106 104 65 64
110 108 71 70
107 105 85 84
111 109 89 88
166 164 119 118
170 168 125 124
167 165 147 146
171 169 151 150
174 80 -1 116
175 83 -1 117
176 136 -1 144
177 139 -1 145
186 162 -1 178
187 163 -1 179
184 180 -1 182
185 181 -1 183
52 43 47 46
53 44 49 48
70 64 -1 66
71 65 -1 67
88 84 -1 86
89 85 -1 87
124 118 -1 120
125 119 -1 121
150 146 -1 148
151 147 -1 149
144 79 -1 114
178 82 -1 115
145 135 -1 142
179 138 -1 143
117 116 161 160
182 158 -1 172
183 159 -1 173
66 46 57 56
128 121 77 76
-1 47 59 58
-1 67 69 68
86 48 61 60
154 148 95 94
87 49 63 62
155 149 103 102
172 160 127 126
-1 120 123 122
173 161 153 152
115 114 159 158
143 142 163 162
77 56 1 1
76 57 1 1
94 60 1 1
103 62 1 1
102 63 1 1
-1 58 79 78
-1 68 82 81
92 59 -1 80
96 69 -1 83
132 126 -1 128
133 127 -1 129
-1 122 138 137
123 97 -1 139
-1 61 93 92
-1 95 97 96
156 152 -1 154
157 153 -1 155
-1 129 131 130
131 93 -1 136
81 78 113 112
137 134 141 140
140 112 133 132
-1 130 135 134
141 113 157 156
