0 0 43 42
0 0 47 46
0 0 55 54
0 0 57 56
0 0 69 68
0 0 73 72
0 0 81 80
0 0 83 82
0 0 87 86
0 0 89 88
0 0 105 104
0 0 109 108
0 0 117 116
0 0 119 118
0 0 123 122
0 0 125 124
0 0 131 130
0 0 134 133
0 0 141 140
0 0 143 142
54 42 -1 44
56 46 -1 48
60 43 -1 45
63 47 -1 49
86 44 -1 50
88 48 -1 51
55 45 -1 52
57 49 -1 53
80 68 -1 70
82 72 -1 74
87 69 -1 71
89 73 -1 75
81 71 -1 78
83 75 -1 79
116 104 -1 106
118 108 -1 110
122 105 -1 107
124 109 -1 111
123 106 -1 112
125 110 -1 113
117 107 -1 114
119 111 -1 115
130 97 -1 98
133 100 -1 101
140 98 -1 128
142 101 -1 129
141 61 -1 62
143 64 -1 65
131 62 -1 132
134 65 -1 135
96 70 -1 76
99 74 -1 77
51 50 59 58
53 52 67 66
79 78 91 90
113 112 121 120
129 128 137 136
115 114 127 126
135 132 145 144
-1 121 61 60
-1 137 64 63
77 76 85 84
-1 67 97 96
-1 91 100 99
136 120 139 138
90 66 103 102
144 126 147 146
85 59 95 94
145 127 149 148
84 58 93 92
138 103 1 1
139 102 1 1
146 95 1 1
147 94 1 1
148 93 1 1
149 92 1 1
