0 0 -1 42
0 0 -1 45
0 0 51 50
0 0 55 54
0 0 92 91
0 0 94 93
0 0 96 95
0 0 98 97
0 0 169 168
0 0 173 172
0 0 175 174
0 0 179 178
0 0 245 244
0 0 249 248
0 0 255 254
0 0 257 256
0 0 265 264
0 0 267 266
0 0 269 268
0 0 271 270
45 42 44 43
54 50 -1 52
55 51 -1 53
93 91 65 64
97 95 69 68
94 92 78 77
98 96 82 81
172 168 165 164
178 174 167 166
173 169 171 170
179 175 177 176
248 244 227 226
256 254 231 230
266 264 233 232
270 268 237 236
249 245 247 246
257 255 253 252
267 265 259 258
271 269 263 262
52 43 47 46
53 44 49 48
68 64 -1 66
69 65 -1 67
81 77 -1 79
82 78 -1 80
166 164 104 103
167 165 123 122
176 170 141 140
177 171 157 156
230 226 -1 228
231 227 -1 229
236 232 -1 234
237 233 -1 235
252 246 -1 250
253 247 -1 251
262 258 -1 260
263 259 -1 261
66 46 57 56
67 47 59 58
79 48 61 60
80 49 63 62
103 99 -1 101
104 100 -1 102
122 117 -1 119
123 118 -1 120
140 134 -1 136
141 135 -1 137
156 152 -1 154
157 153 -1 155
235 229 163 162
260 250 181 180
261 251 189 188
234 228 203 202
101 56 71 70
184 180 110 109
102 57 73 72
185 181 116 115
189 59 -1 76
199 119 -1 121
120 58 75 74
198 188 133 132
136 60 84 83
216 202 147 146
-1 61 86 85
-1 137 139 138
154 62 88 87
222 162 159 158
155 63 90 89
223 163 161 160
-1 203 205 204
158 87 100 99
110 70 1 1
109 71 1 1
116 72 1 1
115 73 1 1
159 88 118 117
133 74 1 1
132 75 1 1
160 89 135 134
147 83 143 1
146 84 1 1
161 90 153 152
-1 76 125 124
-1 121 127 126
138 85 149 148
218 204 209 208
139 86 151 150
219 205 215 214
-1 143 207 206
209 149 183 182
208 148 197 196
215 151 213 212
214 150 211 210
191 125 -1 192
194 127 -1 195
-1 124 191 190
-1 126 194 193
241 207 187 186
240 206 221 220
186 182 -1 184
187 183 -1 185
200 196 -1 198
201 197 -1 199
220 212 -1 216
221 213 -1 217
224 210 -1 222
225 211 -1 223
193 190 243 242
195 192 273 272
243 239 201 200
242 238 225 224
-1 217 219 218
-1 272 239 238
-1 273 241 240
