0 0 -1 42
0 0 -1 44
70 0 -1 48
73 0 -1 49
0 0 -1 54
0 0 -1 57
0 0 -1 120
0 0 -1 123
0 0 125 124
0 0 129 128
0 0 163 162
0 0 167 166
0 0 173 172
0 0 195 194
0 0 201 200
0 0 215 214
0 0 217 216
0 0 231 230
0 0 235 234
0 0 237 236
0 0 241 240
48 42 -1 43
49 44 -1 45
57 54 56 55
123 120 122 121
128 124 -1 126
129 125 -1 127
166 162 135 134
172 168 137 136
167 163 165 164
173 169 171 170
200 194 197 196
216 214 207 206
201 195 199 198
217 215 213 212
234 230 227 226
240 236 229 228
235 231 233 232
241 237 239 238
45 43 47 46
60 55 -1 58
61 56 -1 59
126 121 89 88
136 134 97 96
137 135 103 102
127 122 105 104
170 164 113 112
171 165 118 117
206 196 203 202
228 226 219 218
207 197 205 204
229 227 221 220
212 198 209 208
238 232 223 222
213 199 211 210
239 233 225 224
58 46 51 50
59 47 53 52
88 72 -1 90
89 75 -1 91
104 78 -1 106
105 81 -1 107
96 62 93 92
219 203 143 142
97 63 95 94
218 202 149 148
102 64 99 98
221 205 155 154
103 65 101 100
220 204 161 160
112 66 109 108
223 209 179 178
113 67 111 110
222 208 185 184
117 68 115 114
224 210 191 190
211 69 -1 116
225 118 -1 119
90 50 63 62
91 51 65 64
106 52 67 66
107 53 69 68
143 92 1 1
142 93 1 1
149 94 1 1
148 95 1 1
155 98 1 1
154 99 1 1
161 100 1 1
160 101 1 1
179 108 1 1
178 109 1 1
185 110 181 180
184 111 183 182
191 114 187 1
190 115 1 1
119 116 193 192
-1 187 169 168
-1 180 71 70
-1 181 74 73
-1 182 77 76
-1 183 80 79
-1 192 243 242
-1 193 245 244
82 76 -1 60
85 79 -1 61
-1 243 83 82
-1 245 86 85
130 71 -1 72
132 74 -1 75
131 77 -1 78
133 80 -1 81
242 83 -1 84
244 86 -1 87
-1 84 131 130
-1 87 133 132
