0 0 -1 42
0 0 -1 45
0 0 51 50
0 0 55 54
0 0 103 102
0 0 105 104
0 0 107 106
0 0 109 108
0 0 199 198
0 0 203 202
0 0 205 204
0 0 209 208
0 0 217 216
0 0 219 218
0 0 221 220
0 0 223 222
0 0 229 228
0 0 233 232
0 0 235 234
0 0 239 238
45 42 44 43
54 50 -1 52
55 51 -1 53
104 102 65 64
108 106 69 68
105 103 83 82
109 107 87 86
219 217 193 192
223 221 197 196
202 198 -1 200
203 199 -1 201
208 204 -1 206
209 205 -1 207
218 216 211 210
222 220 215 214
232 228 225 224
238 234 227 226
233 229 231 230
239 235 237 236
52 43 47 46
53 44 49 48
68 64 -1 66
69 65 -1 67
86 82 -1 84
87 83 -1 85
206 200 151 150
236 230 159 158
207 201 163 162
227 225 171 170
226 224 177 176
237 231 191 190
196 192 -1 194
197 193 -1 195
214 210 -1 212
215 211 -1 213
66 46 57 56
67 47 59 58
84 48 61 60
85 49 63 62
194 150 137 136
158 154 -1 156
159 155 -1 157
212 162 161 160
170 166 -1 168
171 167 -1 169
213 163 165 164
176 172 -1 174
177 173 -1 175
195 151 153 152
190 182 -1 186
191 183 -1 187
100 62 97 96
156 136 111 110
74 56 71 70
168 160 117 116
75 57 73 72
169 161 123 122
80 58 77 76
174 164 129 128
81 59 79 78
175 165 135 134
101 63 99 98
157 137 139 138
92 60 89 88
186 152 145 144
-1 61 91 90
-1 153 179 178
-1 187 189 188
110 96 75 74
111 97 81 80
138 98 93 92
139 99 101 100
117 70 1 1
116 71 1 1
123 72 1 1
122 73 1 1
129 76 1 1
128 77 1 1
135 78 1 1
134 79 1 1
145 88 1 1
144 89 1 1
94 90 147 146
188 178 181 180
95 91 149 148
189 179 185 184
-1 93 95 94
184 148 155 154
181 147 167 166
180 146 173 172
185 149 183 182
