0 0 43 42
0 0 49 48
0 0 69 68
0 0 81 80
0 0 83 82
0 0 85 84
0 0 91 90
0 0 105 104
0 0 111 110
0 0 125 124
0 0 127 126
0 0 133 132
0 0 153 152
0 0 165 164
0 0 167 166
0 0 169 168
0 0 175 174
0 0 189 188
0 0 191 190
0 0 197 196
48 42 45 44
49 43 47 46
68 62 65 64
82 80 73 72
69 63 67 66
83 81 79 78
90 84 87 86
124 98 97 96
91 85 89 88
125 99 103 102
110 104 107 106
111 105 109 108
132 126 129 128
133 127 131 130
152 146 149 148
166 164 157 156
153 147 151 150
167 165 163 162
174 168 171 170
188 182 181 180
175 169 173 172
189 183 187 186
196 190 193 192
197 191 195 194
72 64 63 62
102 88 99 98
156 148 147 146
186 172 183 182
54 44 51 50
55 45 53 52
73 65 71 70
60 46 57 56
78 66 75 74
61 47 59 58
79 67 77 76
103 89 101 100
122 108 119 118
97 87 95 94
117 107 115 114
96 86 93 92
116 106 113 112
123 109 121 120
138 128 135 134
139 129 137 136
157 149 155 154
144 130 141 140
162 150 159 158
145 131 143 142
163 151 161 160
187 173 185 184
208 194 205 204
181 171 179 178
203 193 201 200
180 170 177 176
202 192 199 198
209 195 207 206
210 50 55 54
211 51 61 60
301 121 117 116
300 120 123 122
334 134 139 138
335 135 145 144
337 207 203 202
336 206 209 208
74 56 211 210
70 52 213 212
118 100 227 226
71 53 215 214
119 101 233 232
75 57 217 216
114 94 239 238
76 58 219 218
115 95 245 244
77 59 221 220
112 92 251 250
160 142 315 314
201 179 317 316
154 136 319 318
204 184 321 320
161 143 323 322
198 176 325 324
159 141 327 326
200 178 329 328
155 137 331 330
205 185 333 332
113 93 301 300
158 140 335 334
199 177 337 336
226 212 223 222
333 331 257 256
227 213 225 224
329 327 263 262
232 214 229 228
317 315 269 268
233 215 231 230
321 319 275 274
238 216 235 234
316 314 281 280
239 217 237 236
320 318 287 286
244 218 241 240
324 322 293 292
245 219 243 242
325 323 299 298
250 220 247 246
328 326 307 306
251 221 249 248
332 330 313 312
257 222 1 1
256 223 1 1
263 224 1 1
262 225 1 1
269 228 1 1
268 229 1 1
275 230 1 1
274 231 1 1
281 234 1 1
280 235 1 1
287 236 1 1
286 237 1 1
293 240 1 1
292 241 1 1
299 242 1 1
298 243 1 1
307 246 1 1
306 247 1 1
313 248 1 1
312 249 1 1
