0 0 43 42
0 0 47 46
0 0 55 54
0 0 57 56
0 0 67 66
0 0 71 70
0 0 79 78
0 0 81 80
0 0 97 96
0 0 101 100
0 0 109 108
0 0 111 110
0 0 113 112
0 0 115 114
0 0 117 116
0 0 121 120
0 0 129 128
0 0 131 130
0 0 133 132
0 0 135 134
54 42 -1 44
56 46 -1 48
60 43 -1 45
62 47 -1 49
55 45 -1 52
57 49 -1 53
78 66 -1 68
80 70 -1 72
144 67 -1 69
84 71 -1 73
79 69 -1 76
81 73 -1 77
108 96 -1 98
110 100 -1 102
112 97 -1 99
114 101 -1 103
113 98 -1 104
115 102 -1 105
109 99 -1 106
111 103 -1 107
128 116 -1 118
130 120 -1 122
132 117 -1 119
134 121 -1 123
133 118 -1 124
135 122 -1 125
129 119 -1 126
131 123 -1 127
85 72 -1 75
61 44 -1 50
63 48 -1 51
146 68 -1 74
106 50 -1 58
107 51 -1 59
126 74 -1 82
127 75 -1 83
104 52 -1 64
105 53 -1 65
124 76 -1 86
125 77 -1 87
65 64 93 92
87 86 95 94
59 58 89 88
83 82 91 90
95 92 137 136
94 93 139 1
91 88 1 1
90 89 1 1
-1 139 85 84
-1 136 145 144
-1 137 147 146
-1 145 61 60
-1 147 63 62
