0 0 43 42
0 0 49 48
0 0 63 62
0 0 65 64
0 0 119 118
0 0 123 122
0 0 125 124
0 0 129 128
0 0 287 286
0 0 289 288
0 0 291 290
0 0 293 292
0 0 295 294
0 0 297 296
0 0 299 298
0 0 301 300
0 0 381 380
0 0 383 382
0 0 395 394
0 0 399 398
48 42 45 44
64 62 55 54
49 43 47 46
65 63 61 60
122 118 91 90
128 124 93 92
123 119 121 120
129 125 127 126
288 286 185 184
292 290 189 188
296 294 191 190
300 298 195 194
289 287 249 248
293 291 253 252
297 295 255 254
301 299 259 258
382 380 377 376
383 381 379 378
398 394 393 392
399 395 397 396
54 44 51 50
92 90 71 70
55 45 53 52
93 91 77 76
60 46 57 56
126 120 83 82
61 47 59 58
127 121 89 88
188 184 157 156
194 190 159 158
189 185 187 186
195 191 193 192
252 248 221 220
258 254 223 222
253 249 251 250
259 255 257 256
376 348 305 304
392 372 309 308
377 349 321 320
393 373 325 324
378 350 339 338
396 374 343 342
379 351 359 358
397 375 363 362
70 50 67 66
158 156 99 98
71 51 69 68
159 157 105 104
76 52 73 72
192 186 111 110
77 53 75 74
193 187 117 116
82 56 79 78
222 220 135 134
83 57 81 80
223 221 141 140
88 58 85 84
256 250 147 146
89 59 87 86
257 251 155 154
308 304 303 302
309 305 307 306
324 320 319 318
325 321 323 322
342 338 337 336
343 339 341 340
362 358 345 344
363 359 361 360
98 66 95 94
310 302 165 164
99 67 97 96
312 303 171 170
104 68 101 100
314 306 177 176
105 69 103 102
316 307 183 182
110 72 107 106
326 318 201 200
111 73 109 108
328 319 207 206
116 74 113 112
332 322 213 212
117 75 115 114
334 323 219 218
134 78 131 130
336 311 229 228
135 79 133 132
337 313 235 234
140 80 137 136
340 315 241 240
141 81 139 138
341 317 247 246
146 84 143 142
344 327 265 264
-1 85 145 144
-1 147 149 148
154 86 151 150
360 333 277 276
155 87 153 152
361 335 285 284
-1 345 347 346
165 94 1 1
164 95 1 1
171 96 1 1
170 97 1 1
177 100 1 1
176 101 1 1
183 102 1 1
182 103 1 1
201 106 1 1
200 107 1 1
207 108 1 1
206 109 1 1
213 112 1 1
212 113 1 1
219 114 1 1
218 115 1 1
229 130 1 1
228 131 1 1
235 132 1 1
234 133 1 1
241 136 1 1
240 137 1 1
247 138 1 1
246 139 1 1
265 142 1 1
264 143 1 1
276 150 1 1
285 152 1 1
284 153 1 1
148 144 267 266
346 330 353 352
-1 145 269 268
-1 149 271 270
-1 347 365 364
-1 151 275 274
-1 277 279 278
352 266 349 348
353 267 351 350
270 268 355 354
367 365 371 370
271 269 357 356
366 364 369 368
278 274 373 372
279 275 375 374
371 354 385 384
370 355 387 386
369 356 389 388
368 357 391 390
-1 386 311 310
-1 387 313 312
-1 384 315 314
-1 385 317 316
-1 390 327 326
-1 391 329 328
-1 388 333 332
-1 389 335 334
-1 329 331 330
-1 331 367 366
