0 0 -1 43
0 0 -1 46
0 0 52 51
0 0 56 55
0 0 94 93
0 0 96 95
0 0 98 97
0 0 100 99
0 0 174 173
0 0 178 177
0 0 180 179
0 0 184 183
209 0 248 247
0 0 250 249
0 0 254 253
0 0 260 259
0 0 262 261
0 0 270 269
0 0 272 271
0 0 274 273
0 0 276 275
46 43 45 44
55 51 -1 53
56 52 -1 54
95 93 66 65
99 97 70 69
96 94 80 79
100 98 84 83
177 173 170 169
183 179 172 171
178 174 176 175
184 180 182 181
253 249 230 229
261 259 234 233
271 269 236 235
275 273 240 239
247 243 242 241
254 250 252 251
262 260 258 257
272 270 264 263
276 274 268 267
248 244 246 245
53 44 48 47
54 45 50 49
69 65 -1 67
70 66 -1 68
83 79 -1 81
84 80 -1 82
171 169 106 105
172 170 124 123
181 175 146 145
182 176 162 161
246 198 192 191
245 197 204 203
242 196 224 223
241 195 228 227
233 229 -1 231
234 230 -1 232
239 235 -1 237
240 236 -1 238
257 251 -1 255
258 252 -1 256
267 263 -1 265
268 264 -1 266
67 47 58 57
68 48 60 59
81 49 62 61
82 50 64 63
105 101 -1 103
106 102 -1 104
123 119 -1 121
124 120 -1 122
145 139 -1 141
146 140 -1 142
161 157 -1 159
162 158 -1 160
238 232 168 167
265 255 186 185
191 187 -1 189
192 188 -1 190
266 256 194 193
203 199 -1 201
204 200 -1 202
237 231 206 205
223 215 -1 219
224 216 -1 220
227 213 -1 225
228 214 -1 226
103 57 72 71
189 185 112 111
104 58 74 73
190 186 118 117
121 59 76 75
201 193 130 129
122 60 78 77
202 194 138 137
141 61 86 85
219 205 152 151
-1 62 88 87
-1 142 144 143
159 63 90 89
225 167 164 163
160 64 92 91
226 168 166 165
-1 206 208 207
-1 220 222 221
163 89 102 101
112 71 1 1
111 72 1 1
118 73 1 1
117 74 1 1
164 90 120 119
129 75 1 1
138 77 1 1
137 78 1 1
165 91 140 139
152 85 148 1
151 86 1 1
166 92 158 157
-1 76 128 127
-1 130 132 131
143 87 154 153
221 207 212 211
144 88 156 155
222 208 218 217
-1 148 210 209
212 154 188 187
211 153 200 199
218 156 216 215
217 155 214 213
131 127 196 195
132 128 198 197
-1 210 244 243
