0 0 -1 43
0 0 -1 45
73 0 -1 49
76 0 -1 50
0 0 -1 55
0 0 -1 58
0 0 64 63
0 0 -1 117
0 0 -1 120
0 0 122 121
0 0 126 125
0 0 164 163
0 0 168 167
250 0 174 173
0 0 199 198
0 0 205 204
0 0 219 218
0 0 221 220
0 0 235 234
0 0 239 238
0 0 241 240
0 0 245 244
49 43 -1 44
50 45 -1 46
58 55 57 56
79 63 -1 61
82 64 -1 62
120 117 119 118
125 121 -1 123
126 122 -1 124
167 163 136 135
173 169 138 137
168 164 166 165
174 170 172 171
204 198 201 200
220 218 211 210
205 199 203 202
221 219 217 216
238 234 231 230
244 240 233 232
239 235 237 236
245 241 243 242
46 44 48 47
61 56 -1 59
62 57 -1 60
123 118 86 85
137 135 94 93
138 136 100 99
124 119 102 101
171 165 110 109
172 166 116 115
210 200 207 206
232 230 223 222
211 201 209 208
233 231 225 224
216 202 213 212
242 236 227 226
217 203 215 214
243 237 229 228
59 47 52 51
60 48 54 53
85 75 -1 87
86 78 -1 88
101 81 -1 103
102 84 -1 104
93 65 90 89
223 207 144 143
94 66 92 91
222 206 150 149
99 67 96 95
225 209 156 155
100 68 98 97
224 208 162 161
109 69 106 105
227 213 180 179
110 70 108 107
226 212 186 185
115 71 112 111
229 215 191 190
116 72 114 113
228 214 197 196
87 51 66 65
88 52 68 67
103 53 70 69
104 54 72 71
144 89 1 1
143 90 1 1
150 91 1 1
149 92 1 1
156 95 1 1
155 96 1 1
162 97 1 1
161 98 1 1
180 105 1 1
179 106 1 1
186 107 182 181
185 108 184 183
191 111 -1 187
190 112 1 1
197 113 1 1
196 114 1 1
-1 187 247 246
-1 181 128 127
-1 182 130 129
-1 183 132 131
-1 184 134 133
249 246 -1 248
-1 247 250 249
-1 128 74 73
-1 130 77 76
-1 132 80 79
-1 134 83 82
127 74 -1 75
129 77 -1 78
131 80 -1 81
133 83 -1 84
-1 248 170 169
