0 0 50 49
0 0 62 61
0 0 64 63
0 0 66 65
0 0 72 71
0 0 86 85
0 0 94 93
0 0 106 105
0 0 108 107
0 0 110 109
0 0 116 115
0 0 130 129
0 0 138 137
0 0 150 149
0 0 152 151
0 0 154 153
0 0 160 159
0 0 174 173
0 0 182 181
318 0 194 193
0 0 196 195
49 43 46 45
64 62 54 53
50 44 48 47
63 61 60 59
71 65 68 67
86 80 78 77
72 66 70 69
85 79 84 83
94 88 92 91
107 105 98 97
93 87 90 89
108 106 104 103
115 109 112 111
130 118 122 121
116 110 114 113
129 117 128 127
137 131 134 133
152 150 142 141
138 132 136 135
151 149 148 147
159 153 156 155
174 168 166 165
160 154 158 157
173 167 172 171
182 176 180 179
195 193 186 185
181 175 178 177
196 194 192 191
53 45 44 43
83 69 80 79
97 91 88 87
121 111 118 117
141 133 132 131
171 157 168 167
185 179 176 175
54 46 52 51
77 67 74 73
59 47 56 55
127 113 124 123
60 48 58 57
128 114 126 125
104 90 102 101
122 112 120 119
78 68 76 75
103 89 100 99
84 70 82 81
98 92 96 95
142 134 140 139
165 155 162 161
147 135 144 143
148 136 146 145
192 178 190 189
166 156 164 163
191 177 188 187
172 158 170 169
186 180 184 183
73 51 220 219
119 101 234 233
74 52 222 221
120 102 240 239
123 55 224 223
99 75 246 245
124 56 226 225
100 76 252 251
125 57 228 227
95 81 258 257
126 58 230 229
96 82 264 263
217 145 276 275
183 169 278 277
218 146 280 279
184 170 282 281
215 143 284 283
187 163 286 285
161 139 303 302
211 189 305 304
162 140 307 306
212 190 309 308
216 144 311 310
188 164 313 312
275 219 -1 231
277 233 -1 235
279 220 -1 232
281 234 -1 236
276 221 -1 237
278 239 -1 241
283 222 -1 238
285 240 -1 242
302 223 -1 243
304 245 -1 247
306 224 -1 244
308 246 -1 248
307 225 -1 249
309 251 -1 253
303 226 -1 250
305 252 -1 254
310 227 -1 255
312 257 -1 259
280 228 -1 256
282 258 -1 260
284 229 -1 261
286 263 -1 265
311 230 -1 262
313 264 -1 266
235 231 1 1
236 232 1 1
241 237 1 1
242 238 1 1
247 243 1 1
248 244 1 1
253 249 1 1
254 250 1 1
259 255 1 1
260 256 298 297
265 261 1 1
266 262 -1 301
-1 301 315 314
-1 297 204 203
-1 298 208 207
317 314 -1 316
203 197 200 199
207 198 202 201
213 204 206 205
214 208 210 209
-1 315 318 317
-1 316 198 197
206 200 214 213
209 201 216 215
210 202 218 217
205 199 212 211
