0 0 50 49
0 0 62 61
0 0 64 63
0 0 66 65
0 0 72 71
0 0 86 85
0 0 94 93
0 0 106 105
0 0 108 107
0 0 110 109
0 0 116 115
0 0 130 129
0 0 138 137
0 0 150 149
0 0 152 151
0 0 154 153
0 0 160 159
0 0 172 171
0 0 178 177
334 0 192 191
0 0 198 197
49 43 46 45
64 62 54 53
50 44 48 47
63 61 60 59
71 65 68 67
86 80 78 77
72 66 70 69
85 79 84 83
94 88 92 91
107 105 98 97
93 87 90 89
108 106 104 103
115 109 112 111
130 118 122 121
116 110 114 113
129 117 128 127
137 131 134 133
152 150 142 141
138 132 136 135
151 149 148 147
159 153 156 155
160 154 158 157
177 171 174 173
178 172 176 175
197 191 194 193
198 192 196 195
53 45 44 43
83 69 80 79
97 91 88 87
121 111 118 117
141 133 132 131
148 136 146 145
142 134 140 139
54 46 52 51
77 67 74 73
59 47 56 55
127 113 124 123
60 48 58 57
78 68 76 75
190 176 188 187
104 90 102 101
122 112 120 119
195 139 206 205
228 193 -1 199
230 194 -1 200
189 175 186 185
199 158 -1 169
183 173 180 179
166 156 164 163
184 174 182 181
157 145 168 167
84 70 82 81
98 92 96 95
165 155 162 161
196 100 -1 207
103 89 100 99
128 114 126 125
147 135 144 143
225 143 184 183
226 144 190 189
73 51 228 227
119 101 242 241
74 52 230 229
120 102 246 245
123 55 232 231
95 81 251 250
124 56 234 233
96 82 257 256
75 57 236 235
76 58 238 237
239 205 269 268
240 206 271 270
203 146 -1 170
234 200 -1 255
243 185 273 272
244 186 275 274
170 169 285 284
304 179 -1 300
305 180 -1 301
125 99 303 302
302 163 -1 304
303 164 -1 305
286 181 307 306
247 167 315 314
287 182 309 308
248 168 321 320
232 207 -1 249
235 187 260 259
322 161 329 328
140 126 -1 208
236 162 262 261
323 188 -1 263
-1 263 331 330
242 201 -1 203
246 202 -1 204
241 227 240 239
245 229 244 243
268 265 1 1
269 264 1 1
300 237 265 264
270 267 1 1
271 266 1 1
301 238 267 266
257 204 -1 258
293 272 1 1
292 273 1 1
285 254 293 292
299 274 1 1
298 275 1 1
284 253 299 298
256 233 254 253
258 255 287 286
315 306 1 1
314 307 1 1
321 308 1 1
320 309 1 1
250 231 248 247
251 208 -1 252
329 259 1 1
328 260 1 1
252 249 323 322
-1 261 216 215
-1 262 220 219
333 330 -1 332
215 209 212 211
219 210 214 213
223 216 218 217
224 220 222 221
-1 331 334 333
-1 332 210 209
217 211 166 165
222 214 202 201
218 212 224 223
221 213 226 225
