0 0 44 43
0 0 50 49
0 0 96 95
0 0 98 97
0 0 100 99
0 0 102 101
0 0 140 139
0 0 146 145
0 0 160 159
0 0 162 161
0 0 212 211
0 0 216 215
330 0 222 221
0 0 244 243
0 0 248 247
0 0 250 249
0 0 254 253
0 0 256 255
0 0 262 261
0 0 276 275
0 0 278 277
49 43 46 45
50 44 48 47
97 95 60 59
101 99 64 63
98 96 78 77
102 100 82 81
145 139 142 141
161 159 152 151
146 140 144 143
162 160 158 157
215 211 188 187
221 217 190 189
247 243 224 223
253 249 226 225
261 255 258 257
277 275 268 267
262 256 260 259
278 276 274 273
216 212 214 213
222 218 220 219
248 244 246 245
254 250 252 251
63 59 -1 61
64 60 -1 62
61 45 52 51
62 46 54 53
81 77 -1 79
82 78 -1 80
79 47 56 55
80 48 58 57
151 141 148 147
189 187 168 167
152 142 150 149
190 188 174 173
157 143 154 153
225 223 180 179
158 144 156 155
226 224 186 185
267 257 264 263
219 213 280 279
268 258 266 265
220 214 282 281
273 259 270 269
251 245 284 283
274 260 272 271
252 246 286 285
93 57 90 89
69 51 66 65
70 52 68 67
75 53 72 71
76 54 74 73
88 56 86 85
94 58 92 91
87 55 84 83
167 147 164 163
283 269 196 195
168 148 166 165
284 270 202 201
173 149 170 169
285 271 204 203
174 150 172 171
286 272 210 209
179 153 176 175
279 263 228 227
180 154 178 177
280 264 234 233
185 155 182 181
281 265 236 235
186 156 184 183
282 266 242 241
103 89 70 69
104 90 76 75
129 91 88 87
130 92 94 93
131 85 104 103
235 181 110 109
236 182 116 115
227 175 122 121
228 176 128 127
203 169 132 131
132 86 130 129
204 170 138 137
109 65 106 105
242 184 240 239
110 66 108 107
241 183 238 237
115 67 112 111
209 171 206 205
116 68 114 113
210 172 208 207
121 71 118 117
195 163 192 191
122 72 120 119
196 164 194 193
127 73 124 123
234 178 232 231
128 74 126 125
233 177 230 229
137 83 134 133
201 165 198 197
138 84 136 135
202 166 200 199
240 105 1 1
239 106 1 1
238 107 1 1
237 108 1 1
206 111 1 1
205 112 1 1
208 113 1 1
207 114 1 1
192 117 1 1
191 118 1 1
194 119 1 1
193 120 1 1
232 123 1 1
231 124 1 1
230 125 1 1
229 126 1 1
198 133 1 1
197 134 1 1
200 135 -1 323
199 136 1 1
-1 323 327 326
329 326 -1 328
-1 327 330 329
-1 328 218 217
