0 0 -1 43
0 0 -1 46
0 0 52 51
0 0 56 55
0 0 102 101
0 0 104 103
0 0 106 105
0 0 108 107
0 0 260 259
0 0 262 261
0 0 264 263
0 0 266 265
0 0 272 271
0 0 274 273
0 0 276 275
0 0 278 277
0 0 336 335
0 0 342 341
0 0 344 343
0 0 348 347
317 0 356 355
46 43 45 44
55 51 -1 53
56 52 -1 54
103 101 66 65
107 105 70 69
104 102 84 83
108 106 88 87
261 259 176 175
265 263 180 179
273 271 182 181
277 275 186 185
262 260 240 239
266 264 243 242
274 272 246 245
278 276 249 248
355 353 324 323
341 335 -1 337
342 336 -1 338
347 343 -1 345
348 344 -1 346
356 354 352 351
53 44 48 47
54 45 50 49
69 65 -1 67
70 66 -1 68
87 83 -1 85
88 84 -1 86
179 175 158 157
185 181 160 159
180 176 178 177
186 182 184 183
242 239 212 211
248 245 214 213
280 240 -1 241
322 243 -1 244
345 337 280 279
293 246 -1 247
297 249 -1 250
323 319 -1 321
324 320 -1 322
346 338 340 339
351 329 -1 349
352 330 -1 350
67 47 58 57
68 48 60 59
85 49 62 61
86 50 64 63
159 157 116 115
160 158 122 121
183 177 128 127
184 178 134 133
213 211 144 143
214 212 150 149
349 339 256 255
-1 241 268 267
-1 244 270 269
-1 247 290 289
-1 250 292 291
350 340 316 315
321 279 282 281
99 63 96 95
75 57 72 71
76 58 74 73
81 59 78 77
82 60 80 79
121 73 118 117
100 64 98 97
93 61 90 89
94 62 92 91
325 255 152 151
115 71 112 111
116 72 114 113
122 74 120 119
127 77 124 123
128 78 126 125
133 79 130 129
134 80 132 131
143 89 140 139
144 90 142 141
149 91 146 145
150 92 148 147
328 282 252 251
326 281 254 253
-1 267 284 283
-1 269 287 286
284 268 -1 285
287 270 -1 288
-1 289 302 301
-1 291 305 304
302 290 -1 303
305 292 -1 306
327 256 258 257
316 298 300 299
315 294 296 295
109 95 76 75
110 96 82 81
135 97 94 93
136 98 100 99
137 117 110 109
155 151 138 137
138 118 136 135
163 111 156 155
257 161 164 163
258 162 170 169
156 152 154 153
192 123 1 1
191 124 1 1
295 167 192 191
198 125 1 1
197 126 1 1
296 168 198 197
204 129 1 1
203 130 1 1
299 165 204 203
210 131 1 1
209 132 1 1
300 166 210 209
220 139 1 1
219 140 1 1
253 173 220 219
226 141 1 1
225 142 1 1
254 174 226 225
232 145 1 1
231 146 1 1
251 171 232 231
238 147 234 1
237 148 1 1
252 172 238 237
153 119 172 171
154 120 174 173
164 112 162 161
169 113 166 165
170 114 168 167
286 283 308 307
304 301 312 311
288 285 310 309
306 303 314 313
-1 234 318 317
311 307 320 319
314 309 332 331
313 310 334 333
312 308 330 329
-1 318 354 353
-1 333 294 293
-1 334 298 297
-1 331 326 325
-1 332 328 327
