0 0 -1 43
0 0 -1 46
0 0 52 51
0 0 56 55
0 0 102 101
0 0 104 103
0 0 106 105
0 0 108 107
0 0 306 305
0 0 308 307
0 0 310 309
0 0 312 311
0 0 314 313
0 0 316 315
0 0 318 317
0 0 320 319
0 0 -1 341
0 0 -1 344
0 0 348 347
0 0 352 351
339 0 364 363
46 43 45 44
55 51 -1 53
56 52 -1 54
103 101 66 65
107 105 70 69
104 102 84 83
108 106 88 87
307 305 204 203
311 309 208 207
315 313 210 209
319 317 214 213
308 306 270 269
312 310 272 271
316 314 274 273
320 318 276 275
344 341 343 342
351 347 -1 349
352 348 -1 350
363 361 356 355
364 362 360 359
53 44 48 47
54 45 50 49
69 65 -1 67
70 66 -1 68
87 83 -1 85
88 84 -1 86
272 270 168 167
276 274 170 169
207 203 182 181
213 209 184 183
208 204 206 205
214 210 212 211
271 269 240 239
275 273 242 241
349 342 288 287
350 343 346 345
355 335 -1 353
356 336 -1 354
359 337 -1 357
360 338 -1 358
67 47 58 57
68 48 60 59
85 49 62 61
86 50 64 63
183 181 118 117
184 182 124 123
211 205 130 129
212 206 136 135
169 167 140 139
241 239 152 151
242 240 158 157
170 168 164 163
353 287 172 171
357 345 328 327
358 346 334 333
354 288 290 289
139 95 110 109
75 57 72 71
76 58 74 73
81 59 78 77
82 60 80 79
99 63 96 95
175 171 142 141
140 96 138 137
93 61 90 89
94 62 92 91
100 64 98 97
124 74 122 121
117 71 114 113
118 72 116 115
123 73 120 119
129 77 126 125
130 78 128 127
135 79 132 131
136 80 134 133
151 89 148 147
152 90 150 149
157 91 154 153
158 92 156 155
163 97 160 159
-1 164 166 165
176 172 174 173
328 298 304 303
327 297 322 321
334 302 324 323
333 301 326 325
292 290 330 329
291 289 332 331
111 109 76 75
112 110 82 81
143 137 94 93
144 138 100 99
145 141 112 111
179 121 146 145
146 142 144 143
303 185 180 179
321 187 190 189
322 188 196 195
304 186 202 201
220 125 1 1
219 126 1 1
325 193 220 219
226 127 1 1
225 128 1 1
326 194 226 225
232 131 1 1
231 132 1 1
323 191 232 231
238 133 1 1
237 134 1 1
324 192 238 237
248 147 1 1
247 148 1 1
331 199 248 247
254 149 1 1
253 150 1 1
332 200 254 253
259 153 1 1
329 197 260 259
268 155 1 1
267 156 1 1
330 198 268 267
282 159 278 1
281 160 1 1
178 174 282 281
-1 98 162 161
165 161 284 283
177 173 294 293
180 122 178 177
189 113 186 185
190 114 188 187
195 115 192 191
196 116 194 193
201 119 198 197
202 120 200 199
-1 154 258 257
166 162 286 285
-1 278 340 339
295 283 176 175
-1 293 296 295
-1 294 300 299
296 285 298 297
300 286 302 301
299 284 292 291
-1 260 262 261
261 257 336 335
262 258 338 337
-1 340 362 361
