0 0 -1 43
0 0 -1 46
0 0 52 51
0 0 56 55
0 0 102 101
0 0 104 103
0 0 106 105
0 0 108 107
0 0 306 305
0 0 308 307
0 0 310 309
0 0 312 311
0 0 314 313
0 0 316 315
0 0 318 317
0 0 320 319
0 0 -1 341
0 0 -1 344
0 0 348 347
0 0 352 351
331 0 364 363
46 43 45 44
55 51 -1 53
56 52 -1 54
103 101 66 65
107 105 70 69
104 102 84 83
108 106 88 87
307 305 202 201
311 309 206 205
315 313 208 207
319 317 212 211
308 306 266 265
312 310 268 267
316 314 270 269
320 318 272 271
344 341 343 342
351 347 -1 349
352 348 -1 350
363 361 356 355
364 362 360 359
53 44 48 47
54 45 50 49
69 65 -1 67
70 66 -1 68
87 83 -1 85
88 84 -1 86
268 266 168 167
272 270 170 169
205 201 180 179
211 207 182 181
206 202 204 203
212 208 210 209
267 265 238 237
271 269 240 239
349 342 284 283
350 343 346 345
355 337 -1 353
356 338 -1 354
359 339 -1 357
360 340 -1 358
67 47 58 57
68 48 60 59
85 49 62 61
86 50 64 63
181 179 118 117
182 180 124 123
209 203 130 129
210 204 136 135
169 167 140 139
239 237 152 151
240 238 158 157
170 168 164 163
353 283 172 171
357 345 324 323
358 346 330 329
354 284 286 285
139 95 110 109
75 57 72 71
76 58 74 73
81 59 78 77
82 60 80 79
99 63 96 95
287 171 142 141
140 96 138 137
93 61 90 89
94 62 92 91
100 64 98 97
124 74 122 121
117 71 114 113
118 72 116 115
123 73 120 119
129 77 126 125
130 78 128 127
135 79 132 131
136 80 134 133
151 89 148 147
152 90 150 149
157 91 154 153
158 92 156 155
163 97 160 159
-1 164 166 165
291 172 174 173
367 324 304 303
365 323 322 321
330 292 294 293
329 288 290 289
368 286 326 325
366 285 328 327
111 109 76 75
112 110 82 81
143 137 94 93
144 138 100 99
145 141 112 111
177 121 146 145
146 142 144 143
303 183 178 177
321 185 188 187
322 186 194 193
304 184 200 199
218 125 1 1
217 126 1 1
289 191 218 217
224 127 1 1
223 128 1 1
290 192 224 223
230 131 1 1
229 132 1 1
293 189 230 229
236 133 1 1
235 134 1 1
294 190 236 235
246 147 1 1
245 148 1 1
327 197 246 245
252 149 1 1
251 150 1 1
328 198 252 251
258 153 1 1
257 154 1 1
325 195 258 257
264 155 1 1
263 156 1 1
326 196 264 263
278 159 274 1
277 160 1 1
175 173 278 277
-1 98 162 161
178 122 176 175
-1 174 296 295
187 113 184 183
188 114 186 185
193 115 190 189
194 116 192 191
199 119 196 195
200 120 198 197
165 161 280 279
166 162 282 281
-1 274 332 331
-1 176 298 297
300 279 334 333
299 280 336 335
297 295 300 299
298 296 302 301
301 281 338 337
302 282 340 339
-1 332 362 361
-1 335 288 287
-1 336 292 291
-1 333 366 365
-1 334 368 367
