0 0 50 49
0 0 62 61
0 0 64 63
0 0 66 65
0 0 72 71
0 0 86 85
0 0 94 93
0 0 106 105
0 0 108 107
0 0 110 109
0 0 116 115
0 0 130 129
0 0 138 137
0 0 150 149
0 0 152 151
0 0 154 153
0 0 160 159
0 0 174 173
0 0 182 181
363 0 194 193
0 0 196 195
49 43 46 45
64 62 54 53
50 44 48 47
63 61 60 59
71 65 68 67
86 80 78 77
72 66 70 69
85 79 84 83
94 88 92 91
107 105 98 97
93 87 90 89
108 106 104 103
115 109 112 111
130 118 122 121
116 110 114 113
129 117 128 127
137 131 134 133
152 150 142 141
138 132 136 135
151 149 148 147
159 153 156 155
174 168 166 165
160 154 158 157
173 167 172 171
182 176 180 179
195 193 186 185
181 175 178 177
196 194 192 191
53 45 44 43
83 69 80 79
97 91 88 87
121 111 118 117
141 133 132 131
171 157 168 167
185 179 176 175
54 46 52 51
77 67 74 73
59 47 56 55
127 113 124 123
60 48 58 57
128 114 126 125
104 90 102 101
122 112 120 119
78 68 76 75
103 89 100 99
84 70 82 81
98 92 96 95
142 134 140 139
165 155 162 161
147 135 144 143
148 136 146 145
192 178 190 189
166 156 164 163
191 177 188 187
172 158 170 169
186 180 184 183
73 51 220 219
119 101 236 235
74 52 222 221
120 102 242 241
123 55 224 223
99 75 248 247
124 56 226 225
100 76 254 253
125 57 228 227
95 81 260 259
126 58 230 229
96 82 266 265
217 145 292 291
183 169 294 293
218 146 296 295
184 170 300 299
215 143 302 301
187 163 306 305
161 139 352 351
211 189 354 353
162 140 356 355
212 190 358 357
216 144 360 359
188 164 362 361
235 219 232 231
293 291 272 271
236 220 234 233
299 295 278 277
241 221 238 237
294 292 284 283
242 222 240 239
305 301 290 289
247 223 244 243
353 351 312 311
248 224 246 245
357 355 318 317
253 225 250 249
358 356 324 323
254 226 252 251
354 352 330 329
259 227 256 255
361 359 336 335
260 228 258 257
300 296 298 297
265 229 262 261
306 302 304 303
266 230 264 263
362 360 350 349
272 231 1 1
271 232 1 1
278 233 1 1
277 234 1 1
284 237 1 1
283 238 1 1
290 239 1 1
289 240 1 1
312 243 1 1
311 244 1 1
318 245 1 1
317 246 1 1
324 249 1 1
323 250 1 1
330 251 1 1
329 252 1 1
336 255 1 1
335 256 1 1
298 257 1 1
297 258 1 1
304 261 1 1
303 262 1 1
350 263 346 345
349 264 348 1
-1 348 364 363
-1 345 204 203
-1 346 208 207
-1 364 198 197
203 197 200 199
207 198 202 201
213 204 206 205
214 208 210 209
206 200 214 213
209 201 216 215
210 202 218 217
205 199 212 211
