0 0 44 43
0 0 50 49
0 0 64 63
0 0 66 65
0 0 112 111
0 0 116 115
0 0 118 117
0 0 122 121
0 0 324 323
0 0 330 329
0 0 336 335
0 0 338 337
0 0 344 343
0 0 348 347
0 0 350 349
0 0 354 353
0 0 368 367
0 0 370 369
0 0 372 371
0 0 374 373
321 0 378 377
49 43 46 45
65 63 56 55
50 44 48 47
66 64 62 61
115 111 92 91
121 117 94 93
116 112 114 113
122 118 120 119
329 323 326 325
337 335 332 331
330 324 328 327
338 336 334 333
347 343 340 339
353 349 342 341
348 344 346 345
354 350 352 351
369 367 356 355
373 371 358 357
377 375 360 359
370 368 362 361
374 372 364 363
378 376 366 365
55 45 52 51
93 91 72 71
56 46 54 53
94 92 78 77
61 47 58 57
119 113 84 83
62 48 60 59
120 114 90 89
331 325 258 257
341 339 262 261
357 355 264 263
359 317 268 267
332 326 274 273
342 340 278 277
358 356 280 279
360 318 284 283
333 327 290 289
351 345 294 293
363 361 296 295
365 319 300 299
334 328 306 305
352 346 310 309
364 362 312 311
366 320 316 315
71 51 68 67
72 52 70 69
77 53 74 73
78 54 76 75
83 57 80 79
84 58 82 81
89 59 86 85
90 60 88 87
261 257 254 253
267 263 256 255
262 258 260 259
268 264 266 265
277 273 270 269
283 279 272 271
278 274 276 275
284 280 282 281
293 289 286 285
299 295 288 287
294 290 292 291
300 296 298 297
309 305 302 301
315 311 304 303
310 306 308 307
316 312 314 313
139 67 96 95
255 253 148 147
141 68 98 97
256 254 154 153
155 69 100 99
265 259 164 163
157 70 102 101
266 260 170 169
171 73 104 103
271 269 180 179
173 74 106 105
272 270 186 185
187 75 108 107
281 275 196 195
189 76 110 109
282 276 202 201
140 79 124 123
287 285 208 207
142 80 126 125
288 286 214 213
156 81 128 127
297 291 220 219
158 82 130 129
298 292 226 225
172 85 132 131
303 301 232 231
174 86 134 133
304 302 238 237
188 87 136 135
313 307 244 243
190 88 138 137
314 308 252 251
148 95 1 1
147 96 1 1
154 97 1 1
153 98 1 1
164 99 1 1
163 100 1 1
170 101 1 1
169 102 1 1
180 103 1 1
179 104 1 1
186 105 1 1
185 106 1 1
196 107 1 1
195 108 1 1
202 109 1 1
201 110 1 1
208 123 1 1
207 124 1 1
214 125 1 1
213 126 1 1
220 127 1 1
219 128 1 1
226 129 1 1
225 130 1 1
232 131 228 227
231 132 230 229
238 133 234 233
237 134 236 235
243 135 1 1
252 137 248 1
251 138 1 1
-1 136 242 241
-1 244 246 245
-1 248 322 321
-1 227 140 139
-1 228 142 141
-1 229 156 155
-1 230 158 157
-1 233 172 171
-1 234 174 173
-1 235 188 187
-1 236 190 189
245 241 318 317
246 242 320 319
-1 322 376 375
