0 0 -1 43
0 0 -1 45
0 0 -1 51
0 0 -1 52
0 0 -1 59
0 0 -1 61
54 0 -1 76
57 0 -1 78
70 0 -1 81
73 0 -1 82
0 0 -1 91
0 0 -1 94
0 0 100 99
0 0 104 103
0 0 119 118
0 0 123 122
0 0 -1 124
0 0 -1 125
0 0 -1 126
0 0 -1 127
0 0 -1 128
0 0 -1 129
132 0 -1 130
51 43 -1 44
52 45 -1 46
67 59 -1 60
68 61 -1 62
124 76 -1 87
125 78 -1 88
128 55 -1 79
129 58 -1 80
130 71 -1 83
94 91 93 92
103 99 -1 101
104 100 -1 102
122 118 -1 120
123 119 -1 121
126 81 -1 89
127 82 -1 90
-1 44 48 47
-1 46 50 49
83 69 -1 67
-1 60 64 63
-1 62 66 65
87 48 -1 55
88 50 -1 58
79 64 -1 71
80 66 -1 74
89 53 -1 75
90 56 -1 77
101 92 96 95
120 85 110 109
102 93 98 97
121 86 115 114
131 74 -1 84
-1 47 54 53
-1 49 57 56
-1 63 70 69
-1 65 73 72
110 95 1 1
109 96 1 1
115 97 -1 111
114 98 1 1
77 75 86 85
-1 111 117 116
84 72 -1 68
133 116 -1 131
-1 117 133 132
