0 0 -1 44
0 0 -1 47
0 0 53 52
0 0 57 56
0 0 95 94
0 0 97 96
0 0 99 98
0 0 101 100
0 0 175 174
0 0 179 178
0 0 181 180
0 0 185 184
0 0 251 250
0 0 253 252
0 0 257 256
0 0 263 262
0 0 265 264
0 0 273 272
0 0 275 274
0 0 277 276
0 0 279 278
47 44 46 45
56 52 -1 54
57 53 -1 55
96 94 67 66
100 98 71 70
97 95 81 80
101 99 85 84
178 174 171 170
184 180 173 172
179 175 177 176
185 181 183 182
256 252 231 230
264 262 235 234
274 272 237 236
278 276 241 240
250 196 245 244
257 253 255 254
265 263 261 260
275 273 267 266
279 277 271 270
251 197 249 248
54 45 49 48
55 46 51 50
70 66 -1 68
71 67 -1 69
84 80 -1 82
85 81 -1 83
172 170 107 106
173 171 125 124
182 176 147 146
183 177 163 162
249 247 193 192
248 246 207 206
245 243 225 224
244 242 229 228
234 230 -1 232
235 231 -1 233
240 236 -1 238
241 237 -1 239
260 254 -1 258
261 255 -1 259
270 266 -1 268
271 267 -1 269
68 48 59 58
69 49 61 60
82 50 63 62
83 51 65 64
106 102 -1 104
107 103 -1 105
124 120 -1 122
125 121 -1 123
146 140 -1 142
147 141 -1 143
162 158 -1 160
163 159 -1 161
239 233 169 168
268 258 187 186
192 188 -1 190
193 189 -1 191
269 259 195 194
206 202 -1 204
207 203 -1 205
238 232 209 208
224 216 -1 220
225 217 -1 221
228 214 -1 226
229 215 -1 227
104 58 73 72
190 186 113 112
105 59 75 74
191 187 119 118
122 60 77 76
204 194 131 130
123 61 79 78
205 195 139 138
142 62 87 86
220 208 153 152
-1 63 89 88
-1 143 145 144
160 64 91 90
226 168 165 164
161 65 93 92
227 169 167 166
-1 209 211 210
-1 221 223 222
164 90 103 102
113 72 1 1
112 73 1 1
119 74 1 1
118 75 1 1
165 91 121 120
130 76 1 1
139 78 1 1
138 79 1 1
166 92 141 140
153 86 1 1
152 87 1 1
167 93 159 158
-1 77 129 128
-1 131 133 132
144 88 155 154
222 210 213 212
145 89 157 156
223 211 219 218
213 155 189 188
212 154 203 202
219 157 217 216
218 156 215 214
-1 129 199 198
-1 133 201 200
132 128 197 196
200 198 243 242
201 199 247 246
