0 0 45 44
0 0 49 48
0 0 57 56
0 0 59 58
0 0 69 68
0 0 73 72
0 0 81 80
0 0 83 82
0 0 87 86
0 0 99 98
0 0 103 102
0 0 111 110
0 0 113 112
0 0 117 116
0 0 119 118
0 0 123 122
0 0 127 126
0 0 135 134
0 0 137 136
0 0 141 140
0 0 143 142
56 44 -1 46
58 48 -1 50
62 45 -1 47
64 49 -1 51
57 47 -1 54
59 51 -1 55
80 68 -1 70
82 72 -1 74
170 69 -1 71
86 73 -1 75
87 74 -1 77
81 71 -1 78
83 75 -1 79
110 98 -1 100
112 102 -1 104
116 99 -1 101
118 103 -1 105
117 100 -1 106
119 104 -1 107
111 101 -1 108
113 105 -1 109
134 122 -1 124
136 126 -1 128
140 123 -1 125
142 127 -1 129
141 124 -1 130
143 128 -1 131
135 125 -1 132
137 129 -1 133
63 46 -1 52
65 50 -1 53
172 70 -1 76
77 76 85 84
55 54 67 66
79 78 89 88
107 106 115 114
131 130 139 138
109 108 121 120
133 132 145 144
53 52 61 60
138 114 147 146
89 67 97 96
139 115 149 148
88 66 95 94
144 120 151 150
85 61 93 92
145 121 153 152
84 60 91 90
146 97 1 1
147 96 1 1
148 95 159 158
149 94 1 1
150 93 1 1
151 92 1 1
152 91 1 1
153 90 1 1
-1 158 171 170
-1 159 173 172
-1 171 63 62
-1 173 65 64
