0 0 -1 44
0 0 -1 46
72 0 -1 50
75 0 -1 51
0 0 -1 56
0 0 -1 59
0 0 -1 122
0 0 -1 125
0 0 127 126
0 0 131 130
0 0 165 164
0 0 169 168
0 0 171 170
0 0 175 174
0 0 197 196
0 0 203 202
0 0 217 216
0 0 219 218
0 0 233 232
0 0 237 236
0 0 239 238
0 0 243 242
50 44 -1 45
51 46 -1 47
59 56 58 57
125 122 124 123
130 126 -1 128
131 127 -1 129
168 164 137 136
174 170 139 138
169 165 167 166
175 171 173 172
202 196 199 198
218 216 209 208
203 197 201 200
219 217 215 214
236 232 229 228
242 238 231 230
237 233 235 234
243 239 241 240
47 45 49 48
62 57 -1 60
63 58 -1 61
128 123 91 90
138 136 99 98
139 137 105 104
129 124 107 106
172 166 115 114
173 167 120 119
208 198 205 204
230 228 221 220
209 199 207 206
231 229 223 222
214 200 211 210
240 234 225 224
215 201 213 212
241 235 227 226
60 48 53 52
61 49 55 54
90 74 -1 92
91 77 -1 93
106 80 -1 108
107 83 -1 109
98 64 95 94
221 205 145 144
99 65 97 96
220 204 151 150
104 66 101 100
223 207 157 156
105 67 103 102
222 206 163 162
114 68 111 110
225 211 181 180
115 69 113 112
224 210 187 186
119 70 117 116
226 212 193 192
213 71 -1 118
227 120 -1 121
92 52 65 64
93 53 67 66
108 54 69 68
109 55 71 70
145 94 1 1
144 95 1 1
151 96 1 1
150 97 1 1
157 100 1 1
156 101 1 1
163 102 1 1
162 103 1 1
181 110 1 1
180 111 1 1
187 112 183 182
186 113 185 184
193 116 1 1
192 117 1 1
121 118 195 194
-1 182 73 72
-1 183 76 75
-1 184 79 78
-1 185 82 81
-1 194 245 244
-1 195 247 246
84 78 -1 62
87 81 -1 63
-1 245 85 84
-1 247 88 87
132 73 -1 74
134 76 -1 77
133 79 -1 80
135 82 -1 83
244 85 -1 86
246 88 -1 89
-1 86 133 132
-1 89 135 134
