0 0 45 44
0 0 51 50
0 0 97 96
0 0 99 98
0 0 101 100
0 0 103 102
0 0 141 140
0 0 147 146
0 0 161 160
0 0 163 162
0 0 213 212
0 0 217 216
0 0 223 222
0 0 245 244
0 0 249 248
0 0 251 250
0 0 255 254
0 0 257 256
0 0 263 262
0 0 277 276
0 0 279 278
50 44 47 46
51 45 49 48
98 96 61 60
102 100 65 64
99 97 79 78
103 101 83 82
146 140 143 142
162 160 153 152
147 141 145 144
163 161 159 158
216 212 189 188
222 218 191 190
248 244 225 224
254 250 227 226
262 256 259 258
278 276 269 268
263 257 261 260
279 277 275 274
217 213 215 214
223 219 221 220
249 245 247 246
255 251 253 252
64 60 -1 62
65 61 -1 63
62 46 53 52
63 47 55 54
82 78 -1 80
83 79 -1 81
80 48 57 56
81 49 59 58
152 142 149 148
190 188 169 168
153 143 151 150
191 189 175 174
158 144 155 154
226 224 181 180
159 145 157 156
227 225 187 186
268 258 265 264
220 214 281 280
269 259 267 266
221 215 283 282
274 260 271 270
252 246 285 284
275 261 273 272
253 247 287 286
94 58 91 90
70 52 67 66
71 53 69 68
76 54 73 72
77 55 75 74
89 57 87 86
95 59 93 92
88 56 85 84
168 148 165 164
284 270 197 196
169 149 167 166
285 271 203 202
174 150 171 170
286 272 205 204
175 151 173 172
287 273 211 210
180 154 177 176
280 264 229 228
181 155 179 178
281 265 235 234
186 156 183 182
282 266 237 236
187 157 185 184
283 267 243 242
104 90 71 70
105 91 77 76
130 92 89 88
131 93 95 94
132 86 105 104
236 182 111 110
237 183 117 116
228 176 123 122
229 177 129 128
204 170 133 132
133 87 131 130
205 171 139 138
110 66 107 106
243 185 241 240
111 67 109 108
242 184 239 238
116 68 113 112
210 172 207 206
117 69 115 114
211 173 209 208
122 72 119 118
196 164 193 192
123 73 121 120
197 165 195 194
128 74 125 124
235 179 233 232
129 75 127 126
234 178 231 230
138 84 135 134
202 166 199 198
139 85 137 136
203 167 201 200
241 106 1 1
240 107 1 1
239 108 1 1
238 109 1 1
207 112 1 1
206 113 1 1
209 114 1 1
208 115 1 1
193 118 1 1
192 119 1 1
195 120 1 1
194 121 1 1
233 124 1 1
232 125 1 1
231 126 1 1
230 127 1 1
199 134 1 1
198 135 1 1
201 136 325 1
200 137 1 1
-1 325 219 218
