0 0 -1 44
0 0 -1 46
0 0 -1 50
0 0 -1 51
0 0 -1 54
0 0 -1 56
0 0 -1 60
0 0 -1 61
0 0 -1 80
0 0 -1 81
0 0 -1 86
0 0 -1 87
0 0 -1 88
0 0 -1 90
0 0 -1 92
0 0 -1 93
0 0 -1 96
0 0 -1 98
0 0 -1 100
0 0 -1 101
104 0 -1 112
106 0 -1 113
50 44 -1 45
51 46 -1 47
60 54 -1 55
61 56 -1 57
80 48 -1 52
81 49 -1 53
86 58 -1 62
87 59 -1 63
92 88 -1 89
93 90 -1 91
100 96 -1 97
101 98 -1 99
112 66 -1 94
113 69 -1 95
64 45 -1 48
67 47 -1 49
72 55 -1 58
75 57 -1 59
53 52 71 70
63 62 79 78
89 65 -1 66
91 68 -1 69
97 73 -1 74
99 76 -1 77
-1 94 105 104
-1 95 107 106
114 74 -1 102
115 77 -1 103
-1 105 65 64
-1 107 68 67
79 70 83 1
78 71 1 1
-1 83 117 116
-1 102 109 108
-1 103 111 110
117 108 -1 114
116 110 -1 115
-1 109 73 72
-1 111 76 75
