0 0 -1 44
0 0 -1 47
0 0 53 52
0 0 57 56
0 0 103 102
0 0 105 104
0 0 107 106
0 0 109 108
0 0 307 306
0 0 309 308
0 0 311 310
0 0 313 312
0 0 315 314
0 0 317 316
0 0 319 318
0 0 321 320
0 0 -1 342
0 0 -1 345
0 0 349 348
0 0 353 352
0 0 363 362
47 44 46 45
56 52 -1 54
57 53 -1 55
104 102 67 66
108 106 71 70
105 103 85 84
109 107 89 88
308 306 203 202
312 310 207 206
316 314 209 208
320 318 213 212
309 307 267 266
313 311 269 268
317 315 271 270
321 319 273 272
345 342 344 343
352 348 -1 350
353 349 -1 351
362 332 357 356
363 333 361 360
54 45 49 48
55 46 51 50
70 66 -1 68
71 67 -1 69
88 84 -1 86
89 85 -1 87
269 267 169 168
273 271 171 170
206 202 181 180
212 208 183 182
207 203 205 204
213 209 211 210
268 266 239 238
272 270 241 240
350 343 285 284
351 344 347 346
356 338 -1 354
357 339 -1 355
360 340 -1 358
361 341 -1 359
68 48 59 58
69 49 61 60
86 50 63 62
87 51 65 64
182 180 119 118
183 181 125 124
210 204 131 130
211 205 137 136
170 168 141 140
240 238 153 152
241 239 159 158
171 169 165 164
354 284 173 172
358 346 325 324
359 347 331 330
355 285 287 286
140 96 111 110
76 58 73 72
77 59 75 74
82 60 79 78
83 61 81 80
100 64 97 96
288 172 143 142
141 97 139 138
94 62 91 90
95 63 93 92
101 65 99 98
125 75 123 122
118 72 115 114
119 73 117 116
124 74 121 120
130 78 127 126
131 79 129 128
136 80 133 132
137 81 135 134
152 90 149 148
153 91 151 150
158 92 155 154
159 93 157 156
164 98 161 160
-1 165 167 166
292 173 175 174
366 325 305 304
364 324 323 322
331 293 295 294
330 289 291 290
367 287 327 326
365 286 329 328
112 110 77 76
113 111 83 82
144 138 95 94
145 139 101 100
146 142 113 112
178 122 147 146
147 143 145 144
304 184 179 178
322 186 189 188
323 187 195 194
305 185 201 200
219 126 1 1
218 127 1 1
290 192 219 218
225 128 1 1
224 129 1 1
291 193 225 224
231 132 1 1
230 133 1 1
294 190 231 230
237 134 1 1
236 135 1 1
295 191 237 236
247 148 1 1
246 149 1 1
328 198 247 246
253 150 1 1
252 151 1 1
329 199 253 252
259 154 1 1
258 155 1 1
326 196 259 258
265 156 1 1
264 157 1 1
327 197 265 264
279 160 275 1
278 161 1 1
176 174 279 278
-1 99 163 162
179 123 177 176
-1 175 297 296
188 114 185 184
189 115 187 186
194 116 191 190
195 117 193 192
200 120 197 196
201 121 199 198
166 162 281 280
167 163 283 282
-1 275 333 332
-1 177 299 298
301 280 335 334
300 281 337 336
298 296 301 300
299 297 303 302
302 282 339 338
303 283 341 340
-1 336 289 288
-1 337 293 292
-1 334 365 364
-1 335 367 366
