0 0 -1 44
0 0 -1 47
0 0 53 52
0 0 57 56
0 0 103 102
0 0 105 104
0 0 107 106
0 0 109 108
0 0 261 260
0 0 263 262
0 0 265 264
0 0 267 266
0 0 273 272
0 0 275 274
0 0 277 276
0 0 279 278
0 0 337 336
0 0 343 342
0 0 345 344
0 0 349 348
0 0 355 354
47 44 46 45
56 52 -1 54
57 53 -1 55
104 102 67 66
108 106 71 70
105 103 85 84
109 107 89 88
262 260 177 176
266 264 181 180
274 272 183 182
278 276 187 186
263 261 241 240
267 265 244 243
275 273 247 246
279 277 250 249
354 318 325 324
342 336 -1 338
343 337 -1 339
348 344 -1 346
349 345 -1 347
355 319 353 352
54 45 49 48
55 46 51 50
70 66 -1 68
71 67 -1 69
88 84 -1 86
89 85 -1 87
180 176 159 158
186 182 161 160
181 177 179 178
187 183 185 184
243 240 213 212
249 246 215 214
281 241 -1 242
323 244 -1 245
346 338 281 280
294 247 -1 248
298 250 -1 251
324 320 -1 322
325 321 -1 323
347 339 341 340
352 330 -1 350
353 331 -1 351
68 48 59 58
69 49 61 60
86 50 63 62
87 51 65 64
160 158 117 116
161 159 123 122
184 178 129 128
185 179 135 134
214 212 145 144
215 213 151 150
350 340 257 256
-1 242 269 268
-1 245 271 270
-1 248 291 290
-1 251 293 292
351 341 317 316
322 280 283 282
100 64 97 96
76 58 73 72
77 59 75 74
82 60 79 78
83 61 81 80
122 74 119 118
101 65 99 98
94 62 91 90
95 63 93 92
326 256 153 152
116 72 113 112
117 73 115 114
123 75 121 120
128 78 125 124
129 79 127 126
134 80 131 130
135 81 133 132
144 90 141 140
145 91 143 142
150 92 147 146
151 93 149 148
329 283 253 252
327 282 255 254
-1 268 285 284
-1 270 288 287
285 269 -1 286
288 271 -1 289
-1 290 303 302
-1 292 306 305
303 291 -1 304
306 293 -1 307
328 257 259 258
317 299 301 300
316 295 297 296
110 96 77 76
111 97 83 82
136 98 95 94
137 99 101 100
138 118 111 110
156 152 139 138
139 119 137 136
164 112 157 156
258 162 165 164
259 163 171 170
157 153 155 154
193 124 1 1
192 125 1 1
296 168 193 192
199 126 1 1
198 127 1 1
297 169 199 198
205 130 1 1
204 131 1 1
300 166 205 204
211 132 1 1
210 133 1 1
301 167 211 210
221 140 1 1
220 141 1 1
254 174 221 220
227 142 1 1
226 143 1 1
255 175 227 226
233 146 1 1
232 147 1 1
252 172 233 232
239 148 235 1
238 149 1 1
253 173 239 238
154 120 173 172
155 121 175 174
165 113 163 162
170 114 167 166
171 115 169 168
287 284 309 308
305 302 313 312
289 286 311 310
307 304 315 314
-1 235 319 318
312 308 321 320
315 310 333 332
314 311 335 334
313 309 331 330
-1 334 295 294
-1 335 299 298
-1 332 327 326
-1 333 329 328
