0 0 45 44
0 0 51 50
0 0 65 64
0 0 67 66
0 0 113 112
0 0 117 116
0 0 119 118
0 0 123 122
0 0 325 324
0 0 331 330
0 0 337 336
0 0 339 338
0 0 345 344
0 0 349 348
0 0 351 350
0 0 355 354
0 0 373 372
0 0 375 374
0 0 377 376
0 0 379 378
0 0 381 380
50 44 47 46
66 64 57 56
51 45 49 48
67 65 63 62
116 112 93 92
122 118 95 94
117 113 115 114
123 119 121 120
330 324 327 326
338 336 333 332
331 325 329 328
339 337 335 334
348 344 341 340
354 350 343 342
349 345 347 346
355 351 353 352
374 372 357 356
378 376 359 358
380 318 363 362
375 373 365 364
379 377 367 366
381 319 371 370
56 46 53 52
94 92 73 72
57 47 55 54
95 93 79 78
62 48 59 58
120 114 85 84
63 49 61 60
121 115 91 90
332 326 259 258
342 340 263 262
358 356 265 264
362 360 269 268
333 327 275 274
343 341 279 278
359 357 281 280
363 361 285 284
334 328 291 290
352 346 295 294
366 364 297 296
370 368 301 300
335 329 307 306
353 347 311 310
367 365 313 312
371 369 317 316
72 52 69 68
73 53 71 70
78 54 75 74
79 55 77 76
84 58 81 80
85 59 83 82
90 60 87 86
91 61 89 88
262 258 255 254
268 264 257 256
263 259 261 260
269 265 267 266
278 274 271 270
284 280 273 272
279 275 277 276
285 281 283 282
294 290 287 286
300 296 289 288
295 291 293 292
301 297 299 298
310 306 303 302
316 312 305 304
311 307 309 308
317 313 315 314
140 68 97 96
256 254 149 148
142 69 99 98
257 255 155 154
156 70 101 100
266 260 165 164
158 71 103 102
267 261 171 170
172 74 105 104
272 270 181 180
174 75 107 106
273 271 187 186
188 76 109 108
282 276 197 196
190 77 111 110
283 277 203 202
141 80 125 124
288 286 209 208
143 81 127 126
289 287 215 214
157 82 129 128
298 292 221 220
159 83 131 130
299 293 227 226
173 86 133 132
304 302 233 232
175 87 135 134
305 303 239 238
189 88 137 136
314 308 245 244
191 89 139 138
315 309 253 252
149 96 1 1
148 97 1 1
155 98 1 1
154 99 1 1
165 100 1 1
164 101 1 1
171 102 1 1
170 103 1 1
181 104 1 1
180 105 1 1
187 106 1 1
186 107 1 1
197 108 1 1
196 109 1 1
203 110 1 1
202 111 1 1
209 124 1 1
208 125 1 1
215 126 1 1
214 127 1 1
221 128 1 1
220 129 1 1
227 130 1 1
226 131 1 1
233 132 229 228
232 133 231 230
239 134 235 234
238 135 237 236
244 136 1 1
253 138 1 1
252 139 1 1
-1 137 243 242
-1 245 247 246
-1 228 141 140
-1 229 143 142
-1 230 157 156
-1 231 159 158
-1 234 173 172
-1 235 175 174
-1 236 189 188
-1 237 191 190
-1 243 321 320
-1 247 323 322
246 242 319 318
322 320 361 360
323 321 369 368
