0 0 45 44
0 0 49 48
0 0 57 56
0 0 59 58
0 0 69 68
0 0 73 72
0 0 81 80
0 0 83 82
0 0 87 86
0 0 99 98
0 0 103 102
0 0 111 110
0 0 113 112
0 0 115 114
0 0 117 116
0 0 119 118
0 0 123 122
0 0 131 130
0 0 133 132
0 0 135 134
0 0 137 136
56 44 -1 46
58 48 -1 50
62 45 -1 47
64 49 -1 51
57 47 -1 54
59 51 -1 55
80 68 -1 70
82 72 -1 74
146 69 -1 71
86 73 -1 75
87 74 -1 77
81 71 -1 78
83 75 -1 79
110 98 -1 100
112 102 -1 104
114 99 -1 101
116 103 -1 105
115 100 -1 106
117 104 -1 107
111 101 -1 108
113 105 -1 109
130 118 -1 120
132 122 -1 124
134 119 -1 121
136 123 -1 125
135 120 -1 126
137 124 -1 127
131 121 -1 128
133 125 -1 129
63 46 -1 52
65 50 -1 53
148 70 -1 76
108 52 -1 60
109 53 -1 61
128 76 -1 84
129 77 -1 85
106 54 -1 66
107 55 -1 67
126 78 -1 88
127 79 -1 89
67 66 95 94
89 88 97 96
61 60 91 90
85 84 93 92
97 94 139 138
96 95 1 1
93 90 1 1
92 91 1 1
-1 138 147 146
-1 139 149 148
-1 147 63 62
-1 149 65 64
