0 0 45 44
0 0 51 50
0 0 65 64
0 0 67 66
0 0 123 122
0 0 127 126
0 0 129 128
0 0 133 132
0 0 443 442
0 0 447 446
0 0 451 450
0 0 453 452
0 0 463 462
0 0 465 464
0 0 467 466
0 0 469 468
0 0 489 488
0 0 491 490
0 0 493 492
0 0 495 494
0 0 503 502
50 44 47 46
66 64 57 56
51 45 49 48
67 65 63 62
126 122 97 96
132 128 99 98
127 123 125 124
133 129 131 130
447 443 377 376
453 451 381 380
465 463 383 382
469 467 387 386
491 489 389 388
495 493 393 392
503 501 395 394
446 442 445 444
452 450 449 448
464 462 455 454
468 466 457 456
490 488 475 474
494 492 477 476
502 500 479 478
56 46 53 52
98 96 73 72
57 47 55 54
99 97 79 78
62 48 59 58
130 124 87 86
63 49 61 60
131 125 95 94
380 376 253 252
386 382 255 254
392 388 257 256
496 394 259 258
448 444 289 288
456 454 293 292
476 474 295 294
497 478 299 298
449 445 353 352
457 455 357 356
477 475 361 360
499 479 365 364
381 377 379 378
387 383 385 384
393 389 391 390
498 395 397 396
72 52 69 68
73 53 71 70
78 54 75 74
-1 55 77 76
-1 79 81 80
86 58 83 82
-1 59 85 84
-1 87 89 88
94 60 91 90
95 61 93 92
254 252 183 182
258 256 187 186
255 253 247 246
259 257 251 250
292 288 261 260
298 294 263 262
293 289 291 290
299 295 297 296
356 352 325 324
364 360 327 326
384 378 399 398
396 390 401 400
-1 353 355 354
-1 357 359 358
-1 379 427 426
-1 385 429 428
-1 361 363 362
-1 365 367 366
-1 391 431 430
-1 397 433 432
148 90 145 144
186 182 157 156
104 68 101 100
262 260 163 162
105 69 103 102
263 261 169 168
110 70 107 106
296 290 175 174
111 71 109 108
297 291 181 180
149 91 147 146
187 183 185 184
116 74 113 112
326 324 197 196
117 75 115 114
327 325 203 202
80 76 119 118
81 77 121 120
154 92 151 150
250 246 219 218
138 82 135 134
400 398 227 226
139 83 137 136
401 399 233 232
88 84 141 140
89 85 143 142
155 93 153 152
251 247 249 248
358 354 459 458
366 362 481 480
359 355 461 460
367 363 483 482
428 426 471 470
432 430 485 484
429 427 473 472
433 431 487 486
156 144 105 104
157 145 111 110
184 146 117 116
218 150 139 138
248 152 149 148
249 153 155 154
-1 147 189 188
-1 185 191 190
-1 151 217 216
-1 219 221 220
162 100 159 158
163 101 161 160
168 102 165 164
169 103 167 166
174 106 171 170
175 107 173 172
180 108 177 176
181 109 179 178
196 112 193 192
197 113 195 194
202 114 199 198
203 115 201 200
208 118 205 204
480 458 369 368
209 119 207 206
481 459 371 370
214 120 211 210
482 460 373 372
215 121 213 212
483 461 375 374
226 134 223 222
227 135 225 224
232 136 229 228
233 137 231 230
238 140 235 234
484 470 435 434
239 141 237 236
485 471 437 436
244 142 241 240
486 472 439 438
245 143 243 242
487 473 441 440
190 188 209 208
191 189 215 214
220 216 239 238
221 217 245 244
269 158 1 1
268 159 1 1
368 204 269 268
275 160 1 1
274 161 1 1
369 205 275 274
281 164 1 1
280 165 1 1
370 206 281 280
287 166 1 1
286 167 1 1
371 207 287 286
305 170 1 1
304 171 1 1
434 234 305 304
311 172 1 1
310 173 1 1
435 235 311 310
317 176 1 1
316 177 1 1
436 236 317 316
323 178 1 1
322 179 1 1
437 237 323 322
333 192 1 1
332 193 1 1
372 210 333 332
339 194 1 1
338 195 1 1
373 211 339 338
345 198 1 1
344 199 1 1
374 212 345 344
351 200 1 1
350 201 1 1
375 213 351 350
407 222 1 1
406 223 1 1
440 242 407 406
413 224 1 1
412 225 1 1
441 243 413 412
419 228 415 414
418 229 1 1
438 240 419 418
425 230 421 1
424 231 1 1
439 241 425 424
-1 421 501 500
-1 414 497 496
-1 415 499 498
