0 0 -1 44
0 0 -1 47
0 0 53 52
0 0 57 56
0 0 105 104
0 0 107 106
0 0 109 108
0 0 111 110
92 0 -1 138
96 0 -1 140
93 0 -1 139
97 0 -1 141
0 0 163 162
0 0 165 164
0 0 167 166
0 0 169 168
0 0 173 172
0 0 177 176
0 0 -1 178
0 0 -1 179
0 0 -1 180
0 0 -1 181
143 0 -1 182
142 0 -1 183
47 44 46 45
56 52 -1 54
57 53 -1 55
106 104 67 66
110 108 73 72
107 105 85 84
111 109 89 88
164 162 121 120
168 166 127 126
165 163 145 144
169 167 149 148
180 82 -1 118
181 83 -1 119
182 136 -1 156
183 137 -1 157
141 139 161 160
176 172 -1 174
177 173 -1 175
178 138 -1 158
179 140 -1 159
54 45 49 48
55 46 51 50
72 66 -1 68
73 67 -1 69
88 84 -1 86
89 85 -1 87
158 61 -1 82
156 71 -1 83
126 120 -1 122
127 121 -1 123
159 131 -1 134
157 125 -1 135
148 144 -1 146
149 145 -1 147
119 118 155 154
174 160 -1 170
175 161 -1 171
68 48 59 58
128 123 79 78
-1 49 61 60
-1 69 71 70
86 50 63 62
150 146 95 94
87 51 65 64
151 147 103 102
170 154 133 132
-1 122 125 124
171 155 153 152
135 134 137 136
79 58 1 1
78 59 1 1
94 62 1 1
103 64 99 1
102 65 1 1
70 60 81 80
130 124 117 116
132 112 -1 128
133 113 -1 129
-1 63 93 92
-1 95 97 96
152 114 -1 150
153 115 -1 151
-1 99 143 142
116 80 113 112
-1 129 131 130
117 81 115 114
