0 0 -1 45
0 0 -1 48
0 0 -1 163
0 0 -1 165
0 0 -1 167
0 0 -1 168
0 0 -1 169
0 0 -1 171
0 0 -1 181
0 0 -1 182
0 0 -1 51
0 0 -1 52
0 0 60 59
0 0 64 63
0 0 -1 173
0 0 -1 174
0 0 -1 183
0 0 -1 184
75 0 151 150
190 0 188 187
0 0 -1 73
0 0 -1 76
191 0 -1 189
167 163 -1 164
168 165 -1 166
51 45 47 46
63 59 -1 61
64 60 -1 62
173 169 -1 170
174 171 -1 172
183 181 176 175
187 150 -1 185
188 151 -1 186
189 182 -1 179
184 152 -1 180
-1 52 54 53
121 76 78 77
180 48 50 49
-1 73 75 74
61 46 56 55
62 47 58 57
170 164 143 142
185 175 -1 177
186 176 -1 178
179 111 -1 112
77 49 125 124
78 50 127 126
172 166 162 161
114 53 117 116
157 54 119 118
122 74 149 148
-1 112 147 146
81 55 66 65
82 56 68 67
97 57 70 69
98 58 72 71
177 142 141 140
178 143 145 144
140 124 88 87
141 125 94 93
144 126 104 103
145 127 110 109
159 116 154 153
158 117 156 155
-1 161 158 157
-1 162 160 159
136 118 80 79
138 119 96 95
-1 148 137 136
-1 149 139 138
193 146 -1 192
88 65 1 1
87 66 1 1
94 67 1 1
93 68 1 1
104 69 1 1
103 70 1 1
110 71 1 1
109 72 1 1
-1 147 194 193
-1 153 129 128
-1 154 131 130
-1 155 133 132
-1 156 135 134
128 79 -1 81
130 80 -1 82
132 95 -1 97
134 96 -1 98
137 129 -1 111
160 131 -1 113
139 133 -1 121
-1 192 191 190
194 123 -1 152
135 115 -1 120
-1 113 115 114
-1 120 123 122
