0 0 -1 45
0 0 -1 48
0 0 54 53
0 0 58 57
0 0 96 95
0 0 98 97
0 0 100 99
0 0 102 101
0 0 -1 213
0 0 -1 215
0 0 -1 219
0 0 -1 220
0 0 -1 221
0 0 -1 224
0 0 228 227
0 0 232 231
0 0 -1 241
0 0 -1 244
0 0 246 245
0 0 250 249
0 0 264 263
195 0 268 267
48 45 47 46
57 53 -1 55
58 54 -1 56
97 95 68 67
101 99 72 71
98 96 82 81
102 100 86 85
219 213 -1 214
220 215 -1 216
224 221 223 222
231 227 -1 229
232 228 -1 230
244 241 243 242
249 245 -1 247
250 246 -1 248
263 199 252 251
267 265 256 255
264 200 258 257
268 266 262 261
55 46 50 49
56 47 52 51
71 67 -1 69
72 68 -1 70
85 81 -1 83
86 82 -1 84
216 214 218 217
229 222 -1 225
230 223 -1 226
247 242 234 233
248 243 238 237
255 251 -1 253
256 252 -1 254
261 257 -1 259
262 258 -1 260
69 49 60 59
70 50 62 61
83 51 64 63
84 52 66 65
225 217 188 187
226 218 206 205
253 233 -1 235
254 234 -1 236
259 237 -1 239
260 238 -1 240
105 59 74 73
106 60 76 75
121 61 78 77
122 62 80 79
137 63 88 87
-1 64 90 89
155 65 92 91
156 66 94 93
235 187 186 185
236 188 190 189
239 205 192 191
240 206 208 207
112 73 1 1
111 74 1 1
185 157 112 111
118 75 1 1
117 76 1 1
186 158 118 117
128 77 1 1
127 78 1 1
189 159 128 127
134 79 1 1
133 80 1 1
190 160 134 133
145 87 142 1
192 164 146 145
207 165 162 161
208 166 168 167
140 90 152 151
161 91 158 157
162 92 160 159
191 163 194 193
167 93 164 163
-1 88 144 143
139 89 150 149
168 94 166 165
-1 142 196 195
209 151 170 169
211 152 180 179
147 143 198 197
-1 146 148 147
212 149 202 201
210 150 204 203
-1 193 210 209
-1 194 212 211
148 144 200 199
-1 196 266 265
181 169 104 103
183 170 120 119
182 179 136 135
184 180 154 153
-1 201 172 171
-1 202 174 173
-1 203 176 175
-1 204 178 177
-1 197 182 181
-1 198 184 183
171 103 -1 105
173 104 -1 106
175 119 -1 121
177 120 -1 122
172 135 -1 137
174 136 -1 138
176 153 -1 155
178 154 -1 156
-1 138 140 139
