0 0 46 45
0 0 50 49
0 0 58 57
0 0 61 60
0 0 71 70
0 0 77 76
0 0 86 85
0 0 90 89
0 0 118 117
0 0 122 121
0 0 141 140
0 0 147 146
0 0 176 175
0 0 179 178
0 0 186 185
0 0 192 191
0 0 196 195
0 0 200 199
0 0 208 207
0 0 210 209
0 0 216 215
265 0 228 227
57 45 -1 47
60 49 -1 51
237 46 -1 48
239 50 -1 52
76 70 73 72
89 85 81 80
77 71 75 74
129 117 -1 119
131 121 -1 123
130 118 -1 120
132 122 -1 124
146 140 143 142
147 141 145 144
175 58 -1 59
178 61 -1 62
233 176 -1 177
235 179 -1 180
191 185 188 187
90 86 88 87
192 186 190 189
229 195 -1 197
207 199 -1 201
231 196 -1 198
208 200 -1 202
215 209 212 211
227 225 220 219
216 210 214 213
228 226 224 223
51 47 54 53
52 48 56 55
80 72 -1 78
81 73 -1 79
91 74 -1 82
94 75 -1 83
123 119 126 125
124 120 128 127
153 142 -1 148
155 143 -1 149
154 144 -1 150
156 145 -1 151
62 59 182 181
180 177 184 183
187 87 -1 193
188 88 -1 194
189 92 -1 93
190 95 -1 96
201 197 204 203
202 198 206 205
219 211 -1 217
220 212 -1 218
223 213 -1 221
224 214 -1 222
78 53 64 63
221 205 102 101
79 54 66 65
222 206 108 107
82 55 68 67
217 203 114 113
182 56 -1 69
194 83 -1 84
148 125 134 133
183 93 162 161
149 126 136 135
184 96 168 167
150 127 138 137
193 181 174 173
204 128 -1 139
218 151 -1 152
84 69 116 115
-1 139 130 129
-1 152 132 131
101 63 98 97
161 133 158 157
102 64 100 99
162 134 160 159
107 65 104 103
167 135 164 163
108 66 106 105
168 136 166 165
113 67 110 109
173 137 170 169
114 68 112 111
174 138 172 171
-1 115 234 233
-1 116 238 237
158 97 1 1
157 98 1 1
160 99 1 1
159 100 1 1
164 103 1 1
163 104 1 1
166 105 1 1
165 106 1 1
170 109 258 257
169 110 1 1
172 111 262 1
171 112 1 1
-1 262 266 265
-1 257 230 229
-1 258 232 231
-1 234 236 235
-1 238 240 239
-1 266 226 225
-1 230 92 91
-1 232 95 94
-1 236 154 153
-1 240 156 155
