0 0 46 45
0 0 50 49
0 0 58 57
0 0 61 60
0 0 77 76
0 0 83 82
0 0 92 91
0 0 96 95
0 0 126 125
0 0 129 128
0 0 150 149
0 0 156 155
0 0 198 197
0 0 200 199
0 0 206 205
0 0 212 211
0 0 216 215
0 0 220 219
0 0 228 227
0 0 230 229
0 0 236 235
288 0 248 247
57 45 -1 47
60 49 -1 51
67 46 -1 48
70 50 -1 52
82 76 79 78
95 91 87 86
83 77 81 80
125 68 -1 69
128 71 -1 72
140 126 -1 127
144 129 -1 130
155 149 152 151
156 150 154 153
197 58 -1 59
199 61 -1 62
198 162 -1 163
200 165 -1 166
211 205 208 207
96 92 94 93
212 206 210 209
249 215 -1 217
227 219 -1 221
252 216 -1 218
228 220 -1 222
235 229 232 231
247 245 240 239
236 230 234 233
248 246 244 243
51 47 54 53
52 48 56 55
86 78 -1 84
87 79 -1 85
97 80 -1 88
100 81 -1 89
72 69 132 131
130 127 134 133
161 151 -1 157
164 152 -1 158
167 153 -1 159
171 154 -1 160
62 59 202 201
166 163 204 203
207 93 -1 213
208 94 -1 214
209 98 -1 99
210 101 -1 102
221 217 224 223
222 218 226 225
239 231 -1 237
240 232 -1 238
243 233 -1 241
244 234 -1 242
84 53 64 63
241 225 108 107
85 54 66 65
242 226 114 113
88 55 74 73
237 223 120 119
202 56 -1 75
214 89 -1 90
157 131 136 135
203 99 180 179
158 132 138 137
204 102 186 185
159 133 146 145
213 201 192 191
160 134 148 147
238 224 196 195
-1 148 140 139
-1 196 144 143
195 147 194 193
107 63 104 103
179 135 176 175
108 64 106 105
180 136 178 177
113 65 110 109
185 137 182 181
114 66 112 111
186 138 184 183
119 73 116 115
191 145 188 187
120 74 118 117
192 146 190 189
-1 75 122 121
-1 90 124 123
-1 194 68 67
250 122 -1 251
253 124 -1 254
193 173 258 257
176 103 1 1
175 104 1 1
178 105 1 1
177 106 1 1
182 109 1 1
181 110 1 1
184 111 1 1
183 112 1 1
188 115 1 1
187 116 1 1
190 117 -1 279
189 118 1 1
123 121 283 282
143 139 142 141
-1 279 285 284
-1 257 162 161
-1 258 165 164
-1 282 250 249
-1 283 253 252
254 251 256 255
172 142 174 173
168 141 170 169
287 284 -1 286
-1 285 288 287
-1 174 71 70
-1 255 98 97
-1 256 101 100
-1 169 168 167
-1 170 172 171
-1 286 246 245
