0 0 -1 45
0 0 -1 47
0 0 -1 51
0 0 -1 52
0 0 -1 57
0 0 -1 60
0 0 66 65
0 0 -1 105
0 0 -1 108
0 0 110 109
0 0 114 113
0 0 248 247
0 0 252 251
0 0 254 253
0 0 258 257
0 0 325 324
0 0 329 328
0 0 331 330
0 0 335 334
0 0 337 336
0 0 341 340
360 0 347 346
51 45 -1 46
52 47 -1 48
60 57 59 58
75 65 -1 63
78 66 -1 64
108 105 107 106
113 109 -1 111
114 110 -1 112
251 247 234 233
257 253 237 236
328 324 240 239
334 330 244 243
340 336 264 263
346 342 268 267
252 248 250 249
258 254 256 255
329 325 327 326
335 331 333 332
341 337 339 338
347 343 345 344
48 46 50 49
63 58 -1 61
64 59 -1 62
111 106 82 81
112 107 94 93
236 233 194 193
240 98 -1 169
244 171 -1 172
255 249 200 199
256 250 202 201
332 326 224 223
344 338 228 227
264 234 -1 235
268 237 -1 238
243 239 242 241
267 263 266 265
333 327 353 352
345 339 355 354
61 49 54 53
62 50 56 55
115 81 -1 83
116 82 -1 84
117 93 -1 95
118 94 -1 96
200 174 144 143
199 173 150 149
201 175 160 159
202 176 166 165
193 167 184 183
194 168 189 188
227 223 204 203
266 242 216 215
265 241 222 221
-1 169 196 195
-1 172 198 197
-1 235 260 259
-1 238 262 261
228 224 226 225
355 353 349 348
354 352 351 350
83 53 68 67
84 54 70 69
95 55 72 71
96 56 74 73
149 87 146 145
207 203 192 191
150 88 148 147
208 204 206 205
143 85 140 139
229 225 232 231
183 101 180 179
221 211 218 217
184 102 182 181
222 212 220 219
216 189 -1 190
188 103 186 185
215 209 214 213
197 195 246 245
261 259 270 269
196 124 -1 125
198 127 -1 128
260 130 -1 131
262 133 -1 134
144 86 142 141
230 226 298 297
159 89 156 155
350 295 304 303
160 90 158 157
351 296 310 309
165 91 162 161
348 293 316 315
166 92 164 163
349 294 321 320
-1 125 136 135
-1 128 138 137
135 67 86 85
137 68 88 87
151 69 90 89
153 70 92 91
136 71 98 97
191 145 171 170
138 72 100 99
192 146 178 177
152 73 102 101
154 74 104 103
231 139 208 207
205 147 210 209
206 148 212 211
218 179 1 1
217 180 1 1
220 181 1 1
219 182 1 1
214 185 1 1
213 186 1 1
270 245 288 287
269 246 290 289
134 131 292 291
304 155 1 1
303 156 1 1
310 157 1 1
309 158 1 1
316 161 1 1
315 162 1 1
321 163 -1 317
320 164 1 1
-1 190 282 281
232 140 230 229
297 141 294 293
298 142 296 295
-1 317 357 356
-1 287 124 123
-1 288 127 126
-1 289 130 129
-1 290 133 132
282 79 -1 80
-1 291 152 151
-1 292 154 153
170 97 168 167
177 99 174 173
178 100 176 175
210 104 -1 187
281 279 323 322
359 356 -1 358
-1 357 360 359
-1 322 76 75
-1 323 79 78
123 119 -1 115
126 121 -1 116
129 120 -1 117
132 122 -1 118
-1 80 122 121
-1 187 280 279
-1 358 343 342
280 76 -1 77
-1 77 120 119
