0 0 -1 45
0 0 -1 48
0 0 54 53
0 0 58 57
0 0 104 103
0 0 106 105
0 0 108 107
0 0 110 109
0 0 140 139
0 0 144 143
0 0 146 145
0 0 150 149
0 0 304 303
0 0 306 305
0 0 308 307
0 0 310 309
0 0 312 311
0 0 314 313
0 0 316 315
0 0 318 317
0 0 -1 357
355 0 -1 360
48 45 47 46
57 53 -1 55
58 54 -1 56
105 103 68 67
109 107 72 71
106 104 86 85
110 108 90 89
143 139 112 111
149 145 114 113
144 140 142 141
150 146 148 147
305 303 202 201
309 307 206 205
313 311 208 207
317 315 212 211
306 304 266 265
310 308 270 269
314 312 272 271
318 316 276 275
360 357 359 358
55 46 50 49
56 47 52 51
71 67 -1 69
72 68 -1 70
113 111 78 77
114 112 84 83
89 85 -1 87
90 86 -1 88
147 141 96 95
148 142 101 100
205 201 174 173
211 207 176 175
206 202 204 203
212 208 210 209
269 265 238 237
275 271 240 239
270 266 268 267
276 272 274 273
367 358 362 361
368 359 364 363
69 49 60 59
70 50 62 61
87 51 64 63
88 52 66 65
77 59 74 73
175 173 120 119
78 60 76 75
176 174 126 125
83 61 80 79
209 203 132 131
84 62 82 81
210 204 138 137
95 63 92 91
239 237 156 155
96 64 94 93
240 238 162 161
100 65 98 97
273 267 167 166
391 101 -1 102
372 362 288 287
268 124 -1 197
274 199 -1 200
375 363 328 327
376 364 334 333
371 361 336 335
288 66 -1 99
119 73 116 115
120 74 118 117
125 75 122 121
126 76 124 123
131 79 128 127
132 80 130 129
137 81 134 133
138 82 136 135
155 91 152 151
156 92 154 153
161 93 158 157
162 94 160 159
196 98 -1 165
290 167 -1 168
166 97 164 163
-1 102 172 171
-1 197 296 295
-1 200 298 297
385 327 320 319
387 328 322 321
392 334 324 323
390 333 326 325
388 336 330 329
386 335 332 331
389 287 290 289
319 179 182 181
320 180 188 187
321 177 194 193
322 178 199 198
218 127 1 1
217 128 1 1
325 185 218 217
224 129 1 1
223 130 1 1
326 186 224 223
230 133 1 1
229 134 1 1
323 183 230 229
236 135 1 1
235 136 1 1
324 184 236 235
246 151 1 1
245 152 1 1
331 191 246 245
252 153 1 1
251 154 1 1
332 192 252 251
258 157 1 1
257 158 1 1
329 189 258 257
264 159 1 1
263 160 1 1
330 190 264 263
286 163 282 1
285 164 1 1
289 195 286 285
-1 99 170 169
182 116 180 179
181 115 178 177
187 117 184 183
188 118 186 185
193 121 190 189
194 122 192 191
198 123 196 195
171 169 292 291
297 295 300 299
342 172 -1 294
340 296 -1 301
344 298 -1 302
-1 165 278 277
-1 168 280 279
-1 282 356 355
338 170 -1 293
-1 277 350 349
-1 279 353 352
-1 291 338 337
-1 299 342 341
-1 292 340 339
-1 300 344 343
350 278 -1 351
353 280 -1 354
294 293 346 345
302 301 348 347
-1 356 370 369
352 349 366 365
341 337 374 373
343 339 378 377
354 351 384 383
348 345 394 393
347 346 396 395
369 365 -1 367
370 366 -1 368
379 373 -1 371
381 374 -1 372
380 377 -1 375
382 378 -1 376
-1 383 380 379
-1 384 382 381
-1 393 386 385
-1 394 388 387
-1 395 390 389
-1 396 392 391
