0 0 -1 45
0 0 -1 47
0 0 -1 51
0 0 -1 52
0 0 -1 57
0 0 -1 60
0 0 66 65
0 0 -1 105
0 0 -1 108
0 0 110 109
0 0 114 113
0 0 256 255
0 0 260 259
0 0 262 261
0 0 266 265
0 0 326 325
0 0 330 329
0 0 332 331
0 0 336 335
0 0 342 341
0 0 346 345
371 0 352 351
51 45 -1 46
52 47 -1 48
60 57 59 58
75 65 -1 63
78 66 -1 64
108 105 107 106
113 109 -1 111
114 110 -1 112
259 255 222 221
265 261 224 223
329 325 238 237
335 331 242 241
345 341 244 243
351 347 248 247
260 256 258 257
266 262 264 263
330 326 328 327
336 332 334 333
346 342 344 343
352 348 350 349
48 46 50 49
63 58 -1 61
64 59 -1 62
111 106 82 81
112 107 94 93
223 221 190 189
224 222 206 205
263 257 208 207
264 258 210 209
241 237 212 211
247 243 216 215
242 238 240 239
248 244 246 245
333 327 354 353
349 343 358 357
334 328 368 367
350 344 370 369
61 49 54 53
62 50 56 55
115 81 -1 83
116 82 -1 84
117 93 -1 95
118 94 -1 96
207 195 144 143
208 196 150 149
209 197 156 155
210 198 162 161
189 187 168 167
190 188 174 173
205 191 180 179
206 192 185 184
215 211 202 201
216 212 214 213
357 353 250 249
245 239 338 337
246 240 340 339
358 354 356 355
370 368 364 363
369 367 366 365
83 53 68 67
84 54 70 69
95 55 72 71
96 56 74 73
167 97 164 163
203 201 194 193
168 98 166 165
204 202 200 199
149 87 146 145
253 249 220 219
173 99 170 169
218 214 230 229
174 100 172 171
217 213 236 235
179 101 176 175
339 299 272 271
180 102 178 177
340 300 278 277
338 104 -1 183
298 185 -1 186
184 103 182 181
337 297 286 285
143 85 140 139
355 287 290 289
144 86 142 141
356 288 296 295
150 88 148 147
254 250 252 251
155 89 152 151
365 293 306 305
156 90 154 153
366 294 312 311
161 91 158 157
363 291 318 317
162 92 160 159
364 292 324 323
125 67 86 85
129 68 88 87
133 69 90 89
137 70 92 91
126 71 98 97
130 72 100 99
134 73 102 101
138 74 104 103
194 164 188 187
219 145 204 203
193 163 192 191
199 165 196 195
200 166 198 197
230 169 226 225
229 170 228 227
236 171 1 1
235 172 1 1
220 146 218 217
289 139 254 253
272 175 1 1
271 176 1 1
278 177 1 1
277 178 1 1
186 183 280 279
286 181 1 1
285 182 1 1
306 151 1 1
305 152 1 1
312 153 1 1
311 154 1 1
318 157 1 1
317 158 1 1
324 159 320 1
323 160 1 1
251 147 298 297
252 148 300 299
290 140 288 287
295 141 292 291
296 142 294 293
-1 320 372 371
-1 225 124 123
-1 226 128 127
-1 227 132 131
-1 228 136 135
-1 279 360 359
-1 280 362 361
-1 372 348 347
-1 360 76 75
-1 362 79 78
123 119 -1 115
127 121 -1 116
131 120 -1 117
135 122 -1 118
359 76 -1 77
361 79 -1 80
-1 124 126 125
-1 128 130 129
-1 132 134 133
-1 136 138 137
-1 77 120 119
-1 80 122 121
