0 0 -1 45
0 0 -1 48
0 0 54 53
0 0 58 57
0 0 104 103
0 0 106 105
0 0 108 107
0 0 110 109
0 0 140 139
0 0 144 143
0 0 146 145
0 0 150 149
0 0 306 305
0 0 308 307
0 0 310 309
0 0 312 311
0 0 314 313
0 0 316 315
0 0 318 317
0 0 320 319
0 0 -1 369
367 0 -1 372
48 45 47 46
57 53 -1 55
58 54 -1 56
105 103 68 67
109 107 72 71
106 104 86 85
110 108 90 89
143 139 112 111
149 145 114 113
144 140 142 141
150 146 148 147
307 305 206 205
311 309 210 209
315 313 212 211
319 317 216 215
308 306 270 269
312 310 274 273
316 314 276 275
320 318 280 279
372 369 371 370
55 46 50 49
56 47 52 51
71 67 -1 69
72 68 -1 70
113 111 78 77
114 112 84 83
89 85 -1 87
90 86 -1 88
147 141 96 95
148 142 102 101
209 205 178 177
215 211 180 179
210 206 208 207
216 212 214 213
273 269 242 241
279 275 244 243
274 270 272 271
280 276 278 277
377 370 374 373
378 371 376 375
69 49 60 59
70 50 62 61
87 51 64 63
88 52 66 65
77 59 74 73
179 177 120 119
78 60 76 75
180 178 126 125
83 61 80 79
213 207 132 131
84 62 82 81
214 208 138 137
95 63 92 91
243 241 156 155
96 64 94 93
244 242 162 161
101 65 98 97
277 271 168 167
102 66 100 99
278 272 176 175
385 375 330 329
386 376 344 343
381 373 346 345
382 374 360 359
119 73 116 115
120 74 118 117
125 75 122 121
126 76 124 123
131 79 128 127
132 80 130 129
137 81 134 133
138 82 136 135
155 91 152 151
156 92 154 153
161 93 158 157
162 94 160 159
167 97 164 163
-1 98 166 165
-1 168 170 169
175 99 172 171
176 100 174 173
389 329 322 321
391 330 324 323
395 344 326 325
393 343 328 327
392 346 332 331
390 345 334 333
396 360 336 335
394 359 340 339
321 183 186 185
322 184 192 191
323 181 198 197
324 182 204 203
222 127 1 1
221 128 1 1
327 189 222 221
228 129 1 1
227 130 1 1
328 190 228 227
234 133 1 1
233 134 1 1
325 187 234 233
240 135 1 1
239 136 1 1
326 188 240 239
250 151 1 1
249 152 1 1
333 195 250 249
256 153 1 1
255 154 1 1
334 196 256 255
262 157 1 1
261 158 1 1
331 193 262 261
268 159 1 1
267 160 1 1
332 194 268 267
286 163 1 1
285 164 1 1
339 201 286 285
295 171 1 1
335 199 296 295
304 173 300 1
303 174 1 1
336 200 304 303
186 116 184 183
185 115 182 181
191 117 188 187
192 118 190 189
197 121 194 193
198 122 196 195
203 123 200 199
204 124 202 201
169 165 288 287
170 166 290 289
-1 340 342 341
-1 172 294 293
-1 300 368 367
352 287 348 347
351 288 350 349
341 337 352 351
342 338 358 357
-1 202 338 337
-1 296 298 297
297 293 362 361
357 289 354 353
358 290 356 355
-1 294 364 363
-1 368 380 379
379 361 -1 377
380 362 -1 378
383 353 -1 381
384 354 -1 382
365 363 384 383
387 355 -1 385
388 356 -1 386
366 364 388 387
-1 298 366 365
-1 347 390 389
-1 348 392 391
-1 349 394 393
-1 350 396 395
