0 0 -1 45
0 0 -1 47
0 0 -1 51
0 0 -1 52
0 0 -1 57
0 0 -1 60
0 0 64 63
0 0 68 67
0 0 -1 106
0 0 -1 109
0 0 111 110
0 0 115 114
0 0 129 128
0 0 131 130
0 0 133 132
0 0 135 134
0 0 -1 176
0 0 -1 179
0 0 -1 188
0 0 -1 191
0 0 -1 204
218 0 -1 207
51 45 -1 46
52 47 -1 48
60 57 59 58
67 63 -1 65
68 64 -1 66
109 106 108 107
114 110 -1 112
115 111 -1 113
130 128 117 116
134 132 121 120
131 129 123 122
135 133 127 126
179 176 178 177
191 188 190 189
207 204 206 205
48 46 50 49
65 58 -1 61
66 59 -1 62
112 107 77 76
113 108 93 92
120 116 -1 118
121 117 -1 119
126 122 -1 124
127 123 -1 125
209 206 157 156
208 205 173 172
184 177 -1 180
185 178 -1 181
196 189 -1 192
197 190 -1 193
61 49 54 53
62 50 56 55
118 76 -1 78
119 77 -1 79
124 92 -1 94
125 93 -1 95
192 180 137 136
214 156 -1 158
215 157 -1 159
193 181 163 162
212 172 -1 174
213 173 -1 175
78 53 70 69
158 136 87 86
-1 54 72 71
-1 79 81 80
163 56 -1 75
175 94 -1 96
95 55 74 73
174 162 105 104
-1 137 139 138
-1 159 161 160
87 69 1 1
86 70 1 1
105 73 -1 101
104 74 1 1
80 71 89 88
160 138 145 144
81 72 91 90
161 139 155 154
-1 75 98 97
-1 96 100 99
-1 101 171 170
99 97 165 164
-1 88 141 140
-1 144 147 146
-1 98 167 166
-1 100 169 168
-1 89 143 142
-1 145 149 148
154 90 151 150
155 91 153 152
217 170 -1 216
-1 171 218 217
146 140 183 182
168 166 187 186
148 142 195 194
194 164 -1 196
195 165 -1 197
169 167 201 200
198 150 -1 212
199 151 -1 213
147 141 199 198
202 152 -1 214
203 153 -1 215
149 143 203 202
-1 216 211 210
210 200 -1 208
211 201 -1 209
186 182 -1 184
187 183 -1 185
