0 0 -1 46
0 0 -1 49
0 0 55 54
0 0 59 58
0 0 97 96
0 0 99 98
0 0 101 100
0 0 103 102
0 0 -1 214
0 0 -1 216
0 0 -1 220
0 0 -1 221
0 0 -1 222
0 0 -1 225
0 0 229 228
0 0 233 232
0 0 -1 242
0 0 -1 245
0 0 247 246
0 0 251 250
0 0 265 264
0 0 267 266
49 46 48 47
58 54 -1 56
59 55 -1 57
98 96 69 68
102 100 73 72
99 97 83 82
103 101 87 86
220 214 -1 215
221 216 -1 217
225 222 224 223
232 228 -1 230
233 229 -1 231
245 242 244 243
250 246 -1 248
251 247 -1 249
264 200 253 252
266 196 257 256
265 201 259 258
267 197 263 262
56 47 51 50
57 48 53 52
72 68 -1 70
73 69 -1 71
86 82 -1 84
87 83 -1 85
217 215 219 218
230 223 -1 226
231 224 -1 227
248 243 235 234
249 244 239 238
256 252 -1 254
257 253 -1 255
262 258 -1 260
263 259 -1 261
70 50 61 60
71 51 63 62
84 52 65 64
85 53 67 66
226 218 189 188
227 219 207 206
254 234 -1 236
255 235 -1 237
260 238 -1 240
261 239 -1 241
106 60 75 74
107 61 77 76
122 62 79 78
123 63 81 80
138 64 89 88
-1 65 91 90
156 66 93 92
157 67 95 94
236 188 187 186
237 189 191 190
240 206 193 192
241 207 209 208
113 74 1 1
112 75 1 1
186 158 113 112
119 76 1 1
118 77 1 1
187 159 119 118
129 78 1 1
128 79 1 1
190 160 129 128
135 80 1 1
134 81 1 1
191 161 135 134
146 88 143 1
193 165 147 146
208 166 163 162
209 167 169 168
141 91 153 152
162 92 159 158
163 93 161 160
192 164 195 194
168 94 165 164
-1 89 145 144
140 90 151 150
169 95 167 166
-1 143 197 196
210 152 171 170
212 153 181 180
148 144 199 198
-1 147 149 148
213 150 203 202
211 151 205 204
-1 194 211 210
-1 195 213 212
149 145 201 200
182 170 105 104
184 171 121 120
183 180 137 136
185 181 155 154
-1 202 173 172
-1 203 175 174
-1 204 177 176
-1 205 179 178
-1 198 183 182
-1 199 185 184
172 104 -1 106
174 105 -1 107
176 120 -1 122
178 121 -1 123
173 136 -1 138
175 137 -1 139
177 154 -1 156
179 155 -1 157
-1 139 141 140
