0 0 -1 46
0 0 -1 49
0 0 55 54
0 0 59 58
0 0 107 106
0 0 109 108
0 0 111 110
0 0 113 112
63 0 -1 84
73 0 -1 87
133 0 -1 138
125 0 -1 141
0 0 167 166
0 0 169 168
0 0 171 170
0 0 173 172
0 0 -1 176
0 0 -1 177
0 0 -1 178
0 0 -1 179
0 0 183 182
0 0 187 186
0 0 -1 188
0 0 -1 189
49 46 48 47
58 54 -1 56
59 55 -1 57
108 106 69 68
112 110 75 74
109 107 89 88
113 111 93 92
168 166 121 120
172 170 127 126
169 167 149 148
173 171 153 152
176 84 -1 118
177 87 -1 119
178 138 -1 146
179 141 -1 147
188 164 -1 180
189 165 -1 181
186 182 -1 184
187 183 -1 185
56 47 51 50
57 48 53 52
74 68 -1 70
75 69 -1 71
92 88 -1 90
93 89 -1 91
126 120 -1 122
127 121 -1 123
152 148 -1 150
153 149 -1 151
146 83 -1 116
180 86 -1 117
147 137 -1 144
181 140 -1 145
119 118 163 162
184 160 -1 174
185 161 -1 175
70 50 61 60
130 123 81 80
-1 51 63 62
-1 71 73 72
90 52 65 64
156 150 99 98
91 53 67 66
157 151 105 104
174 162 129 128
-1 122 125 124
175 163 155 154
117 116 161 160
145 144 165 164
81 60 1 1
80 61 1 1
99 64 1 1
98 65 1 1
105 66 1 1
104 67 1 1
-1 62 83 82
-1 72 86 85
134 128 -1 130
135 129 -1 131
-1 124 140 139
158 154 -1 156
159 155 -1 157
-1 131 133 132
85 82 115 114
139 136 143 142
142 114 135 134
-1 132 137 136
143 115 159 158
