0 0 47 46
0 0 51 50
0 0 59 58
0 0 62 61
0 0 72 71
0 0 78 77
0 0 87 86
0 0 91 90
0 0 119 118
0 0 123 122
0 0 142 141
0 0 148 147
0 0 177 176
0 0 180 179
0 0 187 186
0 0 193 192
0 0 197 196
0 0 201 200
0 0 209 208
0 0 211 210
0 0 217 216
0 0 229 228
58 46 -1 48
61 50 -1 52
238 47 -1 49
240 51 -1 53
77 71 74 73
90 86 82 81
78 72 76 75
130 118 -1 120
132 122 -1 124
131 119 -1 121
133 123 -1 125
147 141 144 143
148 142 146 145
176 59 -1 60
179 62 -1 63
234 177 -1 178
236 180 -1 181
192 186 189 188
91 87 89 88
193 187 191 190
230 196 -1 198
208 200 -1 202
232 197 -1 199
209 201 -1 203
216 210 213 212
228 226 221 220
217 211 215 214
229 227 225 224
52 48 55 54
53 49 57 56
81 73 -1 79
82 74 -1 80
92 75 -1 83
95 76 -1 84
124 120 127 126
125 121 129 128
154 143 -1 149
156 144 -1 150
155 145 -1 151
157 146 -1 152
63 60 183 182
181 178 185 184
188 88 -1 194
189 89 -1 195
190 93 -1 94
191 96 -1 97
202 198 205 204
203 199 207 206
220 212 -1 218
221 213 -1 219
224 214 -1 222
225 215 -1 223
79 54 65 64
222 206 103 102
80 55 67 66
223 207 109 108
83 56 69 68
218 204 115 114
183 57 -1 70
195 84 -1 85
149 126 135 134
184 94 163 162
150 127 137 136
185 97 169 168
151 128 139 138
194 182 175 174
205 129 -1 140
219 152 -1 153
85 70 117 116
-1 140 131 130
-1 153 133 132
102 64 99 98
162 134 159 158
103 65 101 100
163 135 161 160
108 66 105 104
168 136 165 164
109 67 107 106
169 137 167 166
114 68 111 110
174 138 171 170
115 69 113 112
175 139 173 172
-1 116 235 234
-1 117 239 238
159 98 1 1
158 99 1 1
161 100 1 1
160 101 1 1
165 104 1 1
164 105 1 1
167 106 1 1
166 107 1 1
171 110 259 258
170 111 1 1
173 112 263 1
172 113 1 1
-1 263 227 226
-1 258 231 230
-1 259 233 232
-1 235 237 236
-1 239 241 240
-1 231 93 92
-1 233 96 95
-1 237 155 154
-1 241 157 156
