0 0 47 46
0 0 53 52
0 0 67 66
0 0 69 68
0 0 123 122
0 0 127 126
0 0 163 162
0 0 167 166
0 0 169 168
0 0 175 174
0 0 189 188
0 0 191 190
0 0 -1 240
0 0 -1 243
0 0 249 248
0 0 -1 250
0 0 -1 253
0 0 257 256
0 0 263 262
0 0 269 268
0 0 283 282
0 0 285 284
52 46 49 48
68 66 59 58
53 47 51 50
69 67 65 64
126 122 97 96
166 162 129 128
174 168 171 170
190 188 181 180
175 169 173 172
191 189 187 186
243 240 242 241
248 241 -1 244
249 242 -1 245
253 250 252 251
256 251 -1 254
257 252 -1 255
127 123 125 124
268 262 265 264
284 282 275 274
269 263 267 266
285 283 281 280
167 163 165 164
58 48 55 54
96 94 75 74
59 49 57 56
97 95 81 80
64 50 61 60
154 128 87 86
65 51 63 62
158 129 93 92
254 244 95 94
180 170 177 176
181 171 179 178
186 172 183 182
187 173 185 184
255 245 247 246
274 264 271 270
164 155 157 156
275 265 273 272
165 159 161 160
280 266 277 276
246 124 259 258
281 267 279 278
247 125 261 260
74 54 71 70
270 156 103 102
75 55 73 72
271 157 109 108
80 56 77 76
272 160 115 114
81 57 79 78
273 161 121 120
86 60 83 82
276 258 135 134
87 61 85 84
277 259 141 140
92 62 89 88
278 260 147 146
93 63 91 90
279 261 153 152
214 184 211 210
196 176 193 192
197 177 195 194
202 178 199 198
203 179 201 200
209 183 207 206
215 185 213 212
208 182 205 204
216 210 197 196
217 211 203 202
234 212 209 208
235 213 215 214
206 150 217 216
120 78 117 116
121 79 119 118
102 70 99 98
103 71 101 100
153 91 151 150
207 151 235 234
152 90 149 148
108 72 105 104
201 101 233 232
109 73 107 106
200 100 231 230
114 76 111 110
194 118 223 222
115 77 113 112
195 119 225 224
134 82 131 130
198 98 227 226
135 83 133 132
199 99 229 228
140 84 137 136
204 148 237 236
141 85 139 138
205 149 239 238
146 88 143 142
192 116 219 218
147 89 145 144
193 117 221 220
233 104 287 286
232 105 1 1
231 106 1 1
230 107 1 1
223 110 1 1
222 111 1 1
225 112 1 1
224 113 1 1
227 130 1 1
226 131 1 1
229 132 1 1
228 133 1 1
237 136 1 1
236 137 1 1
239 138 1 1
238 139 1 1
219 142 1 1
218 143 1 1
221 144 1 1
220 145 1 1
-1 286 155 154
-1 287 159 158
