0 0 -1 46
0 0 -1 48
0 0 -1 52
0 0 -1 53
0 0 -1 58
0 0 -1 60
0 0 -1 64
0 0 -1 65
0 0 -1 90
0 0 -1 92
0 0 -1 96
0 0 -1 97
0 0 -1 102
0 0 -1 104
0 0 -1 108
0 0 -1 109
0 0 -1 126
0 0 -1 127
0 0 133 132
0 0 137 136
0 0 -1 138
0 0 -1 139
52 46 -1 47
53 48 -1 49
64 58 -1 59
65 60 -1 61
126 74 -1 70
127 77 -1 71
96 90 -1 91
97 92 -1 93
108 102 -1 103
109 104 -1 105
138 88 -1 114
139 89 -1 115
136 132 -1 134
137 133 -1 135
70 47 -1 50
71 49 -1 51
78 59 -1 62
79 61 -1 63
114 91 -1 94
115 93 -1 95
105 103 107 106
134 130 -1 122
135 131 -1 123
-1 50 55 54
-1 51 57 56
-1 62 67 66
-1 63 69 68
123 106 111 1
122 107 1 1
-1 94 99 98
-1 95 101 100
-1 111 125 124
-1 54 73 72
-1 56 76 75
73 55 -1 74
76 57 -1 77
-1 66 81 80
-1 68 84 83
80 67 -1 82
83 69 -1 85
117 99 -1 118
120 101 -1 121
-1 98 117 116
-1 100 120 119
125 116 -1 128
124 119 -1 129
128 82 -1 78
129 85 -1 79
75 72 87 86
143 81 -1 88
145 84 -1 89
121 118 141 140
142 86 -1 130
144 87 -1 131
-1 140 143 142
-1 141 145 144
