0 0 -1 46
0 0 -1 48
0 0 -1 52
0 0 -1 53
0 0 -1 58
0 0 -1 61
0 0 67 66
0 0 -1 108
0 0 -1 111
0 0 113 112
0 0 117 116
0 0 255 254
0 0 259 258
0 0 261 260
0 0 265 264
0 0 329 328
0 0 333 332
0 0 335 334
0 0 339 338
0 0 345 344
0 0 349 348
0 0 355 354
52 46 -1 47
53 48 -1 49
61 58 60 59
76 66 -1 64
80 67 -1 65
111 108 110 109
116 112 -1 114
117 113 -1 115
258 254 221 220
264 260 223 222
332 328 237 236
338 334 241 240
348 344 243 242
354 350 247 246
259 255 257 256
265 261 263 262
333 329 331 330
339 335 337 336
349 345 347 346
355 351 353 352
49 47 51 50
64 59 -1 62
65 60 -1 63
114 109 85 84
115 110 97 96
222 220 189 188
223 221 205 204
262 256 207 206
263 257 209 208
240 236 211 210
246 242 215 214
241 237 239 238
247 243 245 244
336 330 357 356
352 346 361 360
337 331 367 366
353 347 369 368
62 50 55 54
63 51 57 56
118 84 -1 86
119 85 -1 87
120 96 -1 98
121 97 -1 99
206 194 143 142
207 195 149 148
208 196 155 154
209 197 161 160
188 186 167 166
189 187 173 172
204 190 179 178
205 191 185 184
214 210 201 200
215 211 213 212
360 356 249 248
244 238 341 340
245 239 343 342
361 357 359 358
369 367 363 362
368 366 365 364
86 54 69 68
87 55 71 70
98 56 73 72
99 57 75 74
166 100 163 162
202 200 193 192
167 101 165 164
203 201 199 198
148 90 145 144
252 248 219 218
172 102 169 168
217 213 229 228
173 103 171 170
216 212 235 234
178 104 175 174
342 302 271 270
179 105 177 176
343 303 277 276
184 106 181 180
340 300 283 282
185 107 183 182
341 301 289 288
142 88 139 138
358 290 293 292
143 89 141 140
359 291 299 298
149 91 147 146
253 249 251 250
154 92 151 150
364 296 309 308
155 93 153 152
365 297 315 314
160 94 157 156
362 294 321 320
161 95 159 158
363 295 327 326
124 68 89 88
128 69 91 90
132 70 93 92
136 71 95 94
125 72 101 100
129 73 103 102
133 74 105 104
137 75 107 106
193 163 187 186
218 144 203 202
192 162 191 190
198 164 195 194
199 165 197 196
229 168 225 224
228 169 227 226
235 170 1 1
234 171 1 1
219 145 217 216
292 138 253 252
271 174 1 1
270 175 1 1
277 176 1 1
276 177 1 1
283 180 279 278
282 181 1 1
289 182 1 1
288 183 1 1
309 150 1 1
308 151 1 1
315 152 1 1
314 153 1 1
321 156 1 1
320 157 1 1
327 158 323 1
326 159 1 1
250 146 301 300
251 147 303 302
293 139 291 290
298 140 295 294
299 141 297 296
-1 323 351 350
-1 278 77 76
-1 279 81 80
-1 224 123 122
-1 225 127 126
-1 226 131 130
-1 227 135 134
122 78 -1 118
126 82 -1 119
130 79 -1 120
134 83 -1 121
-1 77 79 78
-1 81 83 82
-1 123 125 124
-1 127 129 128
-1 131 133 132
-1 135 137 136
