0 0 47 46
0 0 53 52
0 0 67 66
0 0 69 68
0 0 123 122
0 0 127 126
0 0 129 128
0 0 133 132
0 0 159 158
0 0 165 164
0 0 179 178
0 0 181 180
0 0 195 194
0 0 199 198
0 0 201 200
0 0 205 204
0 0 207 206
0 0 213 212
0 0 227 226
0 0 229 228
0 0 283 282
0 0 291 290
52 46 49 48
68 66 59 58
53 47 51 50
69 67 65 64
126 122 95 94
132 128 97 96
127 123 125 124
133 129 131 130
164 158 161 160
180 178 171 170
165 159 163 162
181 179 177 176
198 194 191 190
204 200 193 192
199 195 197 196
205 201 203 202
212 206 209 208
228 226 219 218
213 207 211 210
229 227 225 224
316 282 255 254
290 286 257 256
320 283 285 284
291 287 289 288
58 48 55 54
96 94 75 74
59 49 57 56
97 95 81 80
64 50 61 60
130 124 87 86
65 51 63 62
131 125 93 92
170 160 167 166
192 190 183 182
171 161 169 168
193 191 185 184
176 162 173 172
202 196 187 186
177 163 175 174
203 197 189 188
218 208 215 214
256 254 235 234
219 209 217 216
257 255 241 240
224 210 221 220
288 284 247 246
225 211 223 222
289 285 253 252
74 54 71 70
186 172 103 102
75 55 73 72
187 173 109 108
80 56 77 76
188 174 115 114
81 57 79 78
189 175 121 120
86 60 83 82
182 166 139 138
87 61 85 84
183 167 145 144
92 62 89 88
184 168 151 150
93 63 91 90
185 169 157 156
234 214 231 230
235 215 233 232
240 216 237 236
241 217 239 238
246 220 243 242
247 221 245 244
252 222 249 248
253 223 251 250
156 90 153 152
314 250 311 310
102 70 99 98
262 230 259 258
103 71 101 100
263 231 261 260
108 72 105 104
268 232 265 264
109 73 107 106
269 233 267 266
114 76 111 110
274 236 271 270
115 77 113 112
275 237 273 272
120 78 117 116
308 248 305 304
121 79 119 118
309 249 307 306
138 82 135 134
296 242 293 292
139 83 137 136
297 243 295 294
144 84 141 140
302 244 299 298
145 85 143 142
303 245 301 300
150 88 147 146
280 238 277 276
151 89 149 148
281 239 279 278
157 91 155 154
315 251 313 312
311 152 349 348
310 153 351 350
259 98 1 1
258 99 1 1
261 100 1 1
260 101 1 1
265 104 1 1
264 105 1 1
267 106 1 1
266 107 1 1
271 110 1 1
270 111 1 1
273 112 1 1
272 113 1 1
305 116 1 1
304 117 1 1
307 118 1 1
306 119 1 1
293 134 1 1
292 135 1 1
295 136 1 1
294 137 1 1
299 140 1 1
298 141 1 1
301 142 1 1
300 143 1 1
277 146 1 1
276 147 1 1
279 148 1 1
278 149 1 1
313 154 409 408
312 155 411 1
-1 411 287 286
-1 408 317 316
-1 409 321 320
-1 348 333 332
-1 349 337 336
-1 350 341 340
-1 351 345 344
-1 317 319 318
-1 321 323 322
332 318 325 324
336 322 329 328
340 319 327 326
344 323 331 330
-1 333 335 334
-1 337 339 338
-1 341 343 342
-1 345 347 346
335 326 263 262
339 327 269 268
343 330 275 274
347 331 281 280
334 324 297 296
338 325 303 302
342 328 309 308
346 329 315 314
