0 0 -1 46
0 0 -1 48
0 0 -1 52
0 0 -1 53
0 0 -1 58
0 0 -1 61
0 0 65 64
0 0 69 68
0 0 -1 108
0 0 -1 111
0 0 113 112
0 0 117 116
0 0 131 130
0 0 133 132
0 0 135 134
0 0 137 136
0 0 -1 178
0 0 -1 181
0 0 -1 190
0 0 -1 193
0 0 -1 206
0 0 -1 209
52 46 -1 47
53 48 -1 49
61 58 60 59
68 64 -1 66
69 65 -1 67
111 108 110 109
116 112 -1 114
117 113 -1 115
132 130 119 118
136 134 123 122
133 131 125 124
137 135 129 128
181 178 180 179
193 190 192 191
209 206 208 207
49 47 51 50
66 59 -1 62
67 60 -1 63
114 109 78 77
115 110 94 93
122 118 -1 120
123 119 -1 121
128 124 -1 126
129 125 -1 127
211 208 159 158
210 207 175 174
186 179 -1 182
187 180 -1 183
198 191 -1 194
199 192 -1 195
62 50 55 54
63 51 57 56
120 77 -1 79
121 78 -1 80
126 93 -1 95
127 94 -1 96
194 182 139 138
214 158 -1 160
215 159 -1 161
195 183 165 164
212 174 -1 176
213 175 -1 177
79 54 71 70
160 138 88 87
-1 55 73 72
-1 80 82 81
165 57 -1 76
177 95 -1 97
96 56 75 74
176 164 107 106
-1 139 141 140
-1 161 163 162
88 70 1 1
87 71 1 1
107 74 103 1
106 75 1 1
81 72 90 89
162 140 147 146
82 73 92 91
163 141 157 156
-1 76 99 98
-1 97 101 100
-1 103 173 172
100 98 167 166
-1 89 143 142
-1 146 149 148
-1 99 169 168
-1 101 171 170
-1 90 145 144
-1 147 151 150
156 91 153 152
157 92 155 154
202 172 -1 210
203 173 -1 211
148 142 185 184
170 168 189 188
150 144 197 196
196 166 -1 198
197 167 -1 199
171 169 203 202
200 152 -1 212
201 153 -1 213
149 143 201 200
204 154 -1 214
205 155 -1 215
151 145 205 204
188 184 -1 186
189 185 -1 187
