0 0 -1 46
0 0 -1 48
0 0 -1 52
0 0 -1 53
0 0 -1 58
0 0 -1 61
0 0 65 64
0 0 69 68
0 0 -1 112
0 0 -1 115
0 0 117 116
0 0 121 120
0 0 135 134
0 0 137 136
0 0 139 138
0 0 141 140
0 0 -1 182
0 0 -1 185
0 0 -1 194
0 0 -1 197
0 0 -1 210
0 0 -1 213
52 46 -1 47
53 48 -1 49
61 58 60 59
68 64 -1 66
69 65 -1 67
115 112 114 113
120 116 -1 118
121 117 -1 119
136 134 123 122
140 138 127 126
137 135 129 128
141 139 133 132
185 182 184 183
197 194 196 195
213 210 212 211
49 47 51 50
66 59 -1 62
67 60 -1 63
118 113 79 78
119 114 95 94
126 122 -1 124
127 123 -1 125
132 128 -1 130
133 129 -1 131
215 212 163 162
214 211 179 178
190 183 -1 186
191 184 -1 187
202 195 -1 198
203 196 -1 199
62 50 55 54
63 51 57 56
124 78 -1 80
125 79 -1 81
130 94 -1 96
131 95 -1 97
198 186 143 142
218 162 -1 164
219 163 -1 165
199 187 169 168
216 178 -1 180
217 179 -1 181
80 54 71 70
164 142 89 88
-1 55 73 72
-1 81 83 82
96 56 75 74
180 168 103 102
97 57 77 76
181 169 111 110
-1 143 145 144
-1 165 167 166
89 70 1 1
88 71 1 1
102 74 1 1
111 76 107 1
110 77 1 1
82 72 91 90
166 144 151 150
83 73 93 92
167 145 161 160
-1 75 101 100
-1 103 105 104
-1 107 177 176
-1 90 147 146
-1 150 153 152
-1 101 173 172
-1 105 175 174
-1 91 149 148
-1 151 155 154
104 100 171 170
160 92 157 156
161 93 159 158
176 170 -1 214
177 171 -1 215
152 146 189 188
174 172 193 192
154 148 201 200
175 173 205 204
206 156 -1 216
207 157 -1 217
153 147 207 206
208 158 -1 218
209 159 -1 219
155 149 209 208
192 188 -1 190
193 189 -1 191
204 200 -1 202
205 201 -1 203
