0 0 -1 47
0 0 -1 50
0 0 56 55
0 0 60 59
0 0 106 105
0 0 108 107
0 0 110 109
0 0 112 111
0 0 156 155
0 0 158 157
0 0 160 159
0 0 162 161
0 0 166 165
0 0 170 169
0 0 172 171
0 0 176 175
0 0 -1 177
0 0 -1 179
0 0 -1 181
0 0 -1 182
0 0 -1 183
0 0 -1 184
188 0 -1 185
50 47 49 48
59 55 -1 57
60 56 -1 58
107 105 70 69
111 109 76 75
108 106 88 87
112 110 92 91
157 155 122 121
161 159 128 127
158 156 142 141
162 160 146 145
183 85 -1 119
184 86 -1 120
185 137 -1 153
169 165 -1 167
170 166 -1 168
175 171 -1 173
176 172 -1 174
181 177 -1 178
182 179 -1 180
57 48 52 51
58 49 54 53
75 69 -1 71
76 70 -1 72
91 87 -1 89
92 88 -1 90
178 64 -1 85
153 74 -1 86
127 121 -1 123
128 122 -1 124
180 132 -1 135
145 141 -1 143
146 142 -1 144
120 119 152 151
173 167 -1 163
174 168 -1 164
71 51 62 61
129 124 82 81
-1 52 64 63
-1 72 74 73
89 53 66 65
147 143 98 97
90 54 68 67
148 144 104 103
163 151 134 133
-1 123 126 125
164 152 150 149
136 135 138 137
186 138 -1 154
154 126 -1 136
82 61 1 1
81 62 1 1
98 65 1 1
97 66 1 1
104 67 100 1
103 68 1 1
73 63 84 83
131 125 118 117
133 113 -1 129
134 114 -1 130
149 115 -1 147
150 116 -1 148
-1 100 140 139
117 83 114 113
-1 130 132 131
118 84 116 115
-1 140 188 187
187 139 -1 186
