0 0 -1 47
0 0 -1 50
0 0 56 55
0 0 60 59
0 0 124 123
0 0 128 127
0 0 130 129
0 0 134 133
0 0 160 159
0 0 162 161
0 0 164 163
0 0 166 165
0 0 168 167
0 0 170 169
0 0 172 171
0 0 174 173
0 0 -1 175
0 0 -1 177
0 0 -1 181
0 0 -1 182
0 0 -1 187
0 0 -1 189
220 0 -1 193
50 47 49 48
59 55 -1 57
60 56 -1 58
127 123 -1 125
128 124 -1 126
133 129 -1 131
134 130 -1 132
161 159 136 135
165 163 140 139
169 167 142 141
173 171 146 145
162 160 148 147
166 164 152 151
170 168 154 153
174 172 158 157
181 175 -1 176
182 177 -1 178
193 187 -1 188
194 189 -1 190
57 48 52 51
58 49 54 53
131 125 114 113
132 126 118 117
139 135 -1 137
140 136 -1 138
145 141 -1 143
146 142 -1 144
151 147 -1 149
152 148 -1 150
157 153 -1 155
158 154 -1 156
176 103 -1 179
178 106 -1 180
188 109 -1 191
190 112 -1 192
69 51 62 61
115 113 76 75
70 52 64 63
116 114 82 81
83 53 66 65
121 117 90 89
84 54 68 67
122 118 96 95
155 149 -1 115
156 150 -1 116
143 137 -1 121
144 138 -1 122
-1 179 184 183
-1 180 186 185
-1 191 196 195
-1 192 198 197
76 61 1 1
75 62 1 1
82 63 1 1
81 64 1 1
90 65 86 85
89 66 1 1
96 67 92 1
95 68 1 1
-1 183 200 199
-1 185 203 202
200 184 -1 201
203 186 -1 204
-1 195 206 205
-1 197 209 208
206 196 -1 207
209 198 -1 210
-1 92 120 119
-1 85 98 97
-1 86 100 99
199 102 -1 103
202 105 -1 106
205 108 -1 109
208 111 -1 112
204 201 212 211
210 207 214 213
-1 120 220 219
219 119 -1 194
101 97 -1 69
104 99 -1 70
107 98 -1 83
110 100 -1 84
214 211 216 215
213 212 218 217
-1 215 102 101
-1 216 105 104
-1 217 108 107
-1 218 111 110
