0 0 -1 47
0 0 -1 49
47 0 -1 48
49 0 -1 50
0 0 -1 55
0 0 -1 57
55 0 -1 56
57 0 -1 58
86 0 -1 63
87 0 -1 64
88 0 -1 68
89 0 -1 69
0 0 -1 70
0 0 -1 72
70 0 -1 71
72 0 -1 73
0 0 -1 76
0 0 -1 78
76 0 -1 77
78 0 -1 79
90 0 -1 82
91 0 -1 83
0 0 -1 86
0 0 -1 87
0 0 -1 88
0 0 -1 89
0 0 -1 90
0 0 -1 91
0 0 -1 92
97 0 -1 93
96 92 -1 84
94 93 -1 85
63 48 -1 51
64 50 -1 52
68 56 -1 59
69 58 -1 60
82 71 -1 74
83 73 -1 75
84 77 -1 80
85 79 -1 81
74 51 -1 53
75 52 -1 54
80 59 -1 61
81 60 -1 62
62 53 -1 65
61 54 1 1
-1 65 95 94
-1 95 97 96
