0 0 48 47
0 0 52 51
0 0 60 59
0 0 63 62
0 0 80 79
0 0 86 85
0 0 94 93
0 0 98 97
0 0 130 129
0 0 133 132
0 0 154 153
0 0 160 159
0 0 204 203
0 0 206 205
0 0 212 211
0 0 218 217
0 0 222 221
0 0 226 225
0 0 234 233
0 0 236 235
0 0 238 237
0 0 244 243
289 0 256 255
59 47 -1 49
62 51 -1 53
69 48 -1 50
72 52 -1 54
85 79 82 81
97 93 90 89
86 80 84 83
129 70 -1 71
132 73 -1 74
144 130 -1 131
148 133 -1 134
159 153 156 155
160 154 158 157
203 60 -1 61
205 63 -1 64
204 166 -1 167
206 169 -1 170
217 211 214 213
98 94 96 95
218 212 216 215
233 221 -1 223
235 225 -1 227
234 222 -1 224
236 226 -1 228
243 237 240 239
255 253 248 247
244 238 242 241
256 254 252 251
53 49 56 55
54 50 58 57
89 81 -1 87
90 82 -1 88
99 83 -1 91
102 84 -1 92
74 71 136 135
134 131 138 137
165 155 -1 161
168 156 -1 162
171 157 -1 163
175 158 -1 164
64 61 208 207
170 167 210 209
213 95 -1 219
214 96 -1 220
215 100 -1 101
216 103 -1 104
227 223 230 229
228 224 232 231
247 239 -1 245
248 240 -1 246
251 241 -1 249
252 242 -1 250
87 55 66 65
249 231 110 109
88 56 68 67
250 232 116 115
91 57 76 75
245 229 122 121
92 58 78 77
246 230 128 127
161 135 140 139
209 101 184 183
162 136 142 141
210 104 190 189
163 137 150 149
219 207 196 195
164 138 152 151
220 208 202 201
127 77 124 123
201 151 198 197
109 65 106 105
183 139 180 179
110 66 108 107
184 140 182 181
115 67 112 111
189 141 186 185
116 68 114 113
190 142 188 187
121 75 118 117
195 149 192 191
122 76 120 119
196 150 194 193
128 78 126 125
202 152 200 199
-1 126 144 143
-1 200 148 147
198 123 258 257
197 124 260 1
199 125 262 261
180 105 1 1
179 106 1 1
182 107 1 1
181 108 1 1
186 111 1 1
185 112 1 1
188 113 1 1
187 114 1 1
192 117 1 1
191 118 1 1
194 119 1 1
193 120 1 1
-1 260 290 289
-1 262 70 69
-1 257 100 99
-1 258 103 102
261 177 264 263
147 143 146 145
-1 290 254 253
-1 263 166 165
-1 264 169 168
176 146 178 177
172 145 174 173
-1 178 73 72
-1 173 172 171
-1 174 176 175
