0 0 -1 47
0 0 -1 49
0 0 -1 53
0 0 -1 54
0 0 -1 59
0 0 -1 62
0 0 66 65
0 0 70 69
0 0 -1 103
0 0 -1 106
0 0 108 107
0 0 112 111
0 0 250 249
0 0 254 253
0 0 256 255
0 0 260 259
0 0 321 320
0 0 325 324
0 0 327 326
0 0 331 330
0 0 333 332
0 0 337 336
356 0 343 342
53 47 -1 48
54 49 -1 50
62 59 61 60
69 65 -1 67
70 66 -1 68
106 103 105 104
111 107 -1 109
112 108 -1 110
253 249 236 235
259 255 239 238
324 320 242 241
330 326 246 245
336 332 266 265
342 338 270 269
254 250 252 251
260 256 258 257
325 321 323 322
331 327 329 328
337 333 335 334
343 339 341 340
50 48 52 51
67 60 -1 63
68 61 -1 64
109 104 80 79
110 105 92 91
238 235 196 195
242 96 -1 173
246 175 -1 176
257 251 202 201
258 252 204 203
328 322 226 225
340 334 230 229
266 236 -1 237
270 239 -1 240
245 241 244 243
269 265 268 267
329 323 349 348
341 335 351 350
63 51 56 55
64 52 58 57
113 79 -1 81
114 80 -1 82
115 91 -1 93
116 92 -1 94
202 178 148 147
201 177 154 153
203 179 164 163
204 180 170 169
195 171 188 187
196 172 192 191
229 225 206 205
268 244 218 217
267 243 224 223
-1 173 198 197
-1 176 200 199
-1 237 262 261
-1 240 264 263
230 226 228 227
351 349 345 344
350 348 347 346
81 55 72 71
82 56 74 73
93 57 76 75
94 58 78 77
191 101 134 133
217 211 138 137
153 85 150 149
209 205 194 193
154 86 152 151
210 206 208 207
147 83 144 143
231 227 234 233
187 99 184 183
223 213 220 219
188 100 186 185
224 214 222 221
192 102 190 189
218 212 216 215
199 197 248 247
263 261 272 271
198 122 -1 123
200 125 -1 126
262 128 -1 129
264 131 -1 132
148 84 146 145
232 228 296 295
163 87 160 159
346 293 302 301
164 88 162 161
347 294 308 307
169 89 166 165
344 291 314 313
170 90 168 167
345 292 319 318
-1 134 118 117
-1 138 120 119
137 133 1 1
-1 123 140 139
-1 126 142 141
139 71 84 83
141 72 86 85
155 73 88 87
157 74 90 89
140 75 96 95
193 149 175 174
142 76 98 97
194 150 182 181
156 77 100 99
158 78 102 101
233 143 210 209
207 151 212 211
208 152 214 213
220 183 1 1
219 184 1 1
222 185 1 1
221 186 1 1
216 189 1 1
215 190 1 1
272 247 286 285
271 248 288 287
132 129 290 289
302 159 1 1
301 160 1 1
308 161 1 1
307 162 1 1
314 165 1 1
313 166 1 1
319 167 -1 315
318 168 1 1
234 144 232 231
295 145 292 291
296 146 294 293
-1 315 353 352
121 117 -1 113
124 119 -1 114
127 118 -1 115
130 120 -1 116
-1 285 122 121
-1 286 125 124
-1 287 128 127
-1 288 131 130
-1 289 156 155
-1 290 158 157
174 95 172 171
181 97 178 177
182 98 180 179
355 352 -1 354
-1 353 356 355
-1 354 339 338
