0 0 48 47
0 0 54 53
0 0 68 67
0 0 70 69
0 0 124 123
0 0 128 127
0 0 158 157
0 0 162 161
334 0 168 167
0 0 170 169
0 0 176 175
0 0 190 189
0 0 192 191
0 0 -1 241
0 0 -1 244
0 0 250 249
0 0 -1 251
0 0 -1 254
0 0 258 257
0 0 264 263
0 0 270 269
0 0 284 283
0 0 286 285
53 47 50 49
69 67 60 59
54 48 52 51
70 68 66 65
127 123 98 97
161 157 130 129
167 163 132 131
175 169 172 171
191 189 182 181
176 170 174 173
192 190 188 187
244 241 243 242
249 242 -1 245
250 243 -1 246
254 251 253 252
257 252 -1 255
258 253 -1 256
128 124 126 125
269 263 266 265
285 283 276 275
270 264 268 267
286 284 282 281
162 158 160 159
168 164 166 165
59 49 56 55
97 95 76 75
60 50 58 57
98 96 82 81
65 51 62 61
131 129 88 87
66 52 64 63
132 130 94 93
255 245 96 95
181 171 178 177
182 172 180 179
187 173 184 183
188 174 186 185
256 246 248 247
275 265 272 271
165 159 288 287
276 266 274 273
166 160 290 289
281 267 278 277
247 125 260 259
282 268 280 279
248 126 262 261
75 55 72 71
287 271 104 103
76 56 74 73
288 272 110 109
81 57 78 77
289 273 116 115
82 58 80 79
290 274 122 121
87 61 84 83
277 259 138 137
88 62 86 85
278 260 144 143
93 63 90 89
279 261 150 149
94 64 92 91
280 262 156 155
215 185 212 211
197 177 194 193
198 178 196 195
203 179 200 199
204 180 202 201
210 184 208 207
216 186 214 213
209 183 206 205
217 211 198 197
218 212 204 203
235 213 210 209
236 214 216 215
207 153 218 217
121 79 118 117
122 80 120 119
103 71 100 99
104 72 102 101
156 92 154 153
208 154 236 235
155 91 152 151
109 73 106 105
202 102 234 233
110 74 108 107
201 101 232 231
115 77 112 111
195 119 224 223
116 78 114 113
196 120 226 225
137 83 134 133
199 99 228 227
138 84 136 135
200 100 230 229
143 85 140 139
205 151 238 237
144 86 142 141
206 152 240 239
149 89 146 145
193 117 220 219
150 90 148 147
194 118 222 221
234 105 1 1
233 106 1 1
232 107 1 1
231 108 1 1
224 111 1 1
223 112 1 1
226 113 -1 303
225 114 1 1
228 133 1 1
227 134 1 1
230 135 1 1
229 136 1 1
238 139 1 1
237 140 1 1
240 141 1 1
239 142 1 1
220 145 1 1
219 146 1 1
222 147 1 1
221 148 1 1
-1 303 331 330
333 330 -1 332
-1 331 334 333
-1 332 164 163
