0 0 -1 47
0 0 -1 49
0 0 -1 53
0 0 -1 54
0 0 -1 59
0 0 -1 62
0 0 66 65
0 0 70 69
0 0 -1 103
0 0 -1 106
0 0 108 107
0 0 112 111
0 0 260 259
0 0 264 263
0 0 266 265
0 0 270 269
0 0 327 326
0 0 331 330
0 0 333 332
0 0 337 336
0 0 343 342
0 0 347 346
372 0 353 352
53 47 -1 48
54 49 -1 50
62 59 61 60
69 65 -1 67
70 66 -1 68
106 103 105 104
111 107 -1 109
112 108 -1 110
263 259 226 225
269 265 228 227
330 326 242 241
336 332 246 245
346 342 248 247
352 348 252 251
264 260 262 261
270 266 268 267
331 327 329 328
337 333 335 334
347 343 345 344
353 349 351 350
50 48 52 51
67 60 -1 63
68 61 -1 64
109 104 80 79
110 105 92 91
227 225 194 193
228 226 210 209
267 261 212 211
268 262 214 213
245 241 216 215
251 247 220 219
246 242 244 243
252 248 250 249
334 328 355 354
350 344 359 358
335 329 365 364
351 345 367 366
63 51 56 55
64 52 58 57
113 79 -1 81
114 80 -1 82
115 91 -1 93
116 92 -1 94
211 199 150 149
212 200 156 155
213 201 162 161
214 202 168 167
193 191 174 173
194 192 180 179
209 195 186 185
210 196 190 189
219 215 206 205
220 216 218 217
358 354 254 253
249 243 339 338
250 244 341 340
359 355 357 356
367 365 361 360
366 364 363 362
81 55 72 71
82 56 74 73
93 57 76 75
94 58 78 77
189 101 138 137
338 299 144 143
173 95 170 169
207 205 198 197
174 96 172 171
208 206 204 203
155 85 152 151
257 253 224 223
179 97 176 175
222 218 234 233
180 98 178 177
221 217 240 239
185 99 182 181
340 301 276 275
186 100 184 183
341 302 282 281
190 102 188 187
339 300 288 287
149 83 146 145
356 289 292 291
150 84 148 147
357 290 298 297
156 86 154 153
258 254 256 255
161 87 158 157
362 295 308 307
162 88 160 159
363 296 314 313
167 89 164 163
360 293 320 319
168 90 166 165
361 294 325 324
144 137 140 139
143 138 1 1
123 71 84 83
127 72 86 85
131 73 88 87
135 74 90 89
124 75 96 95
128 76 98 97
132 77 100 99
136 78 102 101
198 170 192 191
223 151 208 207
197 169 196 195
203 171 200 199
204 172 202 201
234 175 230 229
233 176 232 231
240 177 1 1
239 178 1 1
224 152 222 221
291 145 258 257
276 181 1 1
275 182 1 1
282 183 1 1
281 184 1 1
288 187 1 1
287 188 1 1
308 157 1 1
307 158 1 1
314 159 1 1
313 160 1 1
320 163 1 1
319 164 1 1
325 165 -1 321
324 166 1 1
255 153 300 299
256 154 302 301
292 146 290 289
297 147 294 293
298 148 296 295
-1 321 369 368
-1 139 118 117
-1 140 120 119
-1 229 122 121
-1 230 126 125
-1 231 130 129
-1 232 134 133
371 368 -1 370
-1 369 372 371
121 117 -1 113
125 119 -1 114
129 118 -1 115
133 120 -1 116
-1 122 124 123
-1 126 128 127
-1 130 132 131
-1 134 136 135
-1 370 349 348
