0 0 -1 47
0 0 -1 50
0 0 56 55
0 0 60 59
0 0 106 105
0 0 108 107
0 0 110 109
0 0 112 111
0 0 308 307
0 0 310 309
0 0 312 311
0 0 314 313
0 0 316 315
0 0 318 317
0 0 320 319
0 0 322 321
0 0 -1 339
0 0 -1 342
0 0 346 345
0 0 350 349
0 0 364 363
0 0 366 365
337 0 370 369
50 47 49 48
59 55 -1 57
60 56 -1 58
107 105 70 69
111 109 74 73
108 106 88 87
112 110 92 91
309 307 208 207
313 311 212 211
317 315 214 213
321 319 218 217
310 308 272 271
314 312 274 273
318 316 276 275
322 320 278 277
342 339 341 340
349 345 -1 347
350 346 -1 348
365 363 352 351
369 367 356 355
366 364 358 357
370 368 362 361
57 48 52 51
58 49 54 53
73 69 -1 71
74 70 -1 72
91 87 -1 89
92 88 -1 90
274 272 172 171
278 276 174 173
211 207 186 185
217 213 188 187
212 208 210 209
218 214 216 215
273 271 244 243
277 275 246 245
347 340 290 289
348 341 344 343
355 351 -1 353
356 352 -1 354
361 357 -1 359
362 358 -1 360
71 51 62 61
72 52 64 63
89 53 66 65
90 54 68 67
187 185 122 121
188 186 128 127
215 209 134 133
216 210 140 139
173 171 144 143
245 243 156 155
246 244 162 161
174 172 168 167
353 289 176 175
359 343 330 329
360 344 336 335
354 290 292 291
143 99 114 113
79 61 76 75
80 62 78 77
85 63 82 81
86 64 84 83
103 67 100 99
179 175 146 145
144 100 142 141
97 65 94 93
98 66 96 95
104 68 102 101
128 78 126 125
121 75 118 117
122 76 120 119
127 77 124 123
133 81 130 129
134 82 132 131
139 83 136 135
140 84 138 137
155 93 152 151
156 94 154 153
161 95 158 157
162 96 160 159
167 101 164 163
-1 168 170 169
180 176 178 177
330 300 306 305
329 299 324 323
336 304 326 325
335 303 328 327
294 292 332 331
293 291 334 333
115 113 80 79
116 114 86 85
147 141 98 97
148 142 104 103
149 145 116 115
183 125 150 149
150 146 148 147
305 189 184 183
323 191 194 193
324 192 200 199
306 190 206 205
224 129 1 1
223 130 1 1
327 197 224 223
230 131 1 1
229 132 1 1
328 198 230 229
236 135 1 1
235 136 1 1
325 195 236 235
242 137 1 1
241 138 1 1
326 196 242 241
252 151 1 1
251 152 1 1
333 203 252 251
258 153 1 1
257 154 1 1
334 204 258 257
264 157 1 1
263 158 1 1
331 201 264 263
270 159 1 1
269 160 1 1
332 202 270 269
284 163 280 1
283 164 1 1
182 178 284 283
-1 102 166 165
169 165 286 285
181 177 296 295
184 126 182 181
193 117 190 189
194 118 192 191
199 119 196 195
200 120 198 197
205 123 202 201
206 124 204 203
170 166 288 287
-1 280 338 337
297 285 180 179
-1 295 298 297
-1 296 302 301
298 287 300 299
302 288 304 303
301 286 294 293
-1 338 368 367
