0 0 -1 47
0 0 -1 50
0 0 56 55
0 0 60 59
0 0 106 105
0 0 108 107
0 0 110 109
0 0 112 111
0 0 142 141
0 0 146 145
0 0 148 147
0 0 152 151
0 0 307 306
0 0 309 308
0 0 311 310
0 0 313 312
0 0 315 314
0 0 317 316
0 0 319 318
0 0 321 320
0 0 -1 368
0 0 -1 371
396 0 381 380
50 47 49 48
59 55 -1 57
60 56 -1 58
107 105 70 69
111 109 74 73
108 106 88 87
112 110 92 91
145 141 114 113
151 147 116 115
146 142 144 143
152 148 150 149
308 306 208 207
312 310 212 211
316 314 214 213
320 318 218 217
309 307 272 271
313 311 276 275
317 315 278 277
321 319 282 281
371 368 370 369
380 376 -1 378
381 377 -1 379
57 48 52 51
58 49 54 53
73 69 -1 71
74 70 -1 72
115 113 80 79
116 114 86 85
91 87 -1 89
92 88 -1 90
149 143 98 97
150 144 104 103
211 207 180 179
217 213 182 181
212 208 210 209
218 214 216 215
275 271 244 243
281 277 246 245
276 272 274 273
282 278 280 279
378 369 373 372
379 370 375 374
71 51 62 61
72 52 64 63
89 53 66 65
90 54 68 67
79 61 76 75
181 179 122 121
80 62 78 77
182 180 128 127
85 63 82 81
215 209 134 133
86 64 84 83
216 210 140 139
97 65 94 93
245 243 158 157
98 66 96 95
246 244 164 163
103 67 100 99
279 273 170 169
104 68 102 101
280 274 178 177
384 374 331 330
385 375 345 344
382 372 347 346
383 373 361 360
121 75 118 117
122 76 120 119
127 77 124 123
128 78 126 125
133 81 130 129
134 82 132 131
139 83 136 135
140 84 138 137
157 93 154 153
158 94 156 155
163 95 160 159
164 96 162 161
169 99 166 165
-1 100 168 167
-1 170 172 171
177 101 174 173
178 102 176 175
386 330 323 322
388 331 325 324
392 345 327 326
390 344 329 328
389 347 333 332
387 346 335 334
393 361 337 336
391 360 341 340
322 185 188 187
323 186 194 193
324 183 200 199
325 184 206 205
224 129 1 1
223 130 1 1
328 191 224 223
230 131 1 1
229 132 1 1
329 192 230 229
236 135 1 1
235 136 1 1
326 189 236 235
242 137 1 1
241 138 1 1
327 190 242 241
252 153 1 1
251 154 1 1
334 197 252 251
258 155 1 1
257 156 1 1
335 198 258 257
264 159 1 1
263 160 1 1
332 195 264 263
270 161 1 1
269 162 1 1
333 196 270 269
288 165 1 1
287 166 1 1
340 203 288 287
297 173 1 1
336 201 298 297
305 175 -1 301
304 176 1 1
337 202 305 304
188 118 186 185
187 117 184 183
193 119 190 189
194 120 192 191
199 123 196 195
200 124 198 197
205 125 202 201
206 126 204 203
171 167 290 289
172 168 292 291
-1 341 343 342
-1 174 296 295
-1 301 367 366
353 289 349 348
352 290 351 350
342 338 353 352
343 339 359 358
-1 204 339 338
-1 298 300 299
358 291 355 354
299 295 363 362
359 292 357 356
300 296 365 364
395 366 -1 394
-1 367 396 395
362 354 -1 382
363 355 -1 383
364 356 -1 384
365 357 -1 385
-1 348 387 386
-1 349 389 388
-1 350 391 390
-1 351 393 392
-1 394 377 376
