0 0 48 47
0 0 54 53
0 0 68 67
0 0 70 69
0 0 124 123
0 0 128 127
0 0 130 129
0 0 134 133
0 0 264 263
0 0 266 265
0 0 268 267
0 0 270 269
0 0 358 357
0 0 362 361
0 0 364 363
0 0 368 367
0 0 370 369
0 0 374 373
0 0 376 375
0 0 380 379
0 0 382 381
0 0 386 385
343 0 392 391
53 47 50 49
69 67 60 59
54 48 52 51
70 68 66 65
127 123 96 95
133 129 98 97
128 124 126 125
134 130 132 131
265 263 188 187
269 267 192 191
266 264 250 249
270 268 254 253
361 357 346 345
367 363 348 347
373 369 350 349
379 375 352 351
385 381 354 353
391 387 356 355
362 358 360 359
368 364 366 365
374 370 372 371
380 376 378 377
386 382 384 383
392 388 390 389
59 49 56 55
97 95 76 75
60 50 58 57
98 96 82 81
65 51 62 61
131 125 88 87
66 52 64 63
132 126 94 93
191 187 162 161
192 188 190 189
253 249 226 225
254 250 252 251
365 359 276 275
377 371 280 279
389 383 286 285
366 360 292 291
378 372 296 295
390 384 302 301
347 345 308 307
351 349 312 311
355 353 318 317
348 346 334 333
352 350 338 337
356 354 342 341
75 55 72 71
193 161 104 103
76 56 74 73
194 162 110 109
81 57 78 77
221 189 116 115
82 58 80 79
222 190 122 121
87 61 84 83
255 225 140 139
88 62 86 85
256 226 148 147
93 63 90 89
259 251 154 153
94 64 92 91
260 252 160 159
279 275 272 271
285 281 274 273
280 276 278 277
286 282 284 283
295 291 288 287
301 297 290 289
296 292 294 293
302 298 300 299
311 307 304 303
317 313 306 305
337 333 320 319
341 329 324 323
338 334 336 335
342 330 340 339
312 308 310 309
318 314 316 315
103 71 100 99
273 271 168 167
104 72 102 101
274 272 174 173
109 73 106 105
283 277 180 179
110 74 108 107
284 278 186 185
159 91 156 155
305 303 196 195
115 77 112 111
289 287 202 201
116 78 114 113
290 288 208 207
121 79 118 117
299 293 214 213
122 80 120 119
300 294 220 219
160 92 158 157
306 304 224 223
139 83 136 135
323 319 232 231
-1 84 138 137
-1 140 142 141
147 85 144 143
339 335 242 241
148 86 146 145
340 336 248 247
153 89 150 149
315 309 258 257
154 90 152 151
316 310 262 261
-1 320 322 321
-1 324 326 325
168 99 1 1
167 100 1 1
174 101 1 1
173 102 1 1
180 105 1 1
179 106 1 1
186 107 1 1
185 108 1 1
195 155 -1 193
196 156 -1 194
202 111 1 1
201 112 1 1
208 113 1 1
207 114 1 1
214 117 1 1
213 118 1 1
220 119 1 1
219 120 1 1
223 157 -1 221
224 158 -1 222
232 135 1 1
231 136 1 1
242 143 1 1
241 144 1 1
248 145 244 1
247 146 1 1
257 149 -1 255
258 150 -1 256
261 151 -1 259
262 152 -1 260
141 137 234 233
325 321 328 327
142 138 236 235
326 322 332 331
-1 244 344 343
327 233 282 281
328 234 298 297
331 235 314 313
332 236 330 329
-1 344 388 387
