0 0 48 47
0 0 54 53
0 0 68 67
0 0 70 69
0 0 124 123
0 0 128 127
0 0 130 129
0 0 134 133
0 0 174 173
0 0 176 175
0 0 208 207
0 0 210 209
0 0 212 211
0 0 214 213
0 0 216 215
0 0 222 221
0 0 236 235
0 0 238 237
0 0 288 287
0 0 292 291
0 0 294 293
0 0 298 297
403 0 330 329
53 47 50 49
69 67 60 59
54 48 52 51
70 68 66 65
127 123 96 95
133 129 98 97
128 124 126 125
134 130 132 131
175 173 168 167
176 174 172 171
210 208 200 199
214 212 202 201
209 207 204 203
213 211 206 205
221 215 218 217
237 235 228 227
222 216 220 219
238 236 234 233
291 287 264 263
297 293 266 265
292 288 290 289
298 294 296 295
329 323 326 325
330 324 328 327
59 49 56 55
97 95 76 75
60 50 58 57
98 96 82 81
65 51 62 61
131 125 88 87
66 52 64 63
132 126 94 93
172 138 160 159
201 199 162 161
167 135 164 163
205 203 178 177
168 136 166 165
206 204 180 179
171 137 170 169
202 200 182 181
227 217 224 223
265 263 244 243
228 218 226 225
266 264 250 249
233 219 230 229
295 289 256 255
234 220 232 231
296 290 262 261
335 325 332 331
336 326 334 333
341 327 338 337
342 328 340 339
75 55 72 71
181 169 104 103
76 56 74 73
182 170 110 109
81 57 78 77
177 163 116 115
82 58 80 79
178 164 122 121
87 61 84 83
161 159 140 139
88 62 86 85
162 160 146 145
93 63 90 89
179 165 152 151
94 64 92 91
180 166 158 157
243 223 240 239
351 337 268 267
244 224 242 241
352 338 274 273
249 225 246 245
345 331 280 279
250 226 248 247
346 332 286 285
255 229 252 251
353 339 304 303
256 230 254 253
354 340 310 309
261 231 258 257
347 333 316 315
262 232 260 259
348 334 322 321
139 83 136 135
140 84 138 137
145 85 142 141
267 239 188 187
146 86 144 143
268 240 198 197
309 253 306 305
310 254 308 307
103 71 100 99
279 245 276 275
104 72 102 101
280 246 278 277
109 73 106 105
285 247 282 281
110 74 108 107
286 248 284 283
115 77 112 111
315 257 312 311
116 78 114 113
316 258 314 313
121 79 118 117
303 251 300 299
122 80 120 119
304 252 302 301
151 89 148 147
273 241 270 269
152 90 150 149
274 242 272 271
157 91 154 153
321 259 318 317
158 92 156 155
322 260 320 319
198 143 1 1
197 144 1 1
-1 141 184 183
-1 187 190 189
343 305 346 345
344 306 348 347
-1 142 186 185
-1 188 192 191
349 307 352 351
350 308 354 353
276 99 1 1
275 100 1 1
278 101 1 1
277 102 1 1
282 105 1 1
281 106 1 1
284 107 1 1
283 108 1 1
312 111 1 1
311 112 1 1
314 113 1 1
313 114 1 1
300 117 1 1
299 118 1 1
302 119 1 1
301 120 1 1
270 147 1 1
269 148 1 1
272 149 1 1
271 150 1 1
318 153 1 1
317 154 1 1
320 155 400 1
319 156 1 1
-1 400 404 403
189 183 336 335
191 185 342 341
190 184 344 343
192 186 350 349
-1 404 324 323
