0 0 -1 47
0 0 -1 49
0 0 -1 53
0 0 -1 54
0 0 -1 59
0 0 -1 61
0 0 -1 65
0 0 -1 66
0 0 -1 91
0 0 -1 93
0 0 -1 97
0 0 -1 98
0 0 -1 103
0 0 -1 106
0 0 110 109
0 0 114 113
0 0 -1 135
0 0 -1 136
168 0 -1 137
0 0 160 159
0 0 162 161
0 0 164 163
0 0 166 165
53 47 -1 48
54 49 -1 50
65 59 -1 60
66 61 -1 62
135 75 -1 71
136 78 -1 72
137 83 -1 79
97 91 -1 92
98 93 -1 94
106 103 105 104
113 109 -1 111
114 110 -1 112
161 159 144 143
165 163 148 147
162 160 152 151
166 164 156 155
71 48 -1 51
72 50 -1 52
79 60 -1 63
80 62 -1 64
94 92 96 95
111 104 -1 107
112 105 -1 108
147 143 -1 145
148 144 -1 146
155 151 -1 153
156 152 -1 154
-1 51 56 55
-1 52 58 57
-1 63 68 67
-1 64 70 69
107 95 100 99
108 96 102 101
157 153 -1 123
158 154 -1 124
149 145 -1 131
150 146 -1 132
-1 55 74 73
-1 57 77 76
74 56 -1 75
77 58 -1 78
-1 67 82 81
-1 69 85 84
82 68 -1 83
85 70 -1 86
123 99 1 1
132 101 120 1
131 102 1 1
-1 100 118 117
-1 124 126 125
-1 120 134 133
138 86 -1 80
76 73 88 87
84 81 90 89
125 117 128 127
126 118 130 129
-1 134 168 167
167 133 -1 138
139 127 -1 149
140 128 -1 150
89 87 140 139
141 129 -1 157
142 130 -1 158
90 88 142 141
