0 0 48 47
0 0 54 53
0 0 68 67
0 0 70 69
0 0 126 125
0 0 130 129
0 0 132 131
0 0 136 135
0 0 448 447
0 0 452 451
0 0 456 455
0 0 458 457
0 0 468 467
0 0 470 469
0 0 472 471
0 0 474 473
0 0 496 495
0 0 498 497
0 0 500 499
0 0 502 501
0 0 504 503
0 0 506 505
511 0 510 509
53 47 50 49
69 67 60 59
54 48 52 51
70 68 66 65
129 125 100 99
135 131 102 101
130 126 128 127
136 132 134 133
452 448 380 379
458 456 384 383
470 468 386 385
474 472 390 389
498 496 392 391
502 500 396 395
506 504 398 397
510 508 402 401
451 447 450 449
457 455 454 453
469 467 460 459
473 471 462 461
497 495 480 479
501 499 482 481
505 503 484 483
509 507 486 485
59 49 56 55
101 99 76 75
60 50 58 57
102 100 82 81
65 51 62 61
133 127 90 89
66 52 64 63
134 128 98 97
383 379 256 255
389 385 258 257
395 391 260 259
401 397 262 261
453 449 292 291
461 459 296 295
481 479 298 297
485 483 302 301
454 450 356 355
462 460 360 359
482 480 364 363
486 484 368 367
384 380 382 381
390 386 388 387
396 392 394 393
402 398 400 399
75 55 72 71
76 56 74 73
81 57 78 77
-1 58 80 79
-1 82 84 83
89 61 86 85
-1 62 88 87
-1 90 92 91
97 63 94 93
98 64 96 95
257 255 186 185
261 259 190 189
258 256 250 249
262 260 254 253
295 291 264 263
301 297 266 265
296 292 294 293
302 298 300 299
359 355 328 327
367 363 330 329
387 381 404 403
399 393 406 405
-1 356 358 357
-1 360 362 361
-1 382 432 431
-1 388 434 433
-1 364 366 365
-1 368 370 369
-1 394 436 435
-1 400 438 437
151 93 148 147
189 185 160 159
107 71 104 103
265 263 166 165
108 72 106 105
266 264 172 171
113 73 110 109
299 293 178 177
114 74 112 111
300 294 184 183
152 94 150 149
190 186 188 187
119 77 116 115
329 327 200 199
120 78 118 117
330 328 206 205
83 79 122 121
84 80 124 123
157 95 154 153
253 249 222 221
141 85 138 137
405 403 230 229
142 86 140 139
406 404 236 235
91 87 144 143
92 88 146 145
158 96 156 155
254 250 252 251
361 357 464 463
369 365 488 487
362 358 466 465
370 366 490 489
433 431 476 475
437 435 492 491
434 432 478 477
438 436 494 493
159 147 108 107
160 148 114 113
187 149 120 119
221 153 142 141
251 155 152 151
252 156 158 157
-1 150 192 191
-1 188 194 193
-1 154 220 219
-1 222 224 223
165 103 162 161
166 104 164 163
171 105 168 167
172 106 170 169
177 109 174 173
178 110 176 175
183 111 180 179
184 112 182 181
199 115 196 195
200 116 198 197
205 117 202 201
206 118 204 203
211 121 208 207
487 463 372 371
212 122 210 209
488 464 374 373
217 123 214 213
489 465 376 375
218 124 216 215
490 466 378 377
229 137 226 225
230 138 228 227
235 139 232 231
236 140 234 233
241 143 238 237
491 475 440 439
242 144 240 239
492 476 442 441
247 145 244 243
493 477 444 443
248 146 246 245
494 478 446 445
193 191 212 211
194 192 218 217
223 219 242 241
224 220 248 247
272 161 1 1
271 162 1 1
371 207 272 271
278 163 1 1
277 164 1 1
372 208 278 277
284 167 1 1
283 168 1 1
373 209 284 283
290 169 1 1
289 170 1 1
374 210 290 289
308 173 1 1
307 174 1 1
439 237 308 307
314 175 1 1
313 176 1 1
440 238 314 313
320 179 1 1
319 180 1 1
441 239 320 319
326 181 1 1
325 182 1 1
442 240 326 325
336 195 1 1
335 196 1 1
375 213 336 335
342 197 1 1
341 198 1 1
376 214 342 341
348 201 1 1
347 202 1 1
377 215 348 347
354 203 1 1
353 204 1 1
378 216 354 353
412 225 1 1
411 226 1 1
445 245 412 411
418 227 1 1
417 228 1 1
446 246 418 417
424 231 1 1
423 232 1 1
443 243 424 423
430 233 426 1
429 234 1 1
444 244 430 429
-1 426 512 511
-1 512 508 507
