0 0 -1 47
0 0 -1 49
0 0 -1 53
0 0 -1 54
0 0 -1 59
0 0 -1 62
0 0 66 65
0 0 70 69
0 0 -1 113
0 0 -1 116
0 0 118 117
0 0 122 121
0 0 136 135
0 0 138 137
0 0 140 139
0 0 142 141
0 0 -1 181
0 0 -1 184
0 0 -1 191
0 0 -1 194
0 0 -1 205
0 0 -1 208
175 0 214 213
53 47 -1 48
54 49 -1 50
62 59 61 60
69 65 -1 67
70 66 -1 68
116 113 115 114
121 117 -1 119
122 118 -1 120
137 135 124 123
141 139 128 127
138 136 130 129
142 140 134 133
184 181 183 182
194 191 193 192
208 205 207 206
213 209 -1 211
214 210 -1 212
50 48 52 51
67 60 -1 63
68 61 -1 64
119 114 80 79
120 115 96 95
127 123 -1 125
128 124 -1 126
133 129 -1 131
134 130 -1 132
212 207 164 163
211 206 178 177
189 182 -1 185
190 183 -1 186
199 192 -1 195
200 193 -1 196
63 51 56 55
64 52 58 57
125 79 -1 81
126 80 -1 82
131 95 -1 97
132 96 -1 98
195 185 144 143
217 163 -1 165
218 164 -1 166
196 186 170 169
215 177 -1 179
216 178 -1 180
81 55 72 71
165 143 90 89
-1 56 74 73
-1 82 84 83
97 57 76 75
179 169 104 103
98 58 78 77
180 170 112 111
-1 144 146 145
-1 166 168 167
90 71 1 1
89 72 1 1
103 75 1 1
112 77 108 1
111 78 1 1
83 73 92 91
167 145 152 151
84 74 94 93
168 146 162 161
-1 76 102 101
-1 104 106 105
-1 108 176 175
105 101 172 171
106 102 174 173
-1 91 148 147
-1 151 154 153
-1 92 150 149
-1 152 156 155
161 93 158 157
162 94 160 159
-1 176 210 209
153 147 188 187
187 171 -1 189
188 172 -1 190
155 149 198 197
197 173 -1 199
198 174 -1 200
201 157 -1 215
202 158 -1 216
154 148 202 201
203 159 -1 217
204 160 -1 218
156 150 204 203
