0 0 49 48
0 0 53 52
0 0 61 60
0 0 64 63
0 0 81 80
0 0 87 86
0 0 95 94
0 0 99 98
0 0 131 130
0 0 134 133
0 0 155 154
0 0 161 160
0 0 205 204
0 0 207 206
0 0 213 212
0 0 219 218
0 0 223 222
0 0 227 226
0 0 235 234
0 0 237 236
0 0 239 238
0 0 245 244
0 0 257 256
60 48 -1 50
63 52 -1 54
70 49 -1 51
73 53 -1 55
86 80 83 82
98 94 91 90
87 81 85 84
130 71 -1 72
133 74 -1 75
145 131 -1 132
149 134 -1 135
160 154 157 156
161 155 159 158
204 61 -1 62
206 64 -1 65
205 167 -1 168
207 170 -1 171
218 212 215 214
99 95 97 96
219 213 217 216
234 222 -1 224
236 226 -1 228
235 223 -1 225
237 227 -1 229
244 238 241 240
256 254 249 248
245 239 243 242
257 255 253 252
54 50 57 56
55 51 59 58
90 82 -1 88
91 83 -1 89
100 84 -1 92
103 85 -1 93
75 72 137 136
135 132 139 138
166 156 -1 162
169 157 -1 163
172 158 -1 164
176 159 -1 165
65 62 209 208
171 168 211 210
214 96 -1 220
215 97 -1 221
216 101 -1 102
217 104 -1 105
228 224 231 230
229 225 233 232
248 240 -1 246
249 241 -1 247
252 242 -1 250
253 243 -1 251
88 56 67 66
250 232 111 110
89 57 69 68
251 233 117 116
92 58 77 76
246 230 123 122
93 59 79 78
247 231 129 128
162 136 141 140
210 102 185 184
163 137 143 142
211 105 191 190
164 138 151 150
220 208 197 196
165 139 153 152
221 209 203 202
128 78 125 124
202 152 199 198
110 66 107 106
184 140 181 180
111 67 109 108
185 141 183 182
116 68 113 112
190 142 187 186
117 69 115 114
191 143 189 188
122 76 119 118
196 150 193 192
123 77 121 120
197 151 195 194
129 79 127 126
203 153 201 200
-1 127 145 144
-1 201 149 148
199 124 259 258
198 125 261 1
200 126 263 262
181 106 1 1
180 107 1 1
183 108 1 1
182 109 1 1
187 112 1 1
186 113 1 1
189 114 1 1
188 115 1 1
193 118 1 1
192 119 1 1
195 120 1 1
194 121 1 1
-1 261 255 254
-1 263 71 70
-1 258 101 100
-1 259 104 103
262 178 265 264
148 144 147 146
-1 264 167 166
-1 265 170 169
177 147 179 178
173 146 175 174
-1 179 74 73
-1 174 173 172
-1 175 177 176
