0 0 -1 48
0 0 -1 50
48 0 -1 49
50 0 -1 51
0 0 -1 56
0 0 -1 58
56 0 -1 57
58 0 -1 59
88 0 -1 64
89 0 -1 65
90 0 -1 68
91 0 -1 69
0 0 -1 72
0 0 -1 74
72 0 -1 73
74 0 -1 75
0 0 -1 78
0 0 -1 80
78 0 -1 79
80 0 -1 81
96 0 -1 84
97 0 -1 85
0 0 -1 88
0 0 -1 89
0 0 -1 90
0 0 -1 91
0 0 -1 96
0 0 -1 97
0 0 -1 98
0 0 -1 99
101 98 -1 86
100 99 -1 87
64 49 -1 52
65 51 -1 53
68 57 -1 60
69 59 -1 61
84 73 -1 76
85 75 -1 77
86 79 -1 82
87 81 -1 83
76 52 -1 54
77 53 -1 55
82 60 -1 62
83 61 -1 63
55 54 67 66
63 62 71 70
71 66 93 1
70 67 1 1
-1 93 101 100
