0 0 55 54
0 0 67 66
0 0 69 68
0 0 71 70
0 0 77 76
0 0 91 90
0 0 99 98
0 0 111 110
0 0 113 112
0 0 115 114
0 0 121 120
0 0 135 134
0 0 143 142
0 0 155 154
0 0 157 156
0 0 159 158
0 0 165 164
0 0 177 176
0 0 183 182
0 0 197 196
0 0 203 202
0 0 215 214
0 0 221 220
54 48 51 50
69 67 59 58
55 49 53 52
68 66 65 64
76 70 73 72
91 85 83 82
77 71 75 74
90 84 89 88
99 93 97 96
112 110 103 102
98 92 95 94
113 111 109 108
120 114 117 116
135 123 127 126
121 115 119 118
134 122 133 132
142 136 139 138
157 155 147 146
143 137 141 140
156 154 153 152
164 158 161 160
165 159 163 162
182 176 179 178
183 177 181 180
202 196 199 198
203 197 201 200
220 214 217 216
221 215 219 218
58 50 49 48
88 74 85 84
102 96 93 92
126 116 123 122
146 138 137 136
225 217 171 170
153 141 151 150
229 219 207 206
147 139 145 144
224 216 223 222
59 51 57 56
82 72 79 78
64 52 61 60
132 118 129 128
65 53 63 62
83 73 81 80
195 181 193 192
109 95 107 106
127 117 125 124
200 144 211 210
233 198 -1 204
235 199 -1 205
194 180 191 190
204 163 -1 174
188 178 185 184
171 161 169 168
189 179 187 186
162 150 173 172
89 75 87 86
103 97 101 100
170 160 167 166
201 105 -1 212
108 94 105 104
133 119 131 130
152 140 149 148
228 218 227 226
231 223 225 224
230 222 229 228
226 148 189 188
227 149 195 194
78 56 233 232
124 106 247 246
79 57 235 234
125 107 251 250
128 60 237 236
100 86 256 255
129 61 239 238
101 87 262 261
80 62 241 240
81 63 243 242
247 206 -1 208
251 207 -1 209
244 210 273 272
245 211 275 274
208 151 -1 175
239 205 -1 260
248 190 277 276
249 191 279 278
175 174 289 288
308 184 -1 304
309 185 -1 305
130 104 307 306
306 168 -1 308
307 169 -1 309
290 186 311 310
252 172 319 318
291 187 313 312
253 173 325 324
237 212 -1 254
240 192 265 264
326 166 333 332
241 193 267 266
327 167 339 338
145 131 -1 213
246 232 245 244
250 234 249 248
272 269 1 1
273 268 1 1
304 242 269 268
274 271 1 1
275 270 1 1
305 243 271 270
262 209 -1 263
297 276 1 1
296 277 1 1
289 259 297 296
303 278 1 1
302 279 1 1
288 258 303 302
261 238 259 258
263 260 291 290
319 310 1 1
318 311 1 1
325 312 1 1
324 313 1 1
255 236 253 252
256 213 -1 257
333 264 1 1
332 265 1 1
339 266 335 1
338 267 1 1
257 254 327 326
-1 335 231 230
