0 0 -1 48
0 0 -1 50
0 0 -1 54
0 0 -1 55
0 0 -1 60
0 0 -1 63
0 0 69 68
0 0 -1 110
0 0 -1 113
0 0 115 114
0 0 119 118
0 0 251 250
0 0 255 254
0 0 257 256
0 0 261 260
0 0 327 326
0 0 331 330
0 0 333 332
0 0 337 336
0 0 339 338
0 0 343 342
0 0 345 344
0 0 349 348
54 48 -1 49
55 50 -1 51
63 60 62 61
78 68 -1 66
82 69 -1 67
113 110 112 111
118 114 -1 116
119 115 -1 117
254 250 237 236
260 256 240 239
330 326 243 242
336 332 247 246
342 338 267 266
348 344 271 270
255 251 253 252
261 257 259 258
331 327 329 328
337 333 335 334
343 339 341 340
349 345 347 346
51 49 53 52
66 61 -1 64
67 62 -1 65
116 111 87 86
117 112 99 98
239 236 195 194
243 103 -1 170
247 172 -1 173
258 252 201 200
259 253 203 202
334 328 227 226
346 340 231 230
267 237 -1 238
271 240 -1 241
246 242 245 244
270 266 269 268
335 329 355 354
347 341 357 356
64 52 57 56
65 53 59 58
120 86 -1 88
121 87 -1 89
122 98 -1 100
123 99 -1 101
201 175 145 144
200 174 151 150
202 176 161 160
203 177 167 166
194 168 185 184
195 169 191 190
230 226 205 204
269 245 219 218
268 244 225 224
-1 170 197 196
-1 173 199 198
-1 238 263 262
-1 241 265 264
231 227 229 228
357 355 351 350
356 354 353 352
88 56 71 70
89 57 73 72
100 58 75 74
101 59 77 76
150 92 147 146
208 204 193 192
151 93 149 148
209 205 207 206
144 90 141 140
232 228 235 234
184 106 181 180
224 212 221 220
185 107 183 182
225 213 223 222
190 108 187 186
218 210 215 214
191 109 189 188
219 211 217 216
198 196 249 248
264 262 273 272
197 125 -1 126
199 128 -1 129
263 131 -1 132
265 134 -1 135
145 91 143 142
233 229 301 300
160 94 157 156
352 298 307 306
161 95 159 158
353 299 313 312
166 96 163 162
350 296 319 318
167 97 165 164
351 297 325 324
-1 126 137 136
-1 129 139 138
136 70 91 90
138 71 93 92
152 72 95 94
154 73 97 96
137 74 103 102
192 146 172 171
139 75 105 104
193 147 179 178
153 76 107 106
155 77 109 108
234 140 209 208
206 148 211 210
207 149 213 212
221 180 1 1
220 181 1 1
223 182 1 1
222 183 1 1
215 186 283 282
214 187 1 1
217 188 1 1
216 189 1 1
273 248 291 290
272 249 293 292
135 132 295 294
307 156 1 1
306 157 1 1
313 158 1 1
312 159 1 1
319 162 1 1
318 163 1 1
325 164 1 1
324 165 1 1
235 141 233 232
300 142 297 296
301 143 299 298
-1 282 79 78
-1 283 83 82
-1 290 125 124
-1 291 128 127
-1 292 131 130
-1 293 134 133
-1 294 153 152
-1 295 155 154
171 102 169 168
178 104 175 174
179 105 177 176
124 80 -1 120
127 84 -1 121
130 81 -1 122
133 85 -1 123
-1 79 81 80
-1 83 85 84
