0 0 -1 48
0 0 -1 51
0 0 57 56
0 0 61 60
0 0 107 106
0 0 109 108
0 0 111 110
0 0 113 112
0 0 143 142
0 0 147 146
0 0 149 148
0 0 153 152
0 0 309 308
0 0 311 310
0 0 313 312
0 0 315 314
0 0 317 316
0 0 319 318
0 0 321 320
0 0 323 322
0 0 -1 370
0 0 -1 373
0 0 381 380
51 48 50 49
60 56 -1 58
61 57 -1 59
108 106 71 70
112 110 75 74
109 107 89 88
113 111 93 92
146 142 115 114
152 148 117 116
147 143 145 144
153 149 151 150
310 308 209 208
314 312 213 212
318 316 215 214
322 320 219 218
311 309 273 272
315 313 277 276
319 317 279 278
323 321 283 282
373 370 372 371
380 364 -1 378
381 365 -1 379
58 49 53 52
59 50 55 54
74 70 -1 72
75 71 -1 73
116 114 81 80
117 115 87 86
92 88 -1 90
93 89 -1 91
150 144 99 98
151 145 105 104
212 208 181 180
218 214 183 182
213 209 211 210
219 215 217 216
276 272 245 244
282 278 247 246
277 273 275 274
283 279 281 280
378 371 375 374
379 372 377 376
72 52 63 62
73 53 65 64
90 54 67 66
91 55 69 68
80 62 77 76
182 180 123 122
81 63 79 78
183 181 129 128
86 64 83 82
216 210 135 134
87 65 85 84
217 211 141 140
98 66 95 94
246 244 159 158
99 67 97 96
247 245 165 164
104 68 101 100
280 274 171 170
105 69 103 102
281 275 179 178
386 376 333 332
387 377 347 346
382 374 349 348
383 375 363 362
122 76 119 118
123 77 121 120
128 78 125 124
129 79 127 126
134 82 131 130
135 83 133 132
140 84 137 136
141 85 139 138
158 94 155 154
159 95 157 156
164 96 161 160
165 97 163 162
170 100 167 166
-1 101 169 168
-1 171 173 172
178 102 175 174
179 103 177 176
390 332 325 324
392 333 327 326
396 347 329 328
394 346 331 330
393 349 335 334
391 348 337 336
397 363 339 338
395 362 343 342
324 186 189 188
325 187 195 194
326 184 201 200
327 185 207 206
225 130 1 1
224 131 1 1
330 192 225 224
231 132 1 1
230 133 1 1
331 193 231 230
237 136 1 1
236 137 1 1
328 190 237 236
243 138 1 1
242 139 1 1
329 191 243 242
253 154 1 1
252 155 1 1
336 198 253 252
259 156 1 1
258 157 1 1
337 199 259 258
265 160 1 1
264 161 1 1
334 196 265 264
271 162 1 1
270 163 1 1
335 197 271 270
289 166 1 1
288 167 1 1
342 204 289 288
298 174 1 1
338 202 299 298
307 176 1 1
306 177 1 1
339 203 307 306
189 119 187 186
188 118 185 184
194 120 191 190
195 121 193 192
200 124 197 196
201 125 199 198
206 126 203 202
207 127 205 204
172 168 291 290
173 169 293 292
-1 343 345 344
-1 175 297 296
355 290 351 350
354 291 353 352
344 340 355 354
345 341 361 360
-1 205 341 340
-1 299 301 300
300 296 365 364
360 292 357 356
361 293 359 358
-1 297 367 366
384 356 -1 382
385 357 -1 383
368 366 385 384
388 358 -1 386
389 359 -1 387
369 367 389 388
-1 301 369 368
-1 350 391 390
-1 351 393 392
-1 352 395 394
-1 353 397 396
