0 0 55 54
0 0 67 66
0 0 69 68
0 0 71 70
0 0 77 76
0 0 91 90
0 0 99 98
0 0 111 110
0 0 113 112
0 0 115 114
0 0 121 120
0 0 135 134
0 0 143 142
0 0 155 154
0 0 157 156
0 0 159 158
0 0 165 164
0 0 179 178
0 0 187 186
0 0 199 198
0 0 201 200
0 0 203 202
0 0 209 208
54 48 51 50
69 67 59 58
55 49 53 52
68 66 65 64
76 70 73 72
91 85 83 82
77 71 75 74
90 84 89 88
99 93 97 96
112 110 103 102
98 92 95 94
113 111 109 108
120 114 117 116
135 123 127 126
121 115 119 118
134 122 133 132
142 136 139 138
157 155 147 146
143 137 141 140
156 154 153 152
164 158 161 160
179 173 171 170
165 159 163 162
178 172 177 176
187 181 185 184
200 198 191 190
186 180 183 182
201 199 197 196
208 202 205 204
209 203 207 206
58 50 49 48
88 74 85 84
102 96 93 92
126 116 123 122
146 138 137 136
176 162 173 172
190 184 181 180
214 204 211 210
59 51 57 56
82 72 79 78
64 52 61 60
132 118 129 128
65 53 63 62
133 119 131 130
109 95 107 106
127 117 125 124
83 73 81 80
108 94 105 104
89 75 87 86
103 97 101 100
147 139 145 144
170 160 167 166
152 140 149 148
220 206 217 216
153 141 151 150
221 207 219 218
197 183 195 194
215 205 213 212
171 161 169 168
196 182 193 192
177 163 175 174
191 185 189 188
223 211 215 214
222 210 221 220
78 56 225 224
124 106 241 240
79 57 227 226
125 107 247 246
128 60 229 228
104 80 253 252
129 61 231 230
105 81 259 258
130 62 233 232
100 86 265 264
131 63 235 234
101 87 271 270
218 150 297 296
188 174 299 298
219 151 301 300
189 175 305 304
216 148 307 306
192 168 311 310
166 144 357 356
212 194 359 358
167 145 361 360
213 195 363 362
217 149 365 364
193 169 367 366
240 224 237 236
298 296 277 276
241 225 239 238
304 300 283 282
246 226 243 242
299 297 289 288
247 227 245 244
310 306 295 294
252 228 249 248
358 356 317 316
253 229 251 250
362 360 323 322
258 230 255 254
363 361 329 328
259 231 257 256
359 357 335 334
264 232 261 260
366 364 341 340
265 233 263 262
305 301 303 302
270 234 267 266
311 307 309 308
271 235 269 268
367 365 355 354
277 236 1 1
276 237 1 1
283 238 1 1
282 239 1 1
289 242 1 1
288 243 1 1
295 244 1 1
294 245 1 1
317 248 1 1
316 249 1 1
323 250 1 1
322 251 1 1
329 254 1 1
328 255 1 1
335 256 1 1
334 257 1 1
341 260 1 1
340 261 1 1
303 262 1 1
302 263 1 1
309 266 1 1
308 267 1 1
355 268 351 1
354 269 1 1
-1 351 223 222
