0 0 49 48
0 0 55 54
0 0 69 68
0 0 71 70
0 0 125 124
0 0 129 128
0 0 131 130
0 0 135 134
0 0 161 160
0 0 167 166
0 0 181 180
0 0 183 182
0 0 199 198
0 0 205 204
0 0 219 218
0 0 221 220
0 0 275 274
0 0 279 278
0 0 281 280
0 0 285 284
0 0 309 308
0 0 315 314
0 0 331 330
54 48 51 50
70 68 61 60
55 49 53 52
71 69 67 66
128 124 97 96
134 130 99 98
129 125 127 126
135 131 133 132
166 160 163 162
182 180 173 172
167 161 165 164
183 181 179 178
204 198 201 200
220 218 211 210
205 199 203 202
221 219 217 216
278 274 247 246
284 280 249 248
279 275 277 276
285 281 283 282
314 308 311 310
330 328 321 320
315 309 313 312
331 329 327 326
60 50 57 56
98 96 77 76
61 51 59 58
99 97 83 82
66 52 63 62
132 126 89 88
67 53 65 64
133 127 95 94
172 162 169 168
173 163 171 170
178 164 175 174
179 165 177 176
210 200 207 206
248 246 227 226
211 201 209 208
249 247 233 232
216 202 213 212
282 276 239 238
217 203 215 214
283 277 245 244
320 310 317 316
321 311 319 318
326 312 323 322
327 313 325 324
76 56 73 72
184 168 105 104
77 57 75 74
185 169 111 110
82 58 79 78
188 174 117 116
83 59 81 80
189 175 123 122
88 62 85 84
190 176 141 140
89 63 87 86
191 177 147 146
94 64 91 90
186 170 153 152
95 65 93 92
187 171 159 158
226 206 223 222
336 322 255 254
227 207 225 224
337 323 261 260
232 208 229 228
332 316 267 266
233 209 231 230
333 317 273 272
238 212 235 234
334 318 291 290
239 213 237 236
335 319 297 296
244 214 241 240
338 324 303 302
245 215 243 242
339 325 307 306
140 84 137 136
307 243 195 194
147 87 145 144
141 85 139 138
302 240 299 298
303 241 301 300
158 92 155 154
296 236 293 292
306 242 305 304
146 86 143 142
104 72 101 100
290 234 287 286
105 73 103 102
291 235 289 288
110 74 107 106
266 228 263 262
111 75 109 108
267 229 265 264
116 78 113 112
272 230 269 268
117 79 115 114
273 231 271 270
122 80 119 118
254 222 251 250
123 81 121 120
255 223 253 252
152 90 149 148
260 224 257 256
153 91 151 150
261 225 259 258
159 93 157 156
297 237 295 294
192 136 185 184
193 137 187 186
196 138 189 188
197 139 191 190
194 144 193 192
195 145 197 196
340 298 333 332
342 299 335 334
341 300 337 336
343 301 339 338
293 154 345 344
292 155 1 1
304 143 1 1
305 142 1 1
287 100 1 1
286 101 1 1
289 102 1 1
288 103 1 1
263 106 1 1
262 107 1 1
265 108 1 1
264 109 1 1
269 112 1 1
268 113 1 1
271 114 1 1
270 115 1 1
251 118 1 1
250 119 1 1
253 120 1 1
252 121 1 1
257 148 1 1
256 149 1 1
259 150 1 1
258 151 1 1
295 156 393 1
294 157 1 1
-1 393 329 328
-1 344 341 340
-1 345 343 342
