0 0 49 48
0 0 55 54
0 0 69 68
0 0 71 70
0 0 117 116
0 0 121 120
0 0 123 122
0 0 127 126
0 0 323 322
0 0 329 328
0 0 335 334
0 0 337 336
0 0 343 342
0 0 347 346
0 0 349 348
0 0 353 352
0 0 371 370
0 0 373 372
0 0 375 374
0 0 377 376
0 0 379 378
0 0 381 380
0 0 383 382
54 48 51 50
70 68 61 60
55 49 53 52
71 69 67 66
120 116 97 96
126 122 99 98
121 117 119 118
127 123 125 124
328 322 325 324
336 334 331 330
329 323 327 326
337 335 333 332
346 342 339 338
352 348 341 340
347 343 345 344
353 349 351 350
372 370 355 354
376 374 357 356
380 378 359 358
382 320 361 360
373 371 363 362
377 375 365 364
381 379 367 366
383 321 369 368
60 50 57 56
98 96 77 76
61 51 59 58
99 97 83 82
66 52 63 62
124 118 89 88
67 53 65 64
125 119 95 94
330 324 261 260
340 338 265 264
356 354 267 266
360 358 271 270
331 325 277 276
341 339 281 280
357 355 283 282
361 359 287 286
332 326 293 292
350 344 297 296
364 362 299 298
368 366 303 302
333 327 309 308
351 345 313 312
365 363 315 314
369 367 319 318
76 56 73 72
77 57 75 74
82 58 79 78
83 59 81 80
88 62 85 84
89 63 87 86
94 64 91 90
95 65 93 92
264 260 257 256
270 266 259 258
265 261 263 262
271 267 269 268
280 276 273 272
286 282 275 274
281 277 279 278
287 283 285 284
296 292 289 288
302 298 291 290
297 293 295 294
303 299 301 300
312 308 305 304
318 314 307 306
313 309 311 310
319 315 317 316
144 72 101 100
258 256 153 152
146 73 103 102
259 257 159 158
160 74 105 104
268 262 169 168
162 75 107 106
269 263 175 174
176 78 109 108
274 272 185 184
178 79 111 110
275 273 191 190
192 80 113 112
284 278 201 200
194 81 115 114
285 279 207 206
145 84 129 128
290 288 213 212
147 85 131 130
291 289 219 218
161 86 133 132
300 294 225 224
163 87 135 134
301 295 231 230
177 90 137 136
306 304 237 236
179 91 139 138
307 305 243 242
193 92 141 140
316 310 249 248
195 93 143 142
317 311 255 254
153 100 1 1
152 101 1 1
159 102 1 1
158 103 1 1
169 104 1 1
168 105 1 1
175 106 1 1
174 107 1 1
185 108 1 1
184 109 1 1
191 110 1 1
190 111 1 1
201 112 1 1
200 113 1 1
207 114 1 1
206 115 1 1
213 128 1 1
212 129 1 1
219 130 1 1
218 131 1 1
225 132 1 1
224 133 1 1
231 134 1 1
230 135 1 1
237 136 233 232
236 137 235 234
243 138 239 238
242 139 241 240
249 140 1 1
248 141 1 1
255 142 251 1
254 143 1 1
-1 251 321 320
-1 232 145 144
-1 233 147 146
-1 234 161 160
-1 235 163 162
-1 238 177 176
-1 239 179 178
-1 240 193 192
-1 241 195 194
