0 0 49 48
0 0 55 54
0 0 69 68
0 0 71 70
0 0 125 124
0 0 129 128
0 0 131 130
0 0 135 134
0 0 289 288
0 0 291 290
0 0 293 292
0 0 295 294
0 0 297 296
0 0 299 298
0 0 301 300
0 0 303 302
0 0 371 370
0 0 377 376
0 0 383 382
0 0 385 384
0 0 391 390
0 0 395 394
0 0 399 398
54 48 51 50
70 68 61 60
55 49 53 52
71 69 67 66
128 124 97 96
134 130 99 98
129 125 127 126
135 131 133 132
290 288 191 190
294 292 195 194
298 296 197 196
302 300 201 200
291 289 255 254
295 293 259 258
299 297 261 260
303 301 265 264
376 370 373 372
384 382 379 378
377 371 375 374
385 383 381 380
394 390 387 386
398 368 389 388
395 391 393 392
399 369 397 396
60 50 57 56
98 96 77 76
61 51 59 58
99 97 83 82
66 52 63 62
132 126 89 88
67 53 65 64
133 127 95 94
194 190 163 162
200 196 165 164
195 191 193 192
201 197 199 198
258 254 227 226
264 260 229 228
259 255 257 256
265 261 263 262
378 372 307 306
388 386 311 310
379 373 323 322
389 387 327 326
380 374 341 340
396 392 345 344
381 375 363 362
397 393 367 366
76 56 73 72
164 162 105 104
77 57 75 74
165 163 111 110
82 58 79 78
198 192 117 116
83 59 81 80
199 193 123 122
88 62 85 84
228 226 141 140
89 63 87 86
229 227 147 146
94 64 91 90
262 256 153 152
95 65 93 92
263 257 161 160
310 306 305 304
311 307 309 308
326 322 321 320
327 323 325 324
344 340 339 338
345 341 343 342
366 362 347 346
367 363 365 364
104 72 101 100
312 304 171 170
105 73 103 102
314 305 177 176
110 74 107 106
316 308 183 182
111 75 109 108
318 309 189 188
116 78 113 112
328 320 207 206
117 79 115 114
330 321 213 212
122 80 119 118
334 324 219 218
123 81 121 120
336 325 225 224
140 84 137 136
338 313 235 234
141 85 139 138
339 315 241 240
146 86 143 142
342 317 247 246
147 87 145 144
343 319 253 252
152 90 149 148
346 329 271 270
-1 91 151 150
-1 153 155 154
160 92 157 156
364 335 281 280
161 93 159 158
365 337 287 286
-1 347 349 348
171 100 1 1
170 101 1 1
177 102 1 1
176 103 1 1
183 106 1 1
182 107 1 1
189 108 1 1
188 109 1 1
207 112 1 1
206 113 1 1
213 114 1 1
212 115 1 1
219 118 1 1
218 119 1 1
225 120 1 1
224 121 1 1
235 136 1 1
234 137 1 1
241 138 1 1
240 139 1 1
247 142 1 1
246 143 1 1
253 144 1 1
252 145 1 1
271 148 1 1
270 149 1 1
281 156 1 1
280 157 1 1
287 158 283 1
286 159 1 1
154 150 273 272
349 333 355 354
155 151 275 274
348 332 361 360
-1 283 369 368
355 272 351 350
354 273 353 352
361 274 357 356
360 275 359 358
-1 352 313 312
-1 353 315 314
-1 350 317 316
-1 351 319 318
-1 358 329 328
-1 359 331 330
-1 356 335 334
-1 357 337 336
-1 331 333 332
