0 0 49 48
0 0 55 54
0 0 69 68
0 0 71 70
0 0 127 126
0 0 131 130
0 0 133 132
0 0 137 136
0 0 449 448
0 0 453 452
0 0 457 456
0 0 459 458
0 0 469 468
0 0 471 470
0 0 473 472
0 0 475 474
0 0 497 496
0 0 499 498
0 0 501 500
0 0 503 502
0 0 505 504
0 0 507 506
0 0 511 510
54 48 51 50
70 68 61 60
55 49 53 52
71 69 67 66
130 126 101 100
136 132 103 102
131 127 129 128
137 133 135 134
453 449 381 380
459 457 385 384
471 469 387 386
475 473 391 390
499 497 393 392
503 501 397 396
507 505 399 398
511 509 403 402
452 448 451 450
458 456 455 454
470 468 461 460
474 472 463 462
498 496 481 480
502 500 483 482
506 504 485 484
510 508 487 486
60 50 57 56
102 100 77 76
61 51 59 58
103 101 83 82
66 52 63 62
134 128 91 90
67 53 65 64
135 129 99 98
384 380 257 256
390 386 259 258
396 392 261 260
402 398 263 262
454 450 293 292
462 460 297 296
482 480 299 298
486 484 303 302
455 451 357 356
463 461 361 360
483 481 365 364
487 485 369 368
385 381 383 382
391 387 389 388
397 393 395 394
403 399 401 400
76 56 73 72
77 57 75 74
82 58 79 78
-1 59 81 80
-1 83 85 84
90 62 87 86
-1 63 89 88
-1 91 93 92
98 64 95 94
99 65 97 96
258 256 187 186
262 260 191 190
259 257 251 250
263 261 255 254
296 292 265 264
302 298 267 266
297 293 295 294
303 299 301 300
360 356 329 328
368 364 331 330
388 382 405 404
400 394 407 406
-1 357 359 358
-1 361 363 362
-1 383 433 432
-1 389 435 434
-1 365 367 366
-1 369 371 370
-1 395 437 436
-1 401 439 438
152 94 149 148
190 186 161 160
108 72 105 104
266 264 167 166
109 73 107 106
267 265 173 172
114 74 111 110
300 294 179 178
115 75 113 112
301 295 185 184
153 95 151 150
191 187 189 188
120 78 117 116
330 328 201 200
121 79 119 118
331 329 207 206
84 80 123 122
85 81 125 124
158 96 155 154
254 250 223 222
142 86 139 138
406 404 231 230
143 87 141 140
407 405 237 236
92 88 145 144
93 89 147 146
159 97 157 156
255 251 253 252
362 358 465 464
370 366 489 488
363 359 467 466
371 367 491 490
434 432 477 476
438 436 493 492
435 433 479 478
439 437 495 494
160 148 109 108
161 149 115 114
188 150 121 120
222 154 143 142
252 156 153 152
253 157 159 158
-1 151 193 192
-1 189 195 194
-1 155 221 220
-1 223 225 224
166 104 163 162
167 105 165 164
172 106 169 168
173 107 171 170
178 110 175 174
179 111 177 176
184 112 181 180
185 113 183 182
200 116 197 196
201 117 199 198
206 118 203 202
207 119 205 204
212 122 209 208
488 464 373 372
213 123 211 210
489 465 375 374
218 124 215 214
490 466 377 376
219 125 217 216
491 467 379 378
230 138 227 226
231 139 229 228
236 140 233 232
237 141 235 234
242 144 239 238
492 476 441 440
243 145 241 240
493 477 443 442
248 146 245 244
494 478 445 444
249 147 247 246
495 479 447 446
194 192 213 212
195 193 219 218
224 220 243 242
225 221 249 248
273 162 1 1
272 163 1 1
372 208 273 272
279 164 1 1
278 165 1 1
373 209 279 278
285 168 1 1
284 169 1 1
374 210 285 284
291 170 1 1
290 171 1 1
375 211 291 290
309 174 1 1
308 175 1 1
440 238 309 308
315 176 1 1
314 177 1 1
441 239 315 314
321 180 1 1
320 181 1 1
442 240 321 320
327 182 1 1
326 183 1 1
443 241 327 326
337 196 1 1
336 197 1 1
376 214 337 336
343 198 1 1
342 199 1 1
377 215 343 342
349 202 1 1
348 203 1 1
378 216 349 348
355 204 1 1
354 205 1 1
379 217 355 354
413 226 1 1
412 227 1 1
446 246 413 412
419 228 1 1
418 229 1 1
447 247 419 418
425 232 1 1
424 233 1 1
444 244 425 424
431 234 427 1
430 235 1 1
445 245 431 430
-1 427 509 508
