0 0 -1 49
0 0 -1 52
0 0 58 57
0 0 62 61
0 0 105 104
0 0 107 106
0 0 109 108
0 0 111 110
0 0 151 150
0 0 153 152
0 0 155 154
0 0 157 156
0 0 163 162
0 0 165 164
0 0 169 168
0 0 171 170
0 0 175 174
0 0 -1 176
0 0 -1 178
0 0 -1 182
0 0 -1 183
0 0 189 188
0 0 193 192
196 0 -1 194
52 49 51 50
61 57 -1 59
62 58 -1 60
106 104 71 70
110 108 75 74
107 105 89 88
111 109 94 93
152 150 113 112
156 154 117 116
162 146 123 122
153 151 133 132
157 155 137 136
163 147 143 142
168 164 -1 166
169 165 -1 167
174 170 -1 172
175 171 -1 173
182 176 -1 177
183 178 -1 179
194 144 -1 184
192 188 -1 190
193 189 -1 191
59 50 54 53
60 51 56 55
74 70 -1 72
75 71 -1 73
93 88 -1 90
94 89 -1 91
116 112 -1 114
117 113 -1 115
122 118 -1 120
123 119 -1 121
136 132 -1 134
137 133 -1 135
142 138 -1 140
143 139 -1 141
179 96 -1 126
172 166 -1 158
173 167 -1 159
190 186 -1 160
191 187 -1 161
184 177 181 180
72 53 64 63
120 114 81 80
73 54 66 65
121 115 87 86
135 56 -1 69
141 90 -1 92
91 55 68 67
140 134 103 102
160 158 119 118
161 159 139 138
129 126 145 144
180 148 -1 186
181 149 -1 187
195 145 -1 185
81 63 1 1
80 64 1 1
87 65 1 1
86 66 1 1
103 67 -1 99
102 68 1 1
-1 69 96 95
-1 92 98 97
-1 99 131 130
185 98 -1 129
-1 95 125 124
-1 97 128 127
197 130 -1 195
-1 131 197 196
127 124 147 146
128 125 149 148
