0 0 -1 49
0 0 -1 52
0 0 58 57
0 0 62 61
0 0 100 99
0 0 102 101
0 0 104 103
0 0 106 105
0 0 179 178
0 0 183 182
0 0 185 184
0 0 189 188
0 0 245 244
0 0 249 248
296 0 251 250
0 0 255 254
0 0 267 266
0 0 271 270
0 0 277 276
0 0 279 278
0 0 287 286
0 0 289 288
0 0 291 290
0 0 293 292
52 49 51 50
61 57 -1 59
62 58 -1 60
101 99 72 71
105 103 76 75
102 100 86 85
106 104 90 89
182 178 175 174
188 184 177 176
183 179 181 180
189 185 187 186
270 266 229 228
278 276 233 232
288 286 235 234
292 290 239 238
248 244 241 240
254 250 243 242
271 267 269 268
279 277 275 274
289 287 281 280
293 291 285 284
249 245 247 246
255 251 253 252
59 50 54 53
60 51 56 55
75 71 -1 73
76 72 -1 74
89 85 -1 87
90 86 -1 88
176 174 112 111
177 175 130 129
186 180 150 149
187 181 167 166
253 247 193 192
252 246 207 206
243 241 217 216
242 240 223 222
232 228 -1 230
233 229 -1 231
238 234 -1 236
239 235 -1 237
274 268 -1 272
275 269 -1 273
284 280 -1 282
285 281 -1 283
73 53 64 63
74 54 66 65
87 55 68 67
88 56 70 69
111 107 -1 109
112 108 -1 110
129 125 -1 127
130 126 -1 128
149 145 -1 147
150 146 -1 148
166 162 -1 164
167 163 -1 165
237 231 173 172
282 272 191 190
196 192 -1 194
197 193 -1 195
283 273 199 198
210 206 -1 208
211 207 -1 209
236 230 213 212
220 216 -1 218
221 217 -1 219
226 222 -1 224
227 223 -1 225
109 63 78 77
194 190 118 117
110 64 80 79
195 191 124 123
127 65 82 81
208 198 136 135
128 66 84 83
209 199 144 143
147 67 92 91
218 212 156 155
148 68 94 93
219 213 161 160
164 69 96 95
224 172 169 168
165 70 98 97
225 173 171 170
168 95 108 107
118 77 1 1
117 78 1 1
124 79 1 1
123 80 1 1
169 96 126 125
135 81 1 1
144 83 1 1
143 84 1 1
170 97 146 145
156 91 1 1
155 92 1 1
161 93 -1 157
160 94 1 1
171 98 163 162
-1 82 134 133
-1 136 138 137
-1 157 215 214
-1 134 203 202
-1 138 205 204
137 133 201 200
295 214 -1 294
264 200 259 258
265 201 263 262
-1 215 296 295
204 202 257 256
205 203 261 260
-1 294 265 264
263 261 197 196
262 260 211 210
259 257 221 220
258 256 227 226
