0 0 -1 49
0 0 -1 52
0 0 58 57
0 0 62 61
0 0 108 107
0 0 110 109
0 0 112 111
0 0 114 113
0 0 144 143
0 0 148 147
0 0 150 149
0 0 154 153
0 0 305 304
0 0 307 306
0 0 309 308
0 0 311 310
0 0 313 312
0 0 315 314
0 0 317 316
0 0 319 318
0 0 -1 368
0 0 -1 371
402 0 377 376
0 0 381 380
52 49 51 50
61 57 -1 59
62 58 -1 60
109 107 72 71
113 111 76 75
110 108 90 89
114 112 94 93
147 143 116 115
153 149 118 117
148 144 146 145
154 150 152 151
306 304 210 209
310 308 214 213
314 312 216 215
318 316 220 219
307 305 274 273
311 309 278 277
315 313 280 279
319 317 284 283
371 368 370 369
380 376 -1 378
381 377 -1 379
59 50 54 53
60 51 56 55
75 71 -1 73
76 72 -1 74
117 115 82 81
118 116 88 87
93 89 -1 91
94 90 -1 92
151 145 100 99
152 146 106 105
213 209 182 181
219 215 184 183
214 210 212 211
220 216 218 217
277 273 246 245
283 279 248 247
278 274 276 275
284 280 282 281
378 369 373 372
379 370 375 374
73 53 64 63
74 54 66 65
91 55 68 67
92 56 70 69
81 63 78 77
183 181 124 123
82 64 80 79
184 182 130 129
87 65 84 83
217 211 136 135
88 66 86 85
218 212 142 141
99 67 96 95
247 245 160 159
100 68 98 97
248 246 166 165
105 69 102 101
281 275 172 171
106 70 104 103
282 276 179 178
386 374 329 328
387 375 345 344
382 372 349 348
383 373 359 358
123 77 120 119
124 78 122 121
129 79 126 125
130 80 128 127
135 83 132 131
136 84 134 133
141 85 138 137
142 86 140 139
159 95 156 155
160 96 158 157
165 97 162 161
166 98 164 163
171 101 168 167
-1 102 170 169
-1 172 174 173
204 104 -1 177
337 179 -1 180
178 103 176 175
330 328 321 320
331 329 323 322
347 345 325 324
346 344 327 326
351 349 333 332
350 348 335 334
359 353 337 336
358 352 341 340
320 187 190 189
321 188 196 195
322 185 202 201
323 186 208 207
226 131 1 1
225 132 1 1
326 193 226 225
232 133 1 1
231 134 1 1
327 194 232 231
238 137 1 1
237 138 1 1
324 191 238 237
244 139 1 1
243 140 1 1
325 192 244 243
254 155 1 1
253 156 1 1
334 199 254 253
260 157 1 1
259 158 1 1
335 200 260 259
266 161 1 1
265 162 1 1
332 197 266 265
272 163 1 1
271 164 1 1
333 198 272 271
290 167 1 1
289 168 1 1
340 205 290 289
303 175 -1 299
302 176 1 1
336 203 303 302
190 120 188 187
189 119 186 185
195 121 192 191
196 122 194 193
201 125 198 197
202 126 200 199
207 127 204 203
208 128 206 205
173 169 292 291
174 170 294 293
-1 341 343 342
-1 177 296 295
-1 180 298 297
-1 299 367 366
356 293 331 330
357 294 347 346
354 291 351 350
342 338 355 354
343 339 357 356
355 292 353 352
-1 206 339 338
361 296 -1 362
364 298 -1 365
-1 295 361 360
-1 297 364 363
401 366 -1 400
-1 367 402 401
365 362 395 394
363 360 397 396
-1 400 399 398
398 396 385 384
399 397 389 388
-1 394 391 390
-1 395 393 392
390 384 -1 382
392 385 -1 383
391 388 -1 386
393 389 -1 387
