0 0 -1 49
0 0 -1 51
0 0 -1 55
0 0 -1 56
0 0 -1 61
0 0 -1 64
0 0 68 67
0 0 72 71
0 0 -1 105
0 0 -1 108
0 0 110 109
0 0 114 113
0 0 132 131
0 0 258 257
0 0 262 261
0 0 264 263
0 0 268 267
0 0 331 330
0 0 335 334
0 0 337 336
0 0 341 340
0 0 347 346
0 0 351 350
376 0 357 356
55 49 -1 50
56 51 -1 52
64 61 63 62
71 67 -1 69
72 68 -1 70
108 105 107 106
113 109 -1 111
114 110 -1 112
131 128 118 117
132 130 122 121
261 257 224 223
267 263 226 225
334 330 240 239
340 336 244 243
350 346 246 245
356 352 250 249
262 258 260 259
268 264 266 265
335 331 333 332
341 337 339 338
351 347 349 348
357 353 355 354
52 50 54 53
69 62 -1 65
70 63 -1 66
111 106 82 81
112 107 94 93
123 117 -1 115
125 118 -1 116
124 121 -1 119
126 122 -1 120
225 223 192 191
226 224 208 207
265 259 210 209
266 260 212 211
243 239 214 213
249 245 218 217
244 240 242 241
250 246 248 247
338 332 359 358
354 348 363 362
339 333 369 368
355 349 371 370
65 53 58 57
66 54 60 59
115 81 -1 83
116 82 -1 84
119 93 -1 95
120 94 -1 96
209 197 142 141
210 198 148 147
211 199 158 157
212 200 164 163
191 189 170 169
192 190 176 175
207 193 182 181
208 194 188 187
217 213 204 203
218 214 216 215
362 358 252 251
247 241 343 342
248 242 345 344
363 359 361 360
371 369 365 364
370 368 367 366
83 57 74 73
84 58 76 75
95 59 78 77
96 60 80 79
169 97 166 165
205 203 196 195
170 98 168 167
206 204 202 201
147 87 144 143
255 251 222 221
175 99 172 171
220 216 232 231
176 100 174 173
219 215 238 237
181 101 178 177
344 305 274 273
182 102 180 179
345 306 280 279
187 103 184 183
342 303 286 285
188 104 186 185
343 304 292 291
141 85 138 137
360 293 296 295
142 86 140 139
361 294 302 301
148 88 146 145
256 252 254 253
157 89 154 153
366 299 312 311
158 90 156 155
367 300 318 317
163 91 160 159
364 297 324 323
164 92 162 161
365 298 329 328
133 73 86 85
135 74 88 87
149 75 90 89
151 76 92 91
134 77 98 97
136 78 100 99
150 79 102 101
152 80 104 103
196 166 190 189
221 143 206 205
195 165 194 193
201 167 198 197
202 168 200 199
232 171 228 227
231 172 230 229
238 173 1 1
237 174 1 1
222 144 220 219
295 137 256 255
274 177 1 1
273 178 1 1
280 179 1 1
279 180 1 1
286 183 282 281
285 184 1 1
292 185 1 1
291 186 1 1
312 153 1 1
311 154 1 1
318 155 1 1
317 156 1 1
324 159 1 1
323 160 1 1
329 161 -1 325
328 162 1 1
253 145 304 303
254 146 306 305
296 138 294 293
301 139 298 297
302 140 300 299
-1 325 373 372
-1 281 128 127
-1 282 130 129
-1 227 134 133
-1 228 136 135
-1 229 150 149
-1 230 152 151
375 372 -1 374
-1 373 376 375
-1 127 124 123
-1 129 126 125
-1 374 353 352
