0 0 50 49
0 0 56 55
0 0 70 69
0 0 72 71
0 0 126 125
0 0 130 129
0 0 132 131
0 0 136 135
0 0 263 262
0 0 265 264
0 0 267 266
0 0 269 268
0 0 357 356
0 0 361 360
0 0 363 362
0 0 367 366
0 0 369 368
0 0 373 372
0 0 375 374
0 0 379 378
0 0 381 380
0 0 385 384
406 0 387 386
0 0 391 390
55 49 52 51
71 69 62 61
56 50 54 53
72 70 68 67
129 125 98 97
135 131 100 99
130 126 128 127
136 132 134 133
264 262 188 187
268 266 192 191
265 263 249 248
269 267 253 252
360 356 343 342
366 362 345 344
372 368 347 346
378 374 349 348
384 380 351 350
390 386 353 352
361 357 359 358
367 363 365 364
373 369 371 370
379 375 377 376
385 381 383 382
391 387 389 388
61 51 58 57
99 97 78 77
62 52 60 59
100 98 84 83
67 53 64 63
133 127 90 89
68 54 66 65
134 128 96 95
191 187 162 161
192 188 190 189
252 248 226 225
253 249 251 250
364 358 275 274
376 370 279 278
388 382 281 280
365 359 291 290
377 371 295 294
389 383 297 296
344 342 307 306
348 346 311 310
352 350 313 312
345 343 323 322
349 347 327 326
353 351 329 328
77 57 74 73
193 161 106 105
78 58 76 75
194 162 112 111
83 59 80 79
221 189 118 117
84 60 82 81
222 190 124 123
89 63 86 85
254 225 142 141
90 64 88 87
255 226 147 146
95 65 92 91
258 250 154 153
96 66 94 93
259 251 160 159
278 274 271 270
284 280 273 272
279 275 277 276
285 281 283 282
294 290 287 286
300 296 289 288
295 291 293 292
301 297 299 298
310 306 303 302
316 312 305 304
326 322 319 318
332 328 321 320
327 323 325 324
333 329 331 330
311 307 309 308
317 313 315 314
105 73 102 101
272 270 168 167
106 74 104 103
273 271 174 173
111 75 108 107
282 276 180 179
112 76 110 109
283 277 186 185
159 93 156 155
304 302 196 195
117 79 114 113
288 286 202 201
118 80 116 115
289 287 208 207
123 81 120 119
298 292 214 213
124 82 122 121
299 293 220 219
160 94 158 157
305 303 224 223
141 85 138 137
320 318 232 231
142 86 140 139
321 319 238 237
325 88 -1 145
331 147 -1 148
146 87 144 143
330 324 247 246
153 91 150 149
314 308 257 256
154 92 152 151
315 309 261 260
168 101 1 1
167 102 1 1
174 103 1 1
173 104 1 1
180 107 1 1
179 108 1 1
186 109 1 1
185 110 1 1
195 155 -1 193
196 156 -1 194
202 113 1 1
201 114 1 1
208 115 1 1
207 116 1 1
214 119 1 1
213 120 1 1
220 121 1 1
219 122 1 1
223 157 -1 221
224 158 -1 222
232 137 1 1
231 138 1 1
238 139 1 1
237 140 1 1
247 143 -1 243
246 144 1 1
256 149 -1 254
257 150 -1 255
260 151 -1 258
261 152 -1 259
-1 145 240 239
-1 148 242 241
-1 243 341 340
335 240 -1 336
338 242 -1 339
-1 239 335 334
-1 241 338 337
405 340 -1 404
-1 341 406 405
337 334 397 396
339 336 403 402
-1 404 401 400
400 396 355 354
401 397 399 398
-1 402 393 392
-1 403 395 394
398 393 285 284
399 395 301 300
392 354 317 316
394 355 333 332
