0 0 -1 49
0 0 -1 52
0 0 58 57
0 0 62 61
0 0 108 107
0 0 110 109
0 0 112 111
0 0 114 113
0 0 144 143
0 0 148 147
0 0 150 149
0 0 154 153
0 0 309 308
0 0 311 310
0 0 313 312
0 0 315 314
0 0 317 316
0 0 319 318
0 0 321 320
0 0 323 322
0 0 -1 372
0 0 -1 375
402 0 381 380
0 0 385 384
52 49 51 50
61 57 -1 59
62 58 -1 60
109 107 72 71
113 111 76 75
110 108 90 89
114 112 94 93
147 143 116 115
153 149 118 117
148 144 146 145
154 150 152 151
310 308 210 209
314 312 214 213
318 316 216 215
322 320 220 219
311 309 274 273
315 313 278 277
319 317 280 279
323 321 284 283
375 372 374 373
384 380 -1 382
385 381 -1 383
59 50 54 53
60 51 56 55
75 71 -1 73
76 72 -1 74
117 115 82 81
118 116 88 87
93 89 -1 91
94 90 -1 92
151 145 100 99
152 146 106 105
213 209 182 181
219 215 184 183
214 210 212 211
220 216 218 217
277 273 246 245
283 279 248 247
278 274 276 275
284 280 282 281
382 373 377 376
383 374 379 378
73 53 64 63
74 54 66 65
91 55 68 67
92 56 70 69
81 63 78 77
183 181 124 123
82 64 80 79
184 182 130 129
87 65 84 83
217 211 136 135
88 66 86 85
218 212 142 141
99 67 96 95
247 245 160 159
100 68 98 97
248 246 166 165
105 69 102 101
281 275 172 171
106 70 104 103
282 276 180 179
394 378 333 332
395 379 349 348
388 376 353 352
389 377 363 362
123 77 120 119
124 78 122 121
129 79 126 125
130 80 128 127
135 83 132 131
136 84 134 133
141 85 138 137
142 86 140 139
159 95 156 155
160 96 158 157
165 97 162 161
166 98 164 163
171 101 168 167
-1 102 170 169
-1 172 174 173
179 103 176 175
180 104 178 177
334 332 325 324
335 333 327 326
351 349 329 328
350 348 331 330
355 353 337 336
354 352 339 338
363 357 341 340
362 356 345 344
324 187 190 189
325 188 196 195
326 185 202 201
327 186 208 207
226 131 1 1
225 132 1 1
330 193 226 225
232 133 1 1
231 134 1 1
331 194 232 231
238 137 1 1
237 138 1 1
328 191 238 237
244 139 1 1
243 140 1 1
329 192 244 243
254 155 1 1
253 156 1 1
338 199 254 253
260 157 1 1
259 158 1 1
339 200 260 259
266 161 1 1
265 162 1 1
336 197 266 265
272 163 1 1
271 164 1 1
337 198 272 271
290 167 1 1
289 168 1 1
344 205 290 289
299 175 1 1
340 203 300 299
307 177 -1 303
306 178 1 1
341 204 307 306
190 120 188 187
189 119 186 185
195 121 192 191
196 122 194 193
201 125 198 197
202 126 200 199
207 127 204 203
208 128 206 205
173 169 292 291
174 170 294 293
-1 345 347 346
-1 176 298 297
-1 303 371 370
360 293 335 334
361 294 351 350
358 291 355 354
346 342 359 358
347 343 361 360
359 292 357 356
-1 206 343 342
-1 300 302 301
-1 298 367 366
301 297 365 364
401 370 -1 400
398 364 391 390
399 365 397 396
-1 371 402 401
368 366 387 386
369 367 393 392
-1 302 369 368
-1 400 399 398
390 386 -1 388
391 387 -1 389
396 392 -1 394
397 393 -1 395
