0 0 -1 50
0 0 -1 53
0 0 59 58
0 0 63 62
0 0 107 106
0 0 109 108
0 0 111 110
0 0 113 112
0 0 153 152
0 0 155 154
0 0 157 156
0 0 159 158
0 0 165 164
0 0 167 166
0 0 171 170
0 0 173 172
0 0 177 176
0 0 -1 178
0 0 -1 180
0 0 -1 184
0 0 -1 185
0 0 191 190
0 0 195 194
133 0 -1 196
132 0 -1 197
53 50 52 51
62 58 -1 60
63 59 -1 61
108 106 72 71
112 110 76 75
109 107 90 89
113 111 95 94
154 152 115 114
158 156 119 118
164 148 125 124
155 153 135 134
159 157 139 138
165 149 145 144
170 166 -1 168
171 167 -1 169
176 172 -1 174
177 173 -1 175
184 178 -1 179
185 180 -1 181
196 146 -1 186
197 147 -1 187
194 190 -1 192
195 191 -1 193
60 51 55 54
61 52 57 56
75 71 -1 73
76 72 -1 74
94 89 -1 91
95 90 -1 92
118 114 -1 116
119 115 -1 117
124 120 -1 122
125 121 -1 123
138 134 -1 136
139 135 -1 137
144 140 -1 142
145 141 -1 143
181 97 -1 128
187 99 -1 131
174 168 -1 160
175 169 -1 161
192 188 -1 162
193 189 -1 163
186 179 183 182
73 54 65 64
122 116 82 81
74 55 67 66
123 117 88 87
137 57 -1 70
143 91 -1 93
92 56 69 68
142 136 105 104
162 160 121 120
163 161 141 140
131 128 147 146
182 150 -1 188
183 151 -1 189
82 64 1 1
81 65 1 1
88 66 1 1
87 67 1 1
105 68 101 1
104 69 1 1
-1 70 97 96
-1 93 99 98
-1 101 133 132
-1 96 127 126
-1 98 130 129
129 126 149 148
130 127 151 150
