0 0 51 50
0 0 55 54
0 0 63 62
0 0 66 65
0 0 83 82
0 0 89 88
0 0 97 96
0 0 101 100
0 0 133 132
0 0 136 135
0 0 157 156
0 0 163 162
0 0 207 206
0 0 209 208
0 0 215 214
0 0 221 220
0 0 225 224
0 0 229 228
0 0 237 236
0 0 239 238
0 0 241 240
0 0 247 246
0 0 257 256
0 0 259 258
62 50 -1 52
65 54 -1 56
72 51 -1 53
75 55 -1 57
88 82 85 84
100 96 93 92
89 83 87 86
132 73 -1 74
135 76 -1 77
147 133 -1 134
151 136 -1 137
162 156 159 158
163 157 161 160
206 63 -1 64
208 66 -1 67
207 169 -1 170
209 172 -1 173
220 214 217 216
101 97 99 98
221 215 219 218
236 224 -1 226
238 228 -1 230
237 225 -1 227
239 229 -1 231
246 240 243 242
258 256 251 250
247 241 245 244
259 257 255 254
56 52 59 58
57 53 61 60
92 84 -1 90
93 85 -1 91
102 86 -1 94
105 87 -1 95
77 74 139 138
137 134 141 140
168 158 -1 164
171 159 -1 165
174 160 -1 166
178 161 -1 167
67 64 211 210
173 170 213 212
216 98 -1 222
217 99 -1 223
218 103 -1 104
219 106 -1 107
230 226 233 232
231 227 235 234
250 242 -1 248
251 243 -1 249
254 244 -1 252
255 245 -1 253
90 58 69 68
252 234 113 112
91 59 71 70
253 235 119 118
94 60 79 78
248 232 125 124
95 61 81 80
249 233 131 130
164 138 143 142
212 104 187 186
165 139 145 144
213 107 193 192
166 140 153 152
222 210 199 198
167 141 155 154
223 211 205 204
130 80 127 126
204 154 201 200
112 68 109 108
186 142 183 182
113 69 111 110
187 143 185 184
118 70 115 114
192 144 189 188
119 71 117 116
193 145 191 190
124 78 121 120
198 152 195 194
125 79 123 122
199 153 197 196
131 81 129 128
205 155 203 202
-1 129 147 146
-1 203 151 150
201 126 261 260
200 127 1 1
202 128 265 264
183 108 1 1
182 109 1 1
185 110 1 1
184 111 1 1
189 114 1 1
188 115 1 1
191 116 1 1
190 117 1 1
195 120 1 1
194 121 1 1
197 122 1 1
196 123 1 1
-1 265 73 72
-1 260 103 102
-1 261 106 105
264 180 267 266
150 146 149 148
-1 266 169 168
-1 267 172 171
179 149 181 180
175 148 177 176
-1 181 76 75
-1 176 175 174
-1 177 179 178
