0 0 57 56
0 0 69 68
0 0 71 70
0 0 73 72
0 0 79 78
0 0 93 92
0 0 101 100
0 0 113 112
0 0 115 114
0 0 117 116
0 0 123 122
0 0 137 136
0 0 145 144
0 0 157 156
0 0 159 158
0 0 161 160
0 0 167 166
0 0 181 180
0 0 189 188
0 0 201 200
0 0 203 202
0 0 205 204
0 0 211 210
0 0 225 224
56 50 53 52
71 69 61 60
57 51 55 54
70 68 67 66
78 72 75 74
93 87 85 84
79 73 77 76
92 86 91 90
101 95 99 98
114 112 105 104
100 94 97 96
115 113 111 110
122 116 119 118
137 125 129 128
123 117 121 120
136 124 135 134
144 138 141 140
159 157 149 148
145 139 143 142
158 156 155 154
166 160 163 162
181 175 173 172
167 161 165 164
180 174 179 178
189 183 187 186
202 200 193 192
188 182 185 184
203 201 199 198
210 204 207 206
225 213 217 216
211 205 209 208
224 212 223 222
60 52 51 50
90 76 87 86
104 98 95 94
128 118 125 124
148 140 139 138
178 164 175 174
192 186 183 182
216 206 213 212
61 53 59 58
84 74 81 80
66 54 63 62
134 120 131 130
67 55 65 64
135 121 133 132
111 97 109 108
129 119 127 126
85 75 83 82
110 96 107 106
91 77 89 88
105 99 103 102
149 141 147 146
172 162 169 168
154 142 151 150
222 208 219 218
155 143 153 152
223 209 221 220
199 185 197 196
217 207 215 214
173 163 171 170
198 184 195 194
179 165 177 176
193 187 191 190
80 58 227 226
126 108 241 240
81 59 229 228
127 109 247 246
130 62 231 230
106 82 253 252
131 63 233 232
107 83 259 258
132 64 235 234
102 88 265 264
133 65 237 236
103 89 271 270
220 152 283 282
190 176 285 284
221 153 287 286
191 177 289 288
218 150 291 290
194 170 293 292
168 146 311 310
214 196 313 312
169 147 315 314
215 197 317 316
219 151 319 318
195 171 321 320
282 226 -1 238
284 240 -1 242
286 227 -1 239
288 241 -1 243
283 228 -1 244
285 246 -1 248
290 229 -1 245
292 247 -1 249
310 230 -1 250
312 252 -1 254
314 231 -1 251
316 253 -1 255
315 232 -1 256
317 258 -1 260
311 233 -1 257
313 259 -1 261
318 234 -1 262
320 264 -1 266
287 235 -1 263
289 265 -1 267
291 236 -1 268
293 270 -1 272
319 237 -1 269
321 271 -1 273
242 238 1 1
243 239 1 1
248 244 1 1
249 245 1 1
254 250 1 1
255 251 1 1
260 256 1 1
261 257 1 1
266 262 1 1
267 263 1 1
272 268 1 1
273 269 1 1
