0 0 -1 50
0 0 -1 52
0 0 -1 56
0 0 -1 57
51 0 -1 54
53 0 -1 55
0 0 -1 60
0 0 -1 62
0 0 -1 66
0 0 -1 67
61 0 -1 64
63 0 -1 65
0 0 -1 74
0 0 -1 75
0 0 -1 80
0 0 -1 81
0 0 -1 86
0 0 -1 88
0 0 -1 92
0 0 -1 93
87 0 -1 90
89 0 -1 91
0 0 -1 96
0 0 -1 98
0 0 -1 102
0 0 -1 103
97 0 -1 100
99 0 -1 101
56 50 -1 51
57 52 -1 53
66 60 -1 61
67 62 -1 63
74 54 -1 58
75 55 -1 59
80 64 -1 68
81 65 -1 69
92 86 -1 87
93 88 -1 89
102 96 -1 97
103 98 -1 99
91 90 95 94
112 100 -1 104
113 101 -1 105
104 58 -1 70
105 59 -1 71
69 68 73 72
108 94 -1 106
109 95 -1 107
107 72 83 1
106 73 1 1
-1 70 77 76
-1 71 79 78
-1 83 111 110
117 77 -1 112
119 79 -1 113
78 76 115 114
116 110 -1 108
118 111 -1 109
-1 114 117 116
-1 115 119 118
