0 0 51 50
0 0 57 56
0 0 71 70
0 0 73 72
0 0 127 126
0 0 131 130
0 0 133 132
0 0 137 136
0 0 265 264
0 0 267 266
0 0 269 268
0 0 271 270
0 0 357 356
0 0 361 360
0 0 363 362
0 0 367 366
0 0 369 368
0 0 373 372
0 0 375 374
0 0 379 378
0 0 381 380
0 0 385 384
0 0 387 386
0 0 391 390
56 50 53 52
72 70 63 62
57 51 55 54
73 71 69 68
130 126 99 98
136 132 101 100
131 127 129 128
137 133 135 134
266 264 189 188
270 268 193 192
267 265 251 250
271 269 255 254
360 356 345 344
366 362 347 346
372 368 349 348
378 374 351 350
384 380 353 352
390 386 355 354
361 357 359 358
367 363 365 364
373 369 371 370
379 375 377 376
385 381 383 382
391 387 389 388
62 52 59 58
100 98 79 78
63 53 61 60
101 99 85 84
68 54 65 64
134 128 91 90
69 55 67 66
135 129 97 96
192 188 163 162
193 189 191 190
254 250 227 226
255 251 253 252
364 358 277 276
376 370 281 280
388 382 283 282
365 359 293 292
377 371 297 296
389 383 299 298
346 344 309 308
350 348 313 312
354 352 315 314
347 345 325 324
351 349 329 328
355 353 331 330
78 58 75 74
194 162 107 106
79 59 77 76
195 163 113 112
84 60 81 80
222 190 119 118
85 61 83 82
223 191 125 124
90 64 87 86
256 226 143 142
91 65 89 88
257 227 148 147
96 66 93 92
260 252 155 154
97 67 95 94
261 253 161 160
280 276 273 272
286 282 275 274
281 277 279 278
287 283 285 284
296 292 289 288
302 298 291 290
297 293 295 294
303 299 301 300
312 308 305 304
318 314 307 306
328 324 321 320
334 330 323 322
329 325 327 326
335 331 333 332
313 309 311 310
319 315 317 316
106 74 103 102
274 272 169 168
107 75 105 104
275 273 175 174
112 76 109 108
284 278 181 180
113 77 111 110
285 279 187 186
160 94 157 156
306 304 197 196
118 80 115 114
290 288 203 202
119 81 117 116
291 289 209 208
124 82 121 120
300 294 215 214
125 83 123 122
301 295 221 220
161 95 159 158
307 305 225 224
142 86 139 138
322 320 233 232
143 87 141 140
323 321 239 238
327 89 -1 146
333 148 -1 149
147 88 145 144
332 326 249 248
154 92 151 150
316 310 259 258
155 93 153 152
317 311 263 262
169 102 1 1
168 103 1 1
175 104 1 1
174 105 1 1
181 108 1 1
180 109 1 1
187 110 1 1
186 111 1 1
196 156 -1 194
197 157 -1 195
203 114 1 1
202 115 1 1
209 116 1 1
208 117 1 1
215 120 1 1
214 121 1 1
221 122 1 1
220 123 1 1
224 158 -1 222
225 159 -1 223
233 138 1 1
232 139 1 1
239 140 1 1
238 141 1 1
249 144 245 1
248 145 1 1
258 150 -1 256
259 151 -1 257
262 152 -1 260
263 153 -1 261
-1 146 241 240
-1 149 243 242
-1 245 343 342
337 241 -1 338
340 243 -1 341
-1 240 337 336
-1 242 340 339
395 343 303 302
394 342 335 334
339 336 397 396
341 338 399 398
397 393 287 286
396 392 319 318
-1 398 393 392
-1 399 395 394
