0 0 -1 50
0 0 -1 53
0 0 59 58
0 0 63 62
0 0 109 108
0 0 111 110
0 0 113 112
0 0 115 114
0 0 145 144
0 0 149 148
0 0 151 150
0 0 155 154
0 0 311 310
0 0 313 312
0 0 315 314
0 0 317 316
0 0 319 318
0 0 321 320
0 0 323 322
0 0 325 324
0 0 -1 374
0 0 -1 377
0 0 383 382
0 0 387 386
53 50 52 51
62 58 -1 60
63 59 -1 61
110 108 73 72
114 112 77 76
111 109 91 90
115 113 95 94
148 144 117 116
154 150 119 118
149 145 147 146
155 151 153 152
312 310 211 210
316 314 215 214
320 318 217 216
324 322 221 220
313 311 275 274
317 315 279 278
321 319 281 280
325 323 285 284
377 374 376 375
386 382 -1 384
387 383 -1 385
60 51 55 54
61 52 57 56
76 72 -1 74
77 73 -1 75
118 116 83 82
119 117 89 88
94 90 -1 92
95 91 -1 93
152 146 101 100
153 147 107 106
214 210 183 182
220 216 185 184
215 211 213 212
221 217 219 218
278 274 247 246
284 280 249 248
279 275 277 276
285 281 283 282
384 375 379 378
385 376 381 380
74 54 65 64
75 55 67 66
92 56 69 68
93 57 71 70
82 64 79 78
184 182 125 124
83 65 81 80
185 183 131 130
88 66 85 84
218 212 137 136
89 67 87 86
219 213 143 142
100 68 97 96
248 246 161 160
101 69 99 98
249 247 167 166
106 70 103 102
282 276 173 172
107 71 105 104
283 277 181 180
394 380 335 334
395 381 351 350
390 378 355 354
391 379 365 364
124 78 121 120
125 79 123 122
130 80 127 126
131 81 129 128
136 84 133 132
137 85 135 134
142 86 139 138
143 87 141 140
160 96 157 156
161 97 159 158
166 98 163 162
167 99 165 164
172 102 169 168
-1 103 171 170
-1 173 175 174
180 104 177 176
181 105 179 178
336 334 327 326
337 335 329 328
353 351 331 330
352 350 333 332
357 355 339 338
356 354 341 340
365 359 343 342
364 358 347 346
326 188 191 190
327 189 197 196
328 186 203 202
329 187 209 208
227 132 1 1
226 133 1 1
332 194 227 226
233 134 1 1
232 135 1 1
333 195 233 232
239 138 1 1
238 139 1 1
330 192 239 238
245 140 1 1
244 141 1 1
331 193 245 244
255 156 1 1
254 157 1 1
340 200 255 254
261 158 1 1
260 159 1 1
341 201 261 260
267 162 1 1
266 163 1 1
338 198 267 266
273 164 1 1
272 165 1 1
339 199 273 272
291 168 1 1
290 169 1 1
346 206 291 290
300 176 1 1
342 204 301 300
309 178 305 1
308 179 1 1
343 205 309 308
191 121 189 188
190 120 187 186
196 122 193 192
197 123 195 194
202 126 199 198
203 127 201 200
208 128 205 204
209 129 207 206
174 170 293 292
175 171 295 294
-1 347 349 348
-1 177 299 298
-1 305 373 372
362 294 337 336
363 295 353 352
360 292 357 356
348 344 361 360
349 345 363 362
361 293 359 358
-1 207 345 344
-1 301 303 302
-1 299 369 368
302 298 367 366
388 366 -1 390
389 372 -1 391
392 367 -1 394
393 373 -1 395
370 368 389 388
371 369 393 392
-1 303 371 370
