0 0 51 50
0 0 57 56
0 0 71 70
0 0 73 72
0 0 127 126
0 0 131 130
0 0 133 132
0 0 137 136
0 0 267 266
0 0 269 268
0 0 271 270
0 0 273 272
0 0 359 358
0 0 363 362
0 0 365 364
0 0 369 368
0 0 371 370
0 0 375 374
0 0 377 376
0 0 381 380
0 0 383 382
0 0 387 386
0 0 389 388
0 0 393 392
56 50 53 52
72 70 63 62
57 51 55 54
73 71 69 68
130 126 99 98
136 132 101 100
131 127 129 128
137 133 135 134
268 266 191 190
272 270 195 194
269 267 253 252
273 271 257 256
362 358 347 346
368 364 349 348
374 370 351 350
380 376 353 352
386 382 355 354
392 388 357 356
363 359 361 360
369 365 367 366
375 371 373 372
381 377 379 378
387 383 385 384
393 389 391 390
62 52 59 58
100 98 79 78
63 53 61 60
101 99 85 84
68 54 65 64
134 128 91 90
69 55 67 66
135 129 97 96
194 190 165 164
195 191 193 192
256 252 229 228
257 253 255 254
366 360 279 278
378 372 283 282
390 384 289 288
367 361 295 294
379 373 299 298
391 385 305 304
348 346 311 310
352 350 315 314
356 354 321 320
349 347 337 336
353 351 341 340
357 355 345 344
78 58 75 74
196 164 107 106
79 59 77 76
197 165 113 112
84 60 81 80
224 192 119 118
85 61 83 82
225 193 125 124
90 64 87 86
258 228 143 142
91 65 89 88
259 229 151 150
96 66 93 92
262 254 157 156
97 67 95 94
263 255 163 162
282 278 275 274
288 284 277 276
283 279 281 280
289 285 287 286
298 294 291 290
304 300 293 292
299 295 297 296
305 301 303 302
314 310 307 306
320 316 309 308
340 336 323 322
344 332 327 326
341 337 339 338
345 333 343 342
315 311 313 312
321 317 319 318
106 74 103 102
276 274 171 170
107 75 105 104
277 275 177 176
112 76 109 108
286 280 183 182
113 77 111 110
287 281 189 188
162 94 159 158
308 306 199 198
118 80 115 114
292 290 205 204
119 81 117 116
293 291 211 210
124 82 121 120
302 296 217 216
125 83 123 122
303 297 223 222
163 95 161 160
309 307 227 226
142 86 139 138
326 322 235 234
-1 87 141 140
-1 143 145 144
150 88 147 146
342 338 245 244
151 89 149 148
343 339 251 250
156 92 153 152
318 312 261 260
157 93 155 154
319 313 265 264
-1 323 325 324
-1 327 329 328
171 102 1 1
170 103 1 1
177 104 1 1
176 105 1 1
183 108 1 1
182 109 1 1
189 110 1 1
188 111 1 1
198 158 -1 196
199 159 -1 197
205 114 1 1
204 115 1 1
211 116 1 1
210 117 1 1
217 120 1 1
216 121 1 1
223 122 1 1
222 123 1 1
226 160 -1 224
227 161 -1 225
235 138 1 1
234 139 1 1
245 146 1 1
244 147 1 1
251 148 1 1
250 149 1 1
260 152 -1 258
261 153 -1 259
264 154 -1 262
265 155 -1 263
144 140 237 236
328 324 331 330
145 141 239 238
329 325 335 334
330 236 285 284
331 237 301 300
334 238 317 316
335 239 333 332
