0 0 51 50
0 0 57 56
0 0 71 70
0 0 73 72
0 0 127 126
0 0 131 130
0 0 133 132
0 0 137 136
0 0 293 292
0 0 295 294
0 0 297 296
0 0 299 298
0 0 301 300
0 0 303 302
0 0 305 304
0 0 307 306
0 0 367 366
0 0 373 372
0 0 379 378
0 0 381 380
0 0 387 386
0 0 391 390
0 0 393 392
0 0 397 396
56 50 53 52
72 70 63 62
57 51 55 54
73 71 69 68
130 126 99 98
136 132 101 100
131 127 129 128
137 133 135 134
294 292 191 190
298 296 195 194
302 300 197 196
306 304 201 200
295 293 255 254
299 297 259 258
303 301 261 260
307 305 265 264
372 366 369 368
380 378 375 374
373 367 371 370
381 379 377 376
390 386 383 382
396 392 385 384
391 387 389 388
397 393 395 394
62 52 59 58
100 98 79 78
63 53 61 60
101 99 85 84
68 54 65 64
134 128 91 90
69 55 67 66
135 129 97 96
194 190 163 162
200 196 165 164
195 191 193 192
201 197 199 198
258 254 227 226
264 260 229 228
259 255 257 256
265 261 263 262
374 368 313 312
384 382 317 316
375 369 325 324
385 383 329 328
376 370 337 336
394 388 341 340
377 371 349 348
395 389 353 352
78 58 75 74
164 162 107 106
79 59 77 76
165 163 113 112
84 60 81 80
198 192 119 118
85 61 83 82
199 193 125 124
90 64 87 86
228 226 143 142
91 65 89 88
229 227 149 148
96 66 93 92
262 256 155 154
97 67 95 94
263 257 161 160
316 312 309 308
317 313 315 314
328 324 321 320
329 325 327 326
340 336 333 332
341 337 339 338
352 348 345 344
353 349 351 350
106 74 103 102
310 308 171 170
107 75 105 104
311 309 177 176
112 76 109 108
318 314 183 182
113 77 111 110
319 315 189 188
118 80 115 114
322 320 207 206
119 81 117 116
323 321 213 212
124 82 121 120
330 326 219 218
125 83 123 122
331 327 225 224
142 86 139 138
334 332 235 234
143 87 141 140
335 333 241 240
148 88 145 144
342 338 247 246
149 89 147 146
343 339 253 252
154 92 151 150
346 344 271 270
155 93 153 152
347 345 277 276
160 94 157 156
354 350 283 282
161 95 159 158
355 351 291 290
171 102 1 1
170 103 1 1
177 104 1 1
176 105 1 1
183 108 1 1
182 109 1 1
189 110 1 1
188 111 1 1
207 114 1 1
206 115 1 1
213 116 1 1
212 117 1 1
219 120 1 1
218 121 1 1
225 122 1 1
224 123 1 1
235 138 1 1
234 139 1 1
241 140 1 1
240 141 1 1
247 144 1 1
246 145 1 1
253 146 1 1
252 147 1 1
271 150 1 1
270 151 1 1
277 152 1 1
276 153 1 1
282 156 1 1
291 158 287 1
290 159 1 1
-1 157 281 280
-1 283 285 284
-1 287 365 364
-1 280 357 356
-1 284 361 360
-1 281 359 358
-1 285 363 362
-1 364 411 410
-1 365 413 412
360 356 399 398
361 357 409 408
363 358 415 414
362 359 417 416
400 398 311 310
410 402 319 318
404 399 323 322
412 406 331 330
408 401 335 334
411 403 343 342
409 405 347 346
413 407 355 354
-1 414 401 400
-1 415 403 402
-1 416 405 404
-1 417 407 406
