0 0 -1 50
0 0 -1 52
0 0 -1 56
0 0 -1 57
0 0 -1 62
0 0 -1 65
0 0 69 68
0 0 73 72
0 0 -1 116
0 0 -1 119
0 0 121 120
0 0 125 124
0 0 139 138
0 0 141 140
0 0 143 142
0 0 145 144
77 0 -1 96
87 0 -1 97
0 0 -1 180
0 0 -1 183
0 0 -1 186
0 0 -1 189
0 0 -1 192
0 0 -1 195
0 0 199 198
56 50 -1 51
57 52 -1 53
65 62 64 63
72 68 -1 70
73 69 -1 71
119 116 118 117
124 120 -1 122
125 121 -1 123
140 138 127 126
144 142 131 130
141 139 133 132
145 143 137 136
183 180 182 181
97 96 157 156
189 186 188 187
195 192 194 193
198 174 -1 196
199 175 -1 197
53 51 55 54
70 63 -1 66
71 64 -1 67
122 117 83 82
123 118 99 98
130 126 -1 128
131 127 -1 129
136 132 -1 134
137 133 -1 135
197 194 159 158
196 193 177 176
181 156 -1 184
182 157 -1 185
187 166 -1 190
188 167 -1 191
66 54 59 58
67 55 61 60
128 82 -1 84
129 83 -1 85
134 98 -1 100
135 99 -1 101
190 184 147 146
204 158 -1 160
205 159 -1 161
191 185 169 168
200 176 -1 178
201 177 -1 179
84 58 75 74
160 146 93 92
-1 59 77 76
-1 85 87 86
100 60 79 78
178 168 107 106
101 61 81 80
179 169 115 114
-1 147 149 148
-1 161 163 162
93 74 1 1
92 75 1 1
106 78 1 1
115 80 111 1
114 81 1 1
86 76 95 94
162 148 155 154
149 104 -1 164
163 108 -1 165
-1 79 105 104
-1 107 109 108
-1 111 175 174
165 164 167 166
154 94 151 150
155 95 153 152
-1 105 171 170
-1 109 173 172
202 150 -1 200
203 151 -1 201
172 170 203 202
206 152 -1 204
207 153 -1 205
173 171 207 206
