0 0 -1 51
0 0 -1 54
0 0 60 59
0 0 64 63
0 0 112 111
0 0 114 113
0 0 116 115
0 0 118 117
0 0 154 153
0 0 156 155
0 0 158 157
0 0 160 159
0 0 166 165
0 0 168 167
0 0 170 169
0 0 174 173
0 0 176 175
0 0 180 179
0 0 -1 181
0 0 -1 183
0 0 -1 185
0 0 -1 186
0 0 188 187
0 0 192 191
196 0 -1 193
54 51 53 52
63 59 -1 61
64 60 -1 62
113 111 74 73
117 115 78 77
114 112 92 91
118 116 96 95
155 153 120 119
159 157 124 123
167 165 130 129
156 154 138 137
160 158 142 141
168 166 148 147
173 169 -1 171
174 170 -1 172
179 175 -1 177
180 176 -1 178
185 181 -1 182
186 183 -1 184
193 131 -1 149
191 187 -1 189
192 188 -1 190
61 52 56 55
62 53 58 57
77 73 -1 75
78 74 -1 76
95 91 -1 93
96 92 -1 94
123 119 -1 121
124 120 -1 122
129 125 -1 127
130 126 -1 128
141 137 -1 139
142 138 -1 140
147 143 -1 145
148 144 -1 146
182 99 -1 131
149 103 -1 133
184 100 -1 132
177 171 -1 161
178 172 -1 162
189 151 -1 163
190 152 -1 164
194 133 -1 150
75 55 66 65
127 121 84 83
76 56 68 67
128 122 90 89
93 57 70 69
145 139 102 101
94 58 72 71
146 140 110 109
163 161 126 125
164 162 144 143
134 132 152 151
150 104 -1 134
84 65 1 1
83 66 1 1
90 67 1 1
89 68 1 1
101 69 1 1
110 71 106 1
109 72 1 1
-1 70 100 99
-1 102 104 103
-1 106 136 135
-1 136 196 195
195 135 -1 194
