0 0 -1 51
0 0 -1 53
0 0 -1 57
0 0 -1 58
0 0 -1 63
0 0 -1 66
0 0 70 69
0 0 74 73
0 0 -1 115
0 0 -1 118
0 0 120 119
0 0 124 123
0 0 138 137
0 0 140 139
0 0 142 141
0 0 144 143
0 0 -1 179
0 0 -1 182
0 0 190 189
0 0 -1 191
0 0 -1 194
0 0 202 201
0 0 -1 207
0 0 -1 210
173 0 216 215
57 51 -1 52
58 53 -1 54
66 63 65 64
73 69 -1 71
74 70 -1 72
118 115 117 116
123 119 -1 121
124 120 -1 122
139 137 126 125
143 141 130 129
140 138 132 131
144 142 136 135
182 179 181 180
189 185 -1 187
190 186 -1 188
194 191 193 192
201 197 -1 199
202 198 -1 200
210 207 209 208
215 211 -1 213
216 212 -1 214
54 52 56 55
71 64 -1 67
72 65 -1 68
121 116 84 83
122 117 100 99
129 125 -1 127
130 126 -1 128
135 131 -1 133
136 132 -1 134
214 209 166 165
213 208 176 175
187 180 -1 183
188 181 -1 184
199 192 -1 195
200 193 -1 196
67 55 60 59
68 56 62 61
127 83 -1 85
128 84 -1 86
133 99 -1 101
134 100 -1 102
195 183 146 145
219 165 -1 167
220 166 -1 168
196 184 172 171
217 175 -1 177
218 176 -1 178
85 59 76 75
167 145 94 93
-1 60 78 77
-1 86 88 87
101 61 80 79
177 171 108 107
102 62 82 81
178 172 114 113
-1 146 148 147
-1 168 170 169
94 75 1 1
93 76 1 1
108 79 1 1
107 80 1 1
114 81 110 1
113 82 1 1
87 77 96 95
169 147 154 153
88 78 98 97
170 148 164 163
-1 110 174 173
-1 95 150 149
-1 153 156 155
-1 96 152 151
-1 154 158 157
163 97 160 159
164 98 162 161
-1 174 212 211
155 149 186 185
157 151 198 197
203 159 -1 217
204 160 -1 218
156 150 204 203
205 161 -1 219
206 162 -1 220
158 152 206 205
