0 0 -1 51
0 0 -1 53
0 0 -1 57
0 0 -1 58
0 0 -1 63
0 0 -1 66
0 0 70 69
0 0 74 73
0 0 -1 115
0 0 -1 118
0 0 120 119
0 0 124 123
0 0 144 143
0 0 146 145
0 0 176 175
0 0 180 179
256 0 186 185
0 0 205 204
0 0 211 210
0 0 225 224
0 0 227 226
0 0 241 240
0 0 245 244
0 0 247 246
0 0 251 250
57 51 -1 52
58 53 -1 54
66 63 65 64
73 69 -1 71
74 70 -1 72
118 115 117 116
123 119 -1 121
124 120 -1 122
145 143 128 127
146 144 132 131
179 175 148 147
185 181 150 149
180 176 178 177
186 182 184 183
210 204 207 206
226 224 217 216
211 205 209 208
227 225 223 222
244 240 237 236
250 246 239 238
245 241 243 242
251 247 249 248
54 52 56 55
71 64 -1 67
72 65 -1 68
121 116 84 83
149 147 92 91
150 148 98 97
122 117 100 99
183 177 108 107
184 178 114 113
133 127 -1 125
135 128 -1 126
134 131 -1 129
136 132 -1 130
216 206 213 212
238 236 229 228
217 207 215 214
239 237 231 230
222 208 219 218
248 242 233 232
223 209 221 220
249 243 235 234
67 55 60 59
68 56 62 61
125 83 -1 85
126 84 -1 86
129 99 -1 101
130 100 -1 102
114 82 112 111
234 220 142 141
91 75 88 87
229 213 156 155
92 76 90 89
228 212 162 161
97 77 94 93
231 215 168 167
98 78 96 95
230 214 174 173
107 79 104 103
233 219 192 191
108 80 106 105
232 218 198 197
113 81 110 109
235 221 203 202
85 59 76 75
86 60 78 77
101 61 80 79
102 62 82 81
142 111 138 137
141 112 1 1
156 87 1 1
155 88 1 1
162 89 1 1
161 90 1 1
168 93 1 1
167 94 1 1
174 95 1 1
173 96 1 1
192 103 1 1
191 104 1 1
198 105 1 1
197 106 1 1
203 109 -1 199
202 110 1 1
-1 199 253 252
-1 137 134 133
-1 138 136 135
255 252 -1 254
-1 253 256 255
-1 254 182 181
