0 0 -1 51
0 0 -1 53
0 0 -1 57
0 0 -1 58
0 0 -1 63
0 0 -1 66
0 0 70 69
0 0 74 73
0 0 -1 115
0 0 -1 118
0 0 120 119
0 0 124 123
0 0 144 143
0 0 146 145
0 0 176 175
0 0 180 179
253 0 186 185
0 0 206 205
0 0 212 211
0 0 226 225
0 0 228 227
0 0 242 241
0 0 246 245
0 0 248 247
0 0 252 251
57 51 -1 52
58 53 -1 54
66 63 65 64
73 69 -1 71
74 70 -1 72
118 115 117 116
123 119 -1 121
124 120 -1 122
145 143 128 127
146 144 132 131
179 175 148 147
185 181 150 149
180 176 178 177
186 182 184 183
211 205 208 207
227 225 218 217
212 206 210 209
228 226 224 223
245 241 238 237
251 247 240 239
246 242 244 243
252 248 250 249
54 52 56 55
71 64 -1 67
72 65 -1 68
121 116 84 83
149 147 92 91
150 148 98 97
122 117 100 99
183 177 108 107
184 178 114 113
133 127 -1 125
135 128 -1 126
134 131 -1 129
136 132 -1 130
217 207 214 213
239 237 230 229
218 208 216 215
240 238 232 231
223 209 220 219
249 243 234 233
224 210 222 221
250 244 236 235
67 55 60 59
68 56 62 61
125 83 -1 85
126 84 -1 86
129 99 -1 101
130 100 -1 102
114 82 112 111
235 221 142 141
91 75 88 87
230 214 156 155
92 76 90 89
229 213 162 161
97 77 94 93
232 216 168 167
98 78 96 95
231 215 174 173
107 79 104 103
234 220 192 191
108 80 106 105
233 219 198 197
113 81 110 109
236 222 204 203
85 59 76 75
86 60 78 77
101 61 80 79
102 62 82 81
142 111 138 137
141 112 1 1
156 87 1 1
155 88 1 1
162 89 1 1
161 90 1 1
168 93 1 1
167 94 1 1
174 95 1 1
173 96 1 1
192 103 1 1
191 104 1 1
198 105 1 1
197 106 1 1
204 109 200 1
203 110 1 1
-1 200 254 253
-1 137 134 133
-1 138 136 135
-1 254 182 181
