0 0 -1 51
0 0 -1 54
0 0 60 59
0 0 64 63
0 0 110 109
0 0 112 111
0 0 114 113
0 0 116 115
0 0 146 145
0 0 150 149
0 0 152 151
0 0 156 155
0 0 312 311
0 0 314 313
0 0 316 315
0 0 318 317
0 0 320 319
0 0 322 321
0 0 324 323
0 0 326 325
0 0 -1 359
0 0 -1 362
0 0 368 367
0 0 372 371
357 0 388 387
54 51 53 52
63 59 -1 61
64 60 -1 62
111 109 74 73
115 113 78 77
112 110 92 91
116 114 96 95
149 145 118 117
155 151 120 119
150 146 148 147
156 152 154 153
313 311 208 207
317 315 212 211
321 319 214 213
325 323 218 217
314 312 272 271
318 316 276 275
322 320 278 277
326 324 282 281
362 359 361 360
371 367 -1 369
372 368 -1 370
387 385 374 373
388 386 380 379
61 52 56 55
62 53 58 57
77 73 -1 75
78 74 -1 76
119 117 84 83
120 118 90 89
95 91 -1 93
96 92 -1 94
153 147 102 101
154 148 107 106
211 207 180 179
217 213 182 181
212 208 210 209
218 214 216 215
275 271 244 243
281 277 246 245
276 272 274 273
282 278 280 279
369 360 364 363
370 361 366 365
377 373 -1 375
378 374 -1 376
383 379 -1 381
384 380 -1 382
75 55 66 65
76 56 68 67
93 57 70 69
94 58 72 71
83 65 80 79
181 179 126 125
84 66 82 81
182 180 132 131
89 67 86 85
215 209 138 137
90 68 88 87
216 210 144 143
101 69 98 97
245 243 162 161
102 70 100 99
246 244 168 167
106 71 104 103
279 273 174 173
395 107 -1 108
376 364 296 295
274 130 -1 203
280 205 -1 206
381 365 336 335
382 366 342 341
375 363 344 343
296 72 -1 105
125 79 122 121
126 80 124 123
131 81 128 127
132 82 130 129
137 85 134 133
138 86 136 135
143 87 140 139
144 88 142 141
161 97 158 157
162 98 160 159
167 99 164 163
168 100 166 165
173 103 170 169
174 104 172 171
-1 108 178 177
-1 203 304 303
-1 206 306 305
389 335 328 327
391 336 330 329
396 342 332 331
394 341 334 333
392 344 338 337
390 343 340 339
393 295 298 297
327 185 188 187
328 186 194 193
329 183 200 199
330 184 205 204
224 133 1 1
223 134 1 1
333 191 224 223
230 135 1 1
229 136 1 1
334 192 230 229
236 139 1 1
235 140 1 1
331 189 236 235
242 141 1 1
241 142 1 1
332 190 242 241
252 157 1 1
251 158 1 1
339 197 252 251
258 159 1 1
257 160 1 1
340 198 258 257
264 163 1 1
263 164 1 1
337 195 264 263
270 165 1 1
269 166 1 1
338 196 270 269
288 169 1 1
287 170 1 1
297 201 288 287
294 171 290 1
293 172 1 1
298 202 294 293
-1 105 176 175
188 122 186 185
187 121 184 183
193 123 190 189
194 124 192 191
199 127 196 195
200 128 198 197
204 129 202 201
177 175 300 299
305 303 308 307
350 178 -1 302
348 304 -1 309
352 306 -1 310
-1 290 358 357
346 176 -1 301
-1 299 346 345
-1 307 350 349
-1 300 348 347
-1 308 352 351
302 301 354 353
310 309 356 355
-1 358 386 385
349 345 378 377
351 347 384 383
356 353 398 397
355 354 400 399
-1 397 390 389
-1 398 392 391
-1 399 394 393
-1 400 396 395
