0 0 -1 51
0 0 -1 54
0 0 60 59
0 0 64 63
0 0 110 109
0 0 112 111
0 0 114 113
0 0 116 115
0 0 146 145
0 0 150 149
0 0 152 151
0 0 156 155
0 0 310 309
0 0 312 311
0 0 314 313
0 0 316 315
0 0 318 317
0 0 320 319
0 0 322 321
0 0 324 323
0 0 -1 367
0 0 -1 370
0 0 376 375
0 0 380 379
365 0 392 391
54 51 53 52
63 59 -1 61
64 60 -1 62
111 109 74 73
115 113 78 77
112 110 92 91
116 114 96 95
149 145 118 117
155 151 120 119
150 146 148 147
156 152 154 153
311 309 212 211
315 313 216 215
319 317 218 217
323 321 222 221
312 310 276 275
316 314 280 279
320 318 282 281
324 322 286 285
370 367 369 368
379 375 -1 377
380 376 -1 378
391 389 384 383
392 390 388 387
61 52 56 55
62 53 58 57
77 73 -1 75
78 74 -1 76
119 117 84 83
120 118 90 89
95 91 -1 93
96 92 -1 94
153 147 102 101
154 148 108 107
215 211 184 183
221 217 186 185
216 212 214 213
222 218 220 219
279 275 248 247
285 281 250 249
280 276 278 277
286 282 284 283
377 368 372 371
378 369 374 373
383 357 -1 381
384 358 -1 382
387 359 -1 385
388 360 -1 386
75 55 66 65
76 56 68 67
93 57 70 69
94 58 72 71
83 65 80 79
185 183 126 125
84 66 82 81
186 184 132 131
89 67 86 85
219 213 138 137
90 68 88 87
220 214 144 143
101 69 98 97
249 247 162 161
102 70 100 99
250 248 168 167
107 71 104 103
283 277 174 173
108 72 106 105
284 278 182 181
385 373 334 333
386 374 348 347
381 371 350 349
382 372 364 363
125 79 122 121
126 80 124 123
131 81 128 127
132 82 130 129
137 85 134 133
138 86 136 135
143 87 140 139
144 88 142 141
161 97 158 157
162 98 160 159
167 99 164 163
168 100 166 165
173 103 170 169
-1 104 172 171
-1 174 176 175
181 105 178 177
182 106 180 179
393 333 326 325
395 334 328 327
399 348 330 329
397 347 332 331
396 350 336 335
394 349 338 337
400 364 340 339
398 363 344 343
325 189 192 191
326 190 198 197
327 187 204 203
328 188 210 209
228 133 1 1
227 134 1 1
331 195 228 227
234 135 1 1
233 136 1 1
332 196 234 233
240 139 1 1
239 140 1 1
329 193 240 239
246 141 1 1
245 142 1 1
330 194 246 245
256 157 1 1
255 158 1 1
337 201 256 255
262 159 1 1
261 160 1 1
338 202 262 261
268 163 1 1
267 164 1 1
335 199 268 267
274 165 1 1
273 166 1 1
336 200 274 273
292 169 1 1
291 170 1 1
343 207 292 291
302 177 1 1
301 178 1 1
339 205 302 301
308 179 304 1
307 180 1 1
340 206 308 307
192 122 190 189
191 121 188 187
197 123 194 193
198 124 196 195
203 127 200 199
204 128 202 201
209 129 206 205
210 130 208 207
175 171 294 293
176 172 296 295
-1 344 346 345
-1 304 366 365
356 293 352 351
355 294 354 353
345 341 356 355
346 342 362 361
-1 208 342 341
361 295 358 357
362 296 360 359
-1 366 390 389
-1 351 394 393
-1 352 396 395
-1 353 398 397
-1 354 400 399
