0 0 -1 51
0 0 -1 54
0 0 60 59
0 0 64 63
0 0 110 109
0 0 112 111
0 0 114 113
0 0 116 115
0 0 146 145
0 0 150 149
0 0 152 151
0 0 156 155
0 0 309 308
0 0 311 310
0 0 313 312
0 0 315 314
0 0 317 316
0 0 319 318
0 0 321 320
0 0 323 322
0 0 -1 366
0 0 -1 369
0 0 375 374
0 0 379 378
402 0 391 390
54 51 53 52
63 59 -1 61
64 60 -1 62
111 109 74 73
115 113 78 77
112 110 92 91
116 114 96 95
149 145 118 117
155 151 120 119
150 146 148 147
156 152 154 153
310 308 212 211
314 312 216 215
318 316 218 217
322 320 222 221
311 309 276 275
315 313 280 279
319 317 282 281
323 321 286 285
369 366 368 367
378 374 -1 376
379 375 -1 377
390 388 383 382
391 389 387 386
61 52 56 55
62 53 58 57
77 73 -1 75
78 74 -1 76
119 117 84 83
120 118 90 89
95 91 -1 93
96 92 -1 94
153 147 102 101
154 148 108 107
215 211 184 183
221 217 186 185
216 212 214 213
222 218 220 219
279 275 248 247
285 281 250 249
280 276 278 277
286 282 284 283
376 367 371 370
377 368 373 372
382 356 -1 380
383 357 -1 381
386 358 -1 384
387 359 -1 385
75 55 66 65
76 56 68 67
93 57 70 69
94 58 72 71
83 65 80 79
185 183 126 125
84 66 82 81
186 184 132 131
89 67 86 85
219 213 138 137
90 68 88 87
220 214 144 143
101 69 98 97
249 247 162 161
102 70 100 99
250 248 168 167
107 71 104 103
283 277 174 173
108 72 106 105
284 278 182 181
384 372 333 332
385 373 347 346
380 370 349 348
381 371 363 362
125 79 122 121
126 80 124 123
131 81 128 127
132 82 130 129
137 85 134 133
138 86 136 135
143 87 140 139
144 88 142 141
161 97 158 157
162 98 160 159
167 99 164 163
168 100 166 165
173 103 170 169
-1 104 172 171
-1 174 176 175
181 105 178 177
182 106 180 179
392 332 325 324
394 333 327 326
398 347 329 328
396 346 331 330
395 349 335 334
393 348 337 336
399 363 339 338
397 362 343 342
324 189 192 191
325 190 198 197
326 187 204 203
327 188 210 209
228 133 1 1
227 134 1 1
330 195 228 227
234 135 1 1
233 136 1 1
331 196 234 233
240 139 1 1
239 140 1 1
328 193 240 239
246 141 1 1
245 142 1 1
329 194 246 245
256 157 1 1
255 158 1 1
336 201 256 255
262 159 1 1
261 160 1 1
337 202 262 261
268 163 1 1
267 164 1 1
334 199 268 267
274 165 1 1
273 166 1 1
335 200 274 273
292 169 1 1
291 170 1 1
342 207 292 291
302 177 1 1
301 178 1 1
338 205 302 301
307 179 -1 303
306 180 1 1
339 206 307 306
192 122 190 189
191 121 188 187
197 123 194 193
198 124 196 195
203 127 200 199
204 128 202 201
209 129 206 205
210 130 208 207
175 171 294 293
176 172 296 295
-1 343 345 344
-1 303 365 364
355 293 351 350
354 294 353 352
344 340 355 354
345 341 361 360
-1 208 341 340
360 295 357 356
361 296 359 358
401 364 -1 400
-1 365 402 401
-1 350 393 392
-1 351 395 394
-1 352 397 396
-1 353 399 398
-1 400 389 388
