0 0 -1 51
0 0 -1 53
0 0 -1 57
0 0 -1 58
0 0 -1 63
0 0 -1 65
0 0 -1 69
0 0 -1 70
0 0 -1 95
0 0 -1 97
0 0 -1 101
0 0 -1 102
0 0 -1 107
0 0 -1 110
0 0 114 113
0 0 118 117
0 0 -1 132
0 0 -1 133
172 0 -1 134
0 0 161 160
0 0 163 162
0 0 165 164
0 0 167 166
0 0 169 168
0 0 171 170
57 51 -1 52
58 53 -1 54
69 63 -1 64
70 65 -1 66
132 79 -1 75
133 82 -1 76
134 87 -1 83
101 95 -1 96
102 97 -1 98
110 107 109 108
117 113 -1 115
118 114 -1 116
162 160 141 140
166 164 145 144
170 168 149 148
163 161 151 150
167 165 155 154
171 169 159 158
75 52 -1 55
76 54 -1 56
83 64 -1 67
84 66 -1 68
98 96 100 99
115 108 -1 111
116 109 -1 112
144 140 -1 142
145 141 -1 143
148 136 -1 146
149 137 -1 147
154 150 -1 152
155 151 -1 153
158 138 -1 156
159 139 -1 157
-1 55 60 59
-1 56 62 61
-1 67 72 71
-1 68 74 73
111 99 104 103
112 100 106 105
156 152 -1 126
157 153 -1 127
146 142 -1 128
147 143 -1 129
-1 59 78 77
-1 61 81 80
78 60 -1 79
81 62 -1 82
-1 71 86 85
-1 73 89 88
86 72 -1 87
89 74 -1 90
127 103 1 1
126 104 1 1
129 105 -1 123
128 106 1 1
-1 123 131 130
135 90 -1 84
80 77 92 91
88 85 94 93
173 130 -1 135
-1 131 173 172
93 91 137 136
94 92 139 138
