0 0 7 6
0 0 27 26
18 6 9 8
-1 7 11 10
38 26 29 28
-1 27 31 30
-1 8 13 12
-1 9 19 18
-1 28 33 32
-1 29 39 38
14 10 23 22
15 11 25 24
35 31 45 44
34 30 43 42
-1 12 15 14
-1 32 35 34
54 22 47 46
112 44 67 66
58 23 49 48
108 42 73 72
74 24 51 50
110 43 83 82
76 25 53 52
109 33 37 36
75 13 17 16
111 39 41 40
77 19 21 20
114 45 97 96
67 46 1 1
66 47 1 1
73 48 1 1
72 49 1 1
83 50 1 1
82 51 1 1
52 37 1 1
53 36 1 1
41 16 1 1
40 17 1 1
96 20 1 1
-1 21 95 94
-1 97 99 98
98 94 101 100
99 95 103 102
100 59 61 60
101 55 57 56
115 102 105 104
113 103 107 106
-1 60 55 54
-1 61 59 58
-1 56 75 74
-1 57 77 76
-1 106 109 108
-1 107 111 110
-1 104 113 112
-1 105 115 114
