0 0 7 6
0 0 41 40
12 6 9 8
40 38 23 22
15 7 11 10
41 39 33 32
-1 8 19 18
-1 22 25 24
-1 9 21 20
-1 23 27 26
-1 10 29 28
-1 32 35 34
-1 11 31 30
-1 33 37 36
24 18 43 42
25 19 45 44
26 20 47 46
27 21 49 48
35 29 53 52
34 28 51 50
114 31 -1 56
116 37 -1 57
36 30 55 54
92 42 1 1
90 43 1 1
93 44 1 1
91 45 1 1
96 46 1 1
94 47 1 1
97 48 1 1
95 49 1 1
110 52 75 74
113 50 1 1
111 51 1 1
117 54 107 1
115 55 1 1
112 53 81 80
-1 56 103 102
-1 57 105 104
-1 107 39 38
86 74 77 76
82 75 79 78
87 80 89 88
83 81 85 84
103 13 -1 14
105 16 -1 17
104 102 121 120
-1 120 13 12
-1 121 16 15
-1 76 91 90
-1 77 93 92
-1 78 95 94
-1 79 97 96
-1 88 111 110
-1 89 113 112
-1 84 115 114
-1 85 117 116
17 14 119 118
-1 118 83 82
-1 119 87 86
