0 0 7 6
0 0 13 12
-1 6 9 8
-1 12 15 14
-1 7 11 10
-1 13 17 16
-1 8 19 18
-1 14 23 22
-1 9 21 20
-1 15 25 24
16 10 27 26
-1 11 29 28
-1 17 31 30
-1 26 41 40
-1 27 43 42
22 18 33 32
23 19 35 34
24 20 37 36
25 21 39 38
30 28 45 44
31 29 47 46
52 40 1 1
-1 41 51 50
77 42 73 72
76 43 1 1
67 32 1 1
66 33 1 1
65 34 1 1
64 35 1 1
71 36 1 1
70 37 1 1
69 38 1 1
68 39 1 1
84 44 1 1
80 45 1 1
85 46 1 1
81 47 1 1
-1 50 57 56
-1 51 59 58
-1 72 79 78
-1 73 83 82
-1 78 53 52
-1 82 77 76
-1 79 81 80
-1 83 85 84
61 57 67 66
60 56 65 64
63 59 71 70
62 58 69 68
-1 53 55 54
-1 54 61 60
-1 55 63 62
