0 0 55 54
0 0 61 60
-1 54 57 56
-1 60 63 62
-1 55 59 58
-1 61 65 64
64 58 75 74
-1 56 67 66
-1 62 71 70
-1 57 69 68
-1 63 73 72
-1 59 77 76
-1 65 79 78
-1 74 93 92
-1 75 95 94
71 67 83 82
70 66 81 80
73 69 87 86
72 68 85 84
79 77 91 90
78 76 89 88
-1 94 7 6
92 48 1 1
83 32 1 1
82 33 1 1
81 34 1 1
80 35 1 1
87 36 1 1
86 37 1 1
85 38 1 1
84 39 1 1
91 40 1 1
90 41 1 1
89 42 1 1
88 43 1 1
95 45 1 1
93 49 1 1
-1 6 9 8
-1 7 11 10
16 10 27 26
-1 8 19 18
-1 9 21 20
-1 11 29 28
-1 26 45 44
-1 27 49 48
22 18 33 32
23 19 35 34
24 20 37 36
25 21 39 38
30 28 41 40
31 29 43 42
-1 44 13 12
-1 12 15 14
-1 13 17 16
-1 14 23 22
-1 15 25 24
-1 17 31 30
