0 0 7 6
0 0 33 32
12 6 9 8
32 30 23 22
15 7 11 10
33 31 29 28
22 8 19 18
23 9 21 20
28 10 25 24
29 11 27 26
58 24 55 54
-1 18 35 34
-1 19 37 36
-1 20 45 44
-1 21 47 46
59 25 57 56
64 26 61 60
-1 27 63 62
84 54 39 38
86 55 49 48
85 56 59 58
87 57 65 64
40 34 69 68
41 35 71 70
42 36 73 72
43 37 75 74
50 44 77 76
51 45 79 78
52 46 81 80
53 47 83 82
-1 60 89 88
-1 61 91 90
147 63 -1 100
66 62 99 98
-1 38 41 40
-1 39 43 42
-1 48 51 50
-1 49 53 52
95 89 93 92
-1 65 67 66
160 68 1 1
158 69 1 1
161 70 1 1
159 71 1 1
164 72 1 1
162 73 1 1
165 74 1 1
163 75 1 1
140 76 1 1
138 77 1 1
141 78 1 1
139 79 1 1
136 80 1 1
134 81 1 1
137 82 131 130
135 83 133 132
94 88 143 142
96 90 145 144
101 100 151 150
157 98 153 1
156 99 1 1
-1 91 147 146
-1 153 31 30
-1 132 135 134
-1 133 137 136
-1 130 139 138
-1 131 141 140
-1 92 95 94
-1 93 97 96
149 67 -1 101
148 146 157 156
-1 142 159 158
-1 143 161 160
-1 144 163 162
-1 145 165 164
-1 150 167 166
-1 151 169 168
-1 167 13 12
-1 169 16 15
166 13 -1 14
168 16 -1 17
-1 97 149 148
-1 14 85 84
-1 17 87 86
