-1 0 7 6
-1 0 13 12
-1 0 51 50
-1 0 57 56
-1 6 9 8
-1 12 15 14
-1 7 11 10
-1 13 17 16
-1 50 53 52
-1 56 59 58
-1 51 55 54
-1 57 61 60
-1 8 19 18
-1 14 23 22
-1 9 21 20
-1 15 25 24
-1 10 27 26
-1 16 31 30
-1 11 29 28
-1 17 33 32
-1 52 63 62
-1 58 67 66
-1 53 65 64
-1 59 69 68
-1 54 71 70
-1 60 75 74
-1 55 73 72
-1 61 77 76
22 18 35 34
67 63 81 80
23 19 37 36
66 62 79 78
24 20 39 38
69 65 85 84
25 21 41 40
68 64 83 82
30 26 43 42
75 71 89 88
31 27 45 44
74 70 87 86
32 28 47 46
77 73 93 92
33 29 49 48
76 72 91 90
81 34 1 1
80 35 1 1
79 36 1 1
78 37 1 1
85 38 1 1
84 39 1 1
83 40 1 1
82 41 1 1
89 42 1 1
88 43 1 1
87 44 1 1
86 45 1 1
93 46 1 1
92 47 1 1
91 48 1 1
90 49 1 1
