0 0 7 6
0 0 13 12
12 6 9 8
13 7 11 10
-1 8 15 14
-1 9 17 16
40 10 19 18
-1 11 21 20
24 14 33 32
25 15 35 34
29 16 37 36
30 17 39 38
52 18 49 48
53 19 51 50
45 20 55 54
123 21 -1 56
57 56 135 134
106 32 79 78
108 33 81 80
107 34 83 82
109 35 85 84
110 36 87 86
112 37 89 88
111 38 91 90
113 39 93 92
124 50 121 120
118 48 115 114
119 49 117 116
-1 51 123 122
207 55 -1 130
131 54 129 128
-1 134 65 64
-1 135 67 66
180 120 119 118
181 121 125 124
212 78 1 1
210 79 1 1
216 80 1 1
214 81 1 1
213 82 1 1
211 83 1 1
217 84 1 1
215 85 1 1
220 86 1 1
218 87 1 1
224 88 1 1
222 89 1 1
221 90 1 1
219 91 1 1
225 92 1 1
223 93 1 1
187 114 183 182
186 115 185 184
193 116 189 188
192 117 191 190
133 130 197 196
203 128 199 1
202 129 1 1
126 122 195 194
-1 199 105 104
195 132 -1 133
76 64 59 58
74 66 69 68
65 23 -1 26
67 28 -1 31
-1 125 127 126
206 194 203 202
-1 184 211 210
-1 185 213 212
-1 182 215 214
-1 183 217 216
-1 190 219 218
-1 191 221 220
-1 188 223 222
-1 189 225 224
-1 196 227 226
-1 197 229 228
105 101 53 52
104 100 103 102
-1 58 23 22
-1 59 28 27
-1 68 41 40
-1 69 44 43
127 46 -1 57
226 144 -1 142
228 146 -1 143
-1 227 145 144
-1 229 147 146
-1 26 61 60
-1 31 63 62
145 94 97 96
-1 147 137 136
-1 102 111 110
-1 103 113 112
75 41 -1 42
77 44 -1 47
-1 22 25 24
-1 27 30 29
-1 43 46 45
-1 142 95 94
-1 143 101 100
70 60 181 180
72 62 187 186
71 61 193 192
-1 63 209 208
-1 96 107 106
-1 97 109 108
136 98 132 131
205 137 -1 138
-1 42 71 70
-1 47 73 72
-1 95 99 98
209 99 -1 139
208 204 207 206
139 138 141 140
-1 73 205 204
-1 140 75 74
-1 141 77 76
