0 0 7 6
0 0 13 12
12 6 9 8
13 7 11 10
-1 8 15 14
-1 9 17 16
-1 10 19 18
-1 11 21 20
24 14 33 32
25 15 35 34
29 16 37 36
30 17 39 38
42 18 51 50
43 19 53 52
47 20 55 54
200 21 -1 56
57 56 128 127
108 32 79 78
110 33 81 80
109 34 83 82
111 35 85 84
112 36 87 86
114 37 89 88
113 38 91 90
115 39 93 92
129 50 117 116
131 51 119 118
130 52 121 120
132 53 123 122
205 55 -1 126
137 54 125 124
-1 127 65 64
-1 128 67 66
210 78 1 1
208 79 1 1
214 80 1 1
212 81 1 1
211 82 1 1
209 83 1 1
215 84 1 1
213 85 1 1
218 86 1 1
216 87 1 1
222 88 1 1
220 89 1 1
219 90 1 1
217 91 1 1
223 92 1 1
221 93 1 1
246 116 1 1
244 117 1 1
226 118 1 1
224 119 1 1
136 126 195 194
203 124 197 1
201 125 1 1
225 120 187 186
227 121 189 188
245 122 191 190
247 123 193 192
-1 197 107 106
76 64 59 58
74 66 69 68
65 23 -1 26
67 28 -1 31
233 186 229 228
232 187 231 230
239 188 235 234
238 189 237 236
241 190 249 248
240 191 251 250
243 192 253 252
242 193 255 254
-1 194 257 256
-1 195 259 258
106 100 103 102
107 101 105 104
-1 58 23 22
-1 59 28 27
-1 68 41 40
-1 69 46 45
256 142 -1 140
258 144 -1 141
-1 257 143 142
-1 259 145 144
-1 252 201 200
-1 253 203 202
-1 254 205 204
-1 255 207 206
-1 230 209 208
-1 231 211 210
-1 228 213 212
-1 229 215 214
-1 236 217 216
-1 237 219 218
-1 234 221 220
-1 235 223 222
-1 248 225 224
-1 249 227 226
-1 31 63 62
-1 26 61 60
-1 250 245 244
-1 251 247 246
143 94 97 96
145 95 99 98
-1 102 113 112
-1 103 115 114
-1 104 134 133
-1 105 138 137
204 133 -1 135
206 138 -1 139
207 134 -1 136
75 41 -1 44
77 46 -1 49
-1 22 25 24
-1 27 30 29
-1 40 43 42
-1 45 48 47
-1 140 95 94
-1 141 101 100
202 48 -1 57
72 62 233 232
70 60 239 238
73 63 241 240
71 61 243 242
-1 96 109 108
-1 97 111 110
-1 98 130 129
-1 99 132 131
-1 135 75 74
-1 139 77 76
-1 49 73 72
-1 44 71 70
