0 0 7 6
0 0 13 12
12 6 9 8
13 7 11 10
-1 8 15 14
-1 9 17 16
-1 10 19 18
-1 11 21 20
24 14 35 34
25 15 37 36
30 16 39 38
31 17 41 40
44 18 55 54
45 19 57 56
50 20 59 58
51 21 61 60
161 58 63 62
136 34 107 106
138 35 109 108
137 36 111 110
139 37 113 112
140 38 115 114
142 39 117 116
141 40 119 118
143 41 121 120
157 54 145 144
159 55 147 146
158 56 149 148
160 57 151 150
164 59 153 152
251 61 -1 156
165 60 155 154
252 62 65 64
250 63 67 66
233 149 77 76
235 151 83 82
232 148 95 94
234 150 101 100
177 106 1 1
176 107 1 1
183 108 1 1
182 109 1 1
189 110 1 1
188 111 1 1
195 112 1 1
194 113 1 1
201 114 1 1
200 115 1 1
207 116 1 1
206 117 1 1
213 118 1 1
212 119 1 1
219 120 1 1
218 121 1 1
225 144 1 1
224 145 1 1
231 146 1 1
230 147 1 1
241 152 1 1
240 153 1 1
163 156 243 242
249 154 245 1
248 155 1 1
-1 245 135 134
-1 64 23 22
-1 65 29 28
-1 66 43 42
-1 67 49 48
82 33 75 74
-1 95 99 98
-1 94 97 96
-1 77 81 80
-1 76 79 78
-1 100 103 102
-1 101 105 104
-1 83 85 84
-1 242 255 254
-1 243 257 256
134 128 131 130
135 129 133 132
-1 22 25 24
-1 28 31 30
-1 42 45 44
-1 48 51 50
-1 23 27 26
-1 29 33 32
-1 43 47 46
-1 49 53 52
254 168 -1 166
256 170 -1 167
-1 255 169 168
-1 257 171 170
98 90 177 176
96 86 183 182
99 91 189 188
97 87 195 194
80 72 201 200
78 68 207 206
81 73 213 212
79 69 219 218
105 93 225 224
103 89 231 230
102 88 233 232
104 92 235 234
84 70 241 240
85 71 249 248
-1 74 251 250
-1 75 253 252
169 122 125 124
171 123 127 126
-1 130 141 140
-1 131 143 142
-1 132 162 161
-1 133 165 164
253 162 -1 163
-1 166 123 122
-1 167 129 128
-1 52 91 90
-1 46 87 86
-1 32 73 72
-1 26 69 68
-1 47 89 88
-1 53 93 92
-1 27 71 70
-1 124 137 136
-1 125 139 138
-1 126 158 157
-1 127 160 159
