0 0 7 6
0 0 13 12
12 6 9 8
13 7 11 10
-1 8 15 14
-1 9 17 16
-1 10 19 18
-1 11 21 20
24 14 35 34
25 15 37 36
30 16 39 38
31 17 41 40
44 18 55 54
45 19 57 56
50 20 59 58
51 21 61 60
162 58 63 62
136 34 107 106
138 35 109 108
137 36 111 110
139 37 113 112
140 38 115 114
142 39 117 116
141 40 119 118
143 41 121 120
158 54 145 144
160 55 147 146
159 56 149 148
161 57 151 150
164 59 153 152
163 60 155 154
165 61 157 156
252 62 65 64
250 63 67 66
231 149 77 76
233 151 83 82
230 148 95 94
232 150 101 100
175 106 1 1
174 107 1 1
181 108 1 1
180 109 1 1
187 110 1 1
186 111 1 1
193 112 1 1
192 113 1 1
199 114 1 1
198 115 1 1
205 116 1 1
204 117 1 1
211 118 1 1
210 119 1 1
217 120 1 1
216 121 1 1
223 144 1 1
222 145 1 1
229 146 1 1
228 147 1 1
239 152 1 1
238 153 1 1
253 154 241 240
251 155 1 1
249 156 245 1
248 157 1 1
-1 245 135 134
-1 64 23 22
-1 65 29 28
-1 66 43 42
-1 67 49 48
82 33 75 74
-1 240 167 166
-1 241 169 168
-1 95 99 98
-1 94 97 96
-1 77 81 80
-1 76 79 78
-1 100 103 102
-1 101 105 104
-1 83 85 84
167 122 125 124
134 128 131 130
169 123 127 126
135 129 133 132
-1 22 25 24
-1 28 31 30
-1 42 45 44
-1 48 51 50
-1 23 27 26
-1 29 33 32
-1 43 47 46
-1 49 53 52
-1 166 123 122
-1 168 129 128
98 90 175 174
96 86 181 180
99 91 187 186
97 87 193 192
80 72 199 198
78 68 205 204
81 73 211 210
79 69 217 216
105 93 223 222
103 89 229 228
102 88 231 230
104 92 233 232
84 70 239 238
85 71 249 248
-1 74 251 250
-1 75 253 252
-1 124 137 136
-1 125 139 138
-1 130 141 140
-1 131 143 142
-1 126 159 158
-1 127 161 160
-1 132 163 162
-1 133 165 164
-1 52 91 90
-1 46 87 86
-1 32 73 72
-1 26 69 68
-1 47 89 88
-1 53 93 92
-1 27 71 70
