0 0 7 6
0 0 13 12
12 6 9 8
13 7 11 10
-1 8 15 14
-1 9 17 16
-1 10 19 18
-1 11 21 20
24 14 35 34
25 15 37 36
30 16 39 38
31 17 41 40
44 18 55 54
45 19 57 56
50 20 59 58
99 21 -1 60
61 60 158 157
138 34 109 108
140 35 111 110
139 36 113 112
141 37 115 114
142 38 117 116
144 39 119 118
143 40 121 120
145 41 123 122
159 54 147 146
161 55 149 148
160 56 151 150
162 57 153 152
101 59 -1 156
167 58 155 154
187 108 1 1
186 109 1 1
193 110 1 1
192 111 1 1
199 112 1 1
198 113 1 1
205 114 1 1
204 115 1 1
211 116 1 1
210 117 1 1
217 118 1 1
216 119 1 1
223 120 1 1
222 121 1 1
229 122 1 1
228 123 1 1
235 146 1 1
234 147 1 1
241 148 1 1
240 149 1 1
247 150 1 1
246 151 1 1
253 152 1 1
252 153 1 1
166 156 255 254
261 154 257 1
260 155 1 1
-1 157 263 262
-1 158 267 266
-1 257 137 136
262 172 63 62
266 170 87 86
267 171 65 64
-1 254 271 270
-1 255 273 272
-1 263 265 264
136 130 133 132
137 131 135 134
-1 62 23 22
-1 63 29 28
-1 86 43 42
-1 87 49 48
-1 64 67 66
-1 65 69 68
269 265 97 96
268 264 103 102
270 178 -1 176
272 180 -1 177
-1 271 179 178
-1 273 181 180
179 124 127 126
181 125 129 128
-1 132 143 142
-1 133 145 144
-1 134 164 163
-1 135 168 167
-1 22 25 24
-1 28 31 30
-1 42 45 44
-1 48 51 50
-1 23 27 26
-1 29 33 32
-1 43 47 46
-1 49 53 52
-1 176 125 124
-1 177 131 130
-1 96 99 98
-1 97 101 100
-1 68 79 78
-1 66 71 70
-1 103 107 106
-1 102 105 104
-1 69 81 80
-1 67 73 72
-1 126 139 138
-1 127 141 140
-1 128 160 159
-1 129 162 161
174 163 -1 165
175 168 -1 169
164 93 -1 166
89 51 -1 61
100 92 175 174
82 78 187 186
74 70 193 192
83 79 199 198
75 71 205 204
106 94 211 210
104 90 217 216
107 95 223 222
105 91 229 228
84 80 235 234
76 72 241 240
85 81 247 246
77 73 253 252
98 88 261 260
-1 46 89 88
-1 52 93 92
-1 32 83 82
-1 26 75 74
-1 53 95 94
-1 47 91 90
-1 33 85 84
-1 27 77 76
-1 165 171 170
-1 169 173 172
-1 173 269 268
