0 0 7 6
0 0 13 12
12 6 9 8
13 7 11 10
22 8 15 14
25 9 17 16
48 10 19 18
51 11 21 20
-1 14 29 28
-1 15 31 30
-1 16 39 38
-1 17 41 40
58 18 55 54
59 19 57 56
64 20 61 60
-1 21 63 62
34 28 101 100
35 29 103 102
36 30 105 104
37 31 107 106
78 54 123 122
44 38 109 108
45 39 111 110
46 40 113 112
47 41 115 114
79 55 125 124
82 56 127 126
83 57 129 128
-1 60 131 130
-1 61 133 132
66 62 139 138
203 63 -1 140
126 73 79 78
127 75 83 82
128 89 95 94
122 74 81 80
123 72 77 76
124 90 97 96
125 88 93 92
-1 129 195 194
162 100 147 146
164 101 149 148
163 102 151 150
165 103 153 152
166 104 155 154
168 105 157 156
167 106 159 158
169 107 161 160
186 108 171 170
188 109 173 172
187 110 175 174
189 111 177 176
190 112 179 178
192 113 181 180
191 114 183 182
193 115 185 184
134 130 197 196
135 131 199 198
136 132 201 200
-1 133 203 202
210 138 207 206
211 139 209 208
141 140 213 212
-1 80 163 162
-1 81 165 164
-1 76 167 166
-1 77 169 168
-1 96 187 186
-1 97 189 188
-1 92 191 190
-1 93 193 192
-1 94 135 134
-1 95 137 136
194 98 211 210
305 195 -1 214
328 146 1 1
326 147 1 1
332 148 1 1
330 149 1 1
329 150 1 1
327 151 1 1
333 152 1 1
331 153 1 1
336 154 1 1
334 155 1 1
340 156 1 1
338 157 1 1
337 158 1 1
335 159 1 1
341 160 1 1
339 161 1 1
344 170 1 1
342 171 1 1
348 172 1 1
346 173 1 1
345 174 1 1
343 175 1 1
349 176 1 1
347 177 1 1
352 178 1 1
350 179 1 1
356 180 1 1
354 181 1 1
353 182 275 274
351 183 277 276
357 184 279 278
355 185 281 280
300 196 283 282
298 197 285 284
299 198 287 286
295 200 291 290
294 201 293 292
-1 199 289 288
315 206 311 310
314 207 1 1
321 208 317 1
320 209 1 1
217 212 323 322
216 213 325 324
204 202 297 296
-1 317 121 120
-1 322 69 68
-1 323 71 70
-1 324 85 84
-1 325 87 86
-1 310 143 142
-1 311 145 144
302 288 295 294
-1 137 205 204
-1 286 299 298
-1 287 301 300
-1 289 305 304
308 296 315 314
309 297 321 320
215 214 217 216
-1 284 327 326
-1 285 329 328
-1 282 331 330
-1 283 333 332
-1 292 335 334
-1 293 337 336
-1 290 339 338
-1 291 341 340
-1 276 343 342
-1 277 345 344
-1 274 347 346
-1 275 349 348
-1 280 351 350
-1 281 353 352
-1 278 355 354
-1 279 357 356
120 116 33 32
143 118 43 42
121 117 59 58
145 119 65 64
205 67 -1 141
-1 68 23 22
-1 70 26 25
-1 84 49 48
-1 86 52 51
69 23 -1 24
71 26 -1 27
85 49 -1 50
87 52 -1 53
-1 142 117 116
-1 144 119 118
-1 301 303 302
306 304 309 308
-1 32 35 34
-1 33 37 36
-1 42 45 44
-1 43 47 46
-1 65 67 66
-1 24 73 72
-1 27 75 74
-1 50 89 88
-1 53 91 90
-1 303 307 306
-1 91 99 98
307 99 -1 215
