0 0 -1 52
0 0 -1 55
0 0 61 60
0 0 65 64
0 0 103 102
0 0 105 104
0 0 107 106
0 0 109 108
0 0 193 192
0 0 -1 216
0 0 -1 218
0 0 -1 222
0 0 -1 223
0 0 -1 224
0 0 -1 227
0 0 231 230
0 0 235 234
0 0 -1 244
0 0 -1 247
0 0 249 248
0 0 253 252
0 0 267 266
0 0 269 268
0 0 271 270
0 0 273 272
55 52 54 53
64 60 -1 62
65 61 -1 63
104 102 75 74
108 106 79 78
105 103 89 88
109 107 93 92
192 188 177 176
193 189 191 190
222 216 -1 217
223 218 -1 219
227 224 226 225
234 230 -1 232
235 231 -1 233
247 244 246 245
252 248 -1 250
253 249 -1 251
268 266 255 254
272 270 259 258
269 267 261 260
273 271 265 264
62 53 57 56
63 54 59 58
78 74 -1 76
79 75 -1 77
92 88 -1 90
93 89 -1 91
176 174 111 110
177 175 127 126
190 186 143 142
191 187 159 158
219 217 221 220
232 225 -1 228
233 226 -1 229
250 245 237 236
251 246 241 240
258 254 -1 256
259 255 -1 257
264 260 -1 262
265 261 -1 263
76 56 67 66
77 57 69 68
90 58 71 70
91 59 73 72
178 110 -1 112
180 111 -1 113
182 126 -1 128
184 127 -1 129
179 142 -1 144
181 143 -1 145
183 158 -1 160
185 159 -1 161
228 220 197 196
229 221 209 208
256 236 -1 238
257 237 -1 239
262 240 -1 242
263 241 -1 243
112 66 81 80
113 67 83 82
128 68 85 84
129 69 87 86
144 70 95 94
-1 71 97 96
-1 145 147 146
160 72 99 98
161 73 101 100
238 196 195 194
239 197 199 198
242 208 201 200
243 209 211 210
119 80 1 1
118 81 1 1
194 162 119 118
125 82 1 1
124 83 1 1
195 163 125 124
135 84 1 1
134 85 1 1
198 164 135 134
141 86 1 1
140 87 1 1
199 165 141 140
153 94 149 1
152 95 1 1
201 169 153 152
210 170 167 166
211 171 173 172
147 97 157 156
166 98 163 162
167 99 165 164
200 168 203 202
172 100 169 168
146 96 155 154
173 101 171 170
-1 149 189 188
212 156 175 174
214 157 187 186
215 154 205 204
213 155 207 206
-1 202 213 212
-1 203 215 214
-1 204 179 178
-1 205 181 180
-1 206 183 182
-1 207 185 184
