0 0 -1 52
0 0 -1 55
0 0 61 60
0 0 65 64
0 0 113 112
0 0 115 114
0 0 117 116
0 0 119 118
0 0 155 154
0 0 157 156
0 0 159 158
0 0 161 160
0 0 167 166
0 0 169 168
0 0 171 170
0 0 175 174
0 0 177 176
0 0 181 180
0 0 -1 182
0 0 -1 184
0 0 -1 186
0 0 -1 187
0 0 189 188
0 0 193 192
137 0 -1 194
136 0 -1 195
55 52 54 53
64 60 -1 62
65 61 -1 63
114 112 75 74
118 116 79 78
115 113 93 92
119 117 97 96
156 154 121 120
160 158 125 124
168 166 131 130
157 155 139 138
161 159 143 142
169 167 149 148
174 170 -1 172
175 171 -1 173
180 176 -1 178
181 177 -1 179
186 182 -1 183
187 184 -1 185
194 132 -1 150
195 134 -1 151
192 188 -1 190
193 189 -1 191
62 53 57 56
63 54 59 58
78 74 -1 76
79 75 -1 77
96 92 -1 94
97 93 -1 95
124 120 -1 122
125 121 -1 123
130 126 -1 128
131 127 -1 129
142 138 -1 140
143 139 -1 141
148 144 -1 146
149 145 -1 147
183 100 -1 132
150 104 -1 134
185 101 -1 133
151 105 -1 135
178 172 -1 162
179 173 -1 163
190 152 -1 164
191 153 -1 165
76 56 67 66
128 122 85 84
77 57 69 68
129 123 91 90
94 58 71 70
146 140 103 102
95 59 73 72
147 141 111 110
164 162 127 126
165 163 145 144
135 133 153 152
85 66 1 1
84 67 1 1
91 68 1 1
90 69 1 1
102 70 1 1
111 72 107 1
110 73 1 1
-1 71 101 100
-1 103 105 104
-1 107 137 136
