0 0 -1 52
0 0 -1 55
0 0 61 60
0 0 65 64
0 0 103 102
0 0 105 104
0 0 107 106
0 0 109 108
0 0 195 194
0 0 -1 208
0 0 -1 210
0 0 -1 214
0 0 -1 215
0 0 -1 216
0 0 -1 219
0 0 223 222
0 0 227 226
0 0 -1 236
0 0 -1 239
0 0 241 240
0 0 245 244
0 0 259 258
0 0 261 260
0 0 263 262
0 0 265 264
55 52 54 53
64 60 -1 62
65 61 -1 63
104 102 75 74
108 106 79 78
105 103 89 88
109 107 93 92
194 190 179 178
195 191 193 192
214 208 -1 209
215 210 -1 211
219 216 218 217
226 222 -1 224
227 223 -1 225
239 236 238 237
244 240 -1 242
245 241 -1 243
260 258 247 246
264 262 251 250
261 259 253 252
265 263 257 256
62 53 57 56
63 54 59 58
78 74 -1 76
79 75 -1 77
92 88 -1 90
93 89 -1 91
178 176 111 110
179 177 127 126
192 188 143 142
193 189 161 160
211 209 213 212
224 217 -1 220
225 218 -1 221
242 237 229 228
243 238 233 232
250 246 -1 248
251 247 -1 249
256 252 -1 254
257 253 -1 255
76 56 67 66
77 57 69 68
90 58 71 70
91 59 73 72
180 110 -1 112
182 111 -1 113
184 126 -1 128
186 127 -1 129
181 142 -1 144
183 143 -1 145
185 160 -1 162
187 161 -1 163
220 212 199 198
221 213 205 204
248 228 -1 230
249 229 -1 231
254 232 -1 234
255 233 -1 235
112 66 81 80
113 67 83 82
128 68 85 84
129 69 87 86
144 70 95 94
145 71 97 96
162 72 99 98
163 73 101 100
230 198 197 196
231 199 201 200
234 204 203 202
235 205 207 206
119 80 1 1
118 81 1 1
196 164 119 118
125 82 1 1
124 83 1 1
197 165 125 124
135 84 1 1
134 85 1 1
200 166 135 134
141 86 1 1
140 87 1 1
201 167 141 140
151 94 147 146
150 95 149 148
202 170 151 150
156 96 153 1
203 171 157 156
206 172 169 168
207 173 175 174
-1 97 155 154
168 98 165 164
169 99 167 166
174 100 171 170
175 101 173 172
-1 153 191 190
158 154 177 176
-1 146 181 180
-1 147 183 182
-1 148 185 184
-1 149 187 186
-1 157 159 158
159 155 189 188
