0 0 -1 52
0 0 -1 54
0 0 -1 58
0 0 -1 59
0 0 -1 64
0 0 -1 67
0 0 71 70
0 0 75 74
0 0 -1 118
0 0 -1 121
0 0 123 122
0 0 127 126
0 0 141 140
0 0 143 142
0 0 145 144
0 0 147 146
79 0 -1 98
89 0 -1 99
0 0 -1 180
0 0 -1 183
0 0 -1 186
0 0 -1 189
0 0 -1 192
0 0 -1 195
0 0 197 196
0 0 201 200
58 52 -1 53
59 54 -1 55
67 64 66 65
74 70 -1 72
75 71 -1 73
121 118 120 119
126 122 -1 124
127 123 -1 125
142 140 129 128
146 144 133 132
143 141 135 134
147 145 139 138
183 180 182 181
99 98 159 158
189 186 188 187
195 192 194 193
200 196 -1 198
201 197 -1 199
55 53 57 56
72 65 -1 68
73 66 -1 69
124 119 85 84
125 120 101 100
132 128 -1 130
133 129 -1 131
138 134 -1 136
139 135 -1 137
199 194 161 160
198 193 177 176
181 158 -1 184
182 159 -1 185
187 168 -1 190
188 169 -1 191
68 56 61 60
69 57 63 62
130 84 -1 86
131 85 -1 87
136 100 -1 102
137 101 -1 103
190 184 149 148
206 160 -1 162
207 161 -1 163
191 185 171 170
202 176 -1 178
203 177 -1 179
86 60 77 76
162 148 95 94
-1 61 79 78
-1 87 89 88
102 62 81 80
178 170 109 108
103 63 83 82
179 171 117 116
-1 149 151 150
-1 163 165 164
95 76 1 1
94 77 1 1
108 80 1 1
117 82 1 1
116 83 1 1
88 78 97 96
164 150 157 156
151 106 -1 166
165 110 -1 167
-1 81 107 106
-1 109 111 110
167 166 169 168
156 96 153 152
157 97 155 154
-1 107 173 172
-1 111 175 174
204 152 -1 202
205 153 -1 203
174 172 205 204
208 154 -1 206
209 155 -1 207
175 173 209 208
