0 0 53 52
0 0 57 56
0 0 65 64
0 0 68 67
0 0 85 84
0 0 91 90
0 0 101 100
0 0 105 104
0 0 111 110
0 0 135 134
0 0 138 137
0 0 159 158
0 0 165 164
0 0 197 196
0 0 199 198
0 0 205 204
0 0 211 210
0 0 217 216
0 0 221 220
0 0 229 228
0 0 231 230
0 0 233 232
0 0 239 238
0 0 249 248
0 0 251 250
64 52 -1 54
67 56 -1 58
74 53 -1 55
77 57 -1 59
90 84 87 86
104 100 95 94
91 85 89 88
110 106 99 98
134 75 -1 76
137 78 -1 79
148 135 -1 136
151 138 -1 139
164 158 161 160
165 159 163 162
196 65 -1 66
198 68 -1 69
197 149 -1 150
199 152 -1 153
210 204 207 206
105 101 103 102
211 205 209 208
111 107 109 108
228 216 -1 218
230 220 -1 222
229 217 -1 219
231 221 -1 223
238 232 235 234
250 248 243 242
239 233 237 236
251 249 247 246
58 54 61 60
59 55 63 62
94 86 -1 92
95 87 -1 93
98 88 -1 96
99 89 -1 97
79 76 141 140
139 136 143 142
170 160 -1 166
172 161 -1 167
171 162 -1 168
173 163 -1 169
69 66 201 200
153 150 203 202
206 102 -1 212
207 103 -1 213
208 108 -1 214
209 109 -1 215
222 218 225 224
223 219 227 226
242 234 -1 240
243 235 -1 241
246 236 -1 244
247 237 -1 245
92 60 71 70
244 226 117 116
93 61 73 72
245 227 123 122
96 62 81 80
240 224 129 128
97 63 83 82
241 225 133 132
166 140 145 144
214 202 179 178
167 141 147 146
215 203 185 184
168 142 155 154
212 200 191 190
169 143 157 156
213 201 195 194
-1 83 75 74
-1 133 78 77
-1 157 149 148
-1 195 152 151
132 82 131 130
194 156 193 192
116 70 113 112
178 144 175 174
117 71 115 114
179 145 177 176
122 72 119 118
184 146 181 180
123 73 121 120
185 147 183 182
128 80 125 124
190 154 187 186
129 81 127 126
191 155 189 188
193 130 253 252
192 131 255 1
175 112 1 1
174 113 1 1
177 114 1 1
176 115 1 1
181 118 1 1
180 119 1 1
183 120 1 1
182 121 1 1
187 124 1 1
186 125 1 1
189 126 1 1
188 127 1 1
-1 255 107 106
-1 252 171 170
-1 253 173 172
