0 0 -1 52
0 0 -1 55
0 0 61 60
0 0 65 64
0 0 103 102
0 0 105 104
0 0 107 106
0 0 109 108
0 0 183 182
0 0 187 186
0 0 189 188
0 0 193 192
0 0 247 246
0 0 251 250
0 0 253 252
0 0 257 256
0 0 263 262
0 0 265 264
0 0 269 268
0 0 275 274
0 0 277 276
0 0 285 284
0 0 287 286
0 0 289 288
0 0 291 290
55 52 54 53
64 60 -1 62
65 61 -1 63
104 102 75 74
108 106 79 78
105 103 89 88
109 107 93 92
186 182 179 178
192 188 181 180
187 183 185 184
193 189 191 190
268 264 231 230
276 274 235 234
286 284 237 236
290 288 241 240
250 246 243 242
256 252 245 244
262 216 259 258
269 265 267 266
277 275 273 272
287 285 279 278
291 289 283 282
251 247 249 248
257 253 255 254
263 217 261 260
62 53 57 56
63 54 59 58
78 74 -1 76
79 75 -1 77
92 88 -1 90
93 89 -1 91
180 178 115 114
181 179 133 132
190 184 153 152
191 185 171 170
255 249 197 196
261 207 201 200
254 248 209 208
260 206 213 212
245 243 219 218
259 205 223 222
244 242 225 224
258 204 229 228
234 230 -1 232
235 231 -1 233
240 236 -1 238
241 237 -1 239
272 266 -1 270
273 267 -1 271
282 278 -1 280
283 279 -1 281
76 56 67 66
77 57 69 68
90 58 71 70
91 59 73 72
114 110 -1 112
115 111 -1 113
132 128 -1 130
133 129 -1 131
152 148 -1 150
153 149 -1 151
170 166 -1 168
171 167 -1 169
239 233 177 176
280 270 195 194
200 196 -1 198
201 197 -1 199
281 271 203 202
212 208 -1 210
213 209 -1 211
238 232 215 214
222 218 -1 220
223 219 -1 221
228 224 -1 226
229 225 -1 227
112 66 81 80
198 194 121 120
113 67 83 82
199 195 127 126
130 68 85 84
210 202 139 138
131 69 87 86
211 203 147 146
150 70 95 94
220 214 159 158
151 71 97 96
221 215 165 164
168 72 99 98
226 176 173 172
169 73 101 100
227 177 175 174
172 98 111 110
121 80 1 1
120 81 1 1
127 82 1 1
126 83 1 1
173 99 129 128
138 84 1 1
147 86 1 1
146 87 1 1
174 100 149 148
159 94 1 1
158 95 1 1
165 96 161 1
164 97 1 1
175 101 167 166
-1 85 137 136
-1 139 141 140
-1 161 217 216
140 136 205 204
141 137 207 206
