0 0 53 52
0 0 57 56
0 0 65 64
0 0 68 67
0 0 85 84
0 0 91 90
0 0 101 100
0 0 105 104
0 0 107 106
0 0 133 132
0 0 136 135
0 0 157 156
0 0 163 162
0 0 195 194
0 0 197 196
0 0 203 202
0 0 209 208
0 0 215 214
0 0 219 218
0 0 227 226
0 0 229 228
0 0 231 230
0 0 237 236
0 0 247 246
0 0 249 248
64 52 -1 54
67 56 -1 58
74 53 -1 55
77 57 -1 59
90 84 87 86
104 100 95 94
91 85 89 88
250 106 99 98
132 75 -1 76
135 78 -1 79
146 133 -1 134
149 136 -1 137
162 156 159 158
163 157 161 160
194 65 -1 66
196 68 -1 69
195 147 -1 148
197 150 -1 151
208 202 205 204
105 101 103 102
209 203 207 206
252 107 109 108
226 214 -1 216
228 218 -1 220
227 215 -1 217
229 219 -1 221
236 230 233 232
248 246 241 240
237 231 235 234
249 247 245 244
58 54 61 60
59 55 63 62
94 86 -1 92
95 87 -1 93
98 88 -1 96
99 89 -1 97
79 76 139 138
137 134 141 140
168 158 -1 164
170 159 -1 165
169 160 -1 166
171 161 -1 167
69 66 199 198
151 148 201 200
204 102 -1 210
205 103 -1 211
206 108 -1 212
207 109 -1 213
220 216 223 222
221 217 225 224
240 232 -1 238
241 233 -1 239
244 234 -1 242
245 235 -1 243
92 60 71 70
242 224 115 114
93 61 73 72
243 225 121 120
96 62 81 80
238 222 127 126
97 63 83 82
239 223 131 130
164 138 143 142
212 200 177 176
165 139 145 144
213 201 183 182
166 140 153 152
210 198 189 188
167 141 155 154
211 199 193 192
-1 83 75 74
-1 131 78 77
-1 155 147 146
-1 193 150 149
114 70 111 110
176 142 173 172
115 71 113 112
177 143 175 174
120 72 117 116
182 144 179 178
121 73 119 118
183 145 181 180
126 80 123 122
188 152 185 184
127 81 125 124
189 153 187 186
130 82 129 128
192 154 191 190
173 110 1 1
172 111 1 1
175 112 1 1
174 113 1 1
179 116 1 1
178 117 1 1
181 118 1 1
180 119 1 1
185 122 1 1
184 123 1 1
187 124 1 1
186 125 1 1
191 128 279 278
190 129 1 1
-1 278 251 250
-1 279 253 252
-1 251 169 168
-1 253 171 170
