0 0 -1 52
0 0 -1 55
0 0 61 60
0 0 65 64
0 0 111 110
0 0 113 112
0 0 115 114
0 0 117 116
0 0 309 308
0 0 311 310
0 0 313 312
0 0 315 314
0 0 317 316
0 0 319 318
0 0 321 320
0 0 323 322
0 0 -1 346
0 0 -1 349
0 0 353 352
0 0 357 356
0 0 371 370
0 0 373 372
0 0 375 374
0 0 377 376
0 0 381 380
55 52 54 53
64 60 -1 62
65 61 -1 63
112 110 75 74
116 114 79 78
113 111 93 92
117 115 97 96
310 308 211 210
314 312 215 214
318 316 217 216
322 320 221 220
311 309 277 276
315 313 279 278
319 317 281 280
323 321 283 282
380 344 305 304
349 346 348 347
356 352 -1 354
357 353 -1 355
372 370 359 358
376 374 363 362
373 371 365 364
377 375 369 368
381 345 379 378
62 53 57 56
63 54 59 58
78 74 -1 76
79 75 -1 77
96 92 -1 94
97 93 -1 95
279 277 175 174
283 281 177 176
304 300 183 182
214 210 189 188
220 216 191 190
215 211 213 212
221 217 219 218
278 276 247 246
282 280 249 248
354 347 297 296
378 342 333 332
379 343 341 340
305 301 303 302
355 348 351 350
362 358 -1 360
363 359 -1 361
368 364 -1 366
369 365 -1 367
76 56 67 66
77 57 69 68
94 58 71 70
95 59 73 72
190 188 127 126
191 189 133 132
218 212 139 138
219 213 145 144
176 174 149 148
182 178 151 150
248 246 161 160
249 247 167 166
177 175 173 172
360 296 179 178
183 179 181 180
333 331 307 306
332 330 325 324
341 339 327 326
340 338 329 328
366 350 331 330
303 299 335 334
302 298 337 336
367 351 339 338
361 297 299 298
148 104 119 118
154 150 121 120
84 66 81 80
85 67 83 82
90 68 87 86
91 69 89 88
108 72 105 104
149 105 147 146
155 151 153 152
102 70 99 98
103 71 101 100
109 73 107 106
133 83 131 130
306 192 187 186
126 80 123 122
324 194 197 196
127 81 125 124
325 195 203 202
132 82 129 128
307 193 209 208
138 86 135 134
328 200 227 226
139 87 137 136
329 201 233 232
144 88 141 140
326 198 239 238
145 89 143 142
327 199 245 244
160 98 157 156
336 206 255 254
161 99 159 158
337 207 261 260
166 100 163 162
334 204 267 266
167 101 165 164
335 205 275 274
172 106 169 168
185 181 289 288
173 107 171 170
184 180 295 294
120 118 85 84
121 119 91 90
152 146 103 102
153 147 109 108
186 130 155 154
227 134 1 1
226 135 1 1
233 136 1 1
232 137 1 1
239 140 1 1
238 141 1 1
245 142 1 1
244 143 1 1
255 156 1 1
254 157 1 1
261 158 1 1
260 159 1 1
266 162 1 1
275 164 1 1
274 165 1 1
289 168 1 1
288 169 1 1
295 170 291 1
294 171 1 1
187 131 185 184
196 122 193 192
197 123 195 194
202 124 199 198
203 125 201 200
208 128 205 204
209 129 207 206
-1 163 265 264
-1 267 269 268
-1 291 345 344
268 264 301 300
269 265 343 342
