0 0 -1 52
0 0 -1 54
0 0 -1 58
0 0 -1 59
0 0 -1 64
0 0 -1 67
0 0 71 70
0 0 75 74
0 0 -1 108
0 0 -1 111
0 0 113 112
0 0 117 116
0 0 135 134
0 0 261 260
0 0 265 264
0 0 267 266
0 0 271 270
0 0 335 334
0 0 339 338
0 0 341 340
0 0 345 344
0 0 351 350
0 0 355 354
0 0 357 356
0 0 361 360
58 52 -1 53
59 54 -1 55
67 64 66 65
74 70 -1 72
75 71 -1 73
111 108 110 109
116 112 -1 114
117 113 -1 115
134 131 121 120
135 133 125 124
264 260 227 226
270 266 229 228
338 334 243 242
344 340 247 246
354 350 249 248
360 356 253 252
265 261 263 262
271 267 269 268
339 335 337 336
345 341 343 342
355 351 353 352
361 357 359 358
55 53 57 56
72 65 -1 68
73 66 -1 69
114 109 85 84
115 110 97 96
126 120 -1 118
128 121 -1 119
127 124 -1 122
129 125 -1 123
228 226 195 194
229 227 211 210
268 262 213 212
269 263 215 214
246 242 217 216
252 248 221 220
247 243 245 244
253 249 251 250
342 336 363 362
358 352 367 366
343 337 373 372
359 353 375 374
68 56 61 60
69 57 63 62
118 84 -1 86
119 85 -1 87
122 96 -1 98
123 97 -1 99
212 200 145 144
213 201 151 150
214 202 161 160
215 203 167 166
194 192 173 172
195 193 179 178
210 196 185 184
211 197 191 190
220 216 207 206
221 217 219 218
366 362 255 254
250 244 347 346
251 245 349 348
367 363 365 364
375 373 369 368
374 372 371 370
86 60 77 76
87 61 79 78
98 62 81 80
99 63 83 82
172 100 169 168
208 206 199 198
173 101 171 170
209 207 205 204
150 90 147 146
258 254 225 224
178 102 175 174
223 219 235 234
179 103 177 176
222 218 241 240
184 104 181 180
348 308 277 276
185 105 183 182
349 309 283 282
190 106 187 186
346 306 289 288
191 107 189 188
347 307 295 294
144 88 141 140
364 296 299 298
145 89 143 142
365 297 305 304
151 91 149 148
259 255 257 256
160 92 157 156
370 302 315 314
161 93 159 158
371 303 321 320
166 94 163 162
368 300 327 326
167 95 165 164
369 301 333 332
136 76 89 88
138 77 91 90
152 78 93 92
154 79 95 94
137 80 101 100
139 81 103 102
153 82 105 104
155 83 107 106
199 169 193 192
224 146 209 208
198 168 197 196
204 170 201 200
205 171 203 202
235 174 231 230
234 175 233 232
241 176 1 1
240 177 1 1
225 147 223 222
298 140 259 258
277 180 1 1
276 181 1 1
283 182 1 1
282 183 1 1
289 186 285 284
288 187 1 1
295 188 1 1
294 189 1 1
315 156 1 1
314 157 1 1
321 158 1 1
320 159 1 1
327 162 1 1
326 163 1 1
333 164 1 1
332 165 1 1
256 148 307 306
257 149 309 308
299 141 297 296
304 142 301 300
305 143 303 302
-1 284 131 130
-1 285 133 132
-1 230 137 136
-1 231 139 138
-1 232 153 152
-1 233 155 154
-1 130 127 126
-1 132 129 128
