0 0 -1 52
0 0 -1 55
0 0 61 60
0 0 65 64
0 0 103 102
0 0 105 104
0 0 107 106
0 0 109 108
0 0 295 294
0 0 299 298
0 0 309 308
0 0 313 312
0 0 319 318
0 0 321 320
0 0 323 322
0 0 325 324
0 0 327 326
0 0 377 376
0 0 381 380
0 0 383 382
0 0 387 386
0 0 389 388
0 0 393 392
0 0 395 394
0 0 399 398
55 52 54 53
64 60 -1 62
65 61 -1 63
104 102 75 74
108 106 79 78
105 103 89 88
109 107 93 92
323 321 197 196
327 325 201 200
298 294 213 212
312 308 217 216
318 314 221 220
322 320 247 246
326 324 249 248
380 376 329 328
386 382 333 332
392 388 343 342
398 394 347 346
299 295 297 296
381 377 379 378
387 383 385 384
393 389 391 390
399 395 397 396
313 309 311 310
319 315 317 316
62 53 57 56
63 54 59 58
78 74 -1 76
79 75 -1 77
92 88 -1 90
93 89 -1 91
200 196 171 170
289 212 203 202
220 216 205 204
248 246 207 206
249 247 209 208
329 87 -1 138
333 140 -1 141
293 213 215 214
221 217 219 218
201 197 199 198
346 342 341 340
384 378 353 352
396 390 357 356
296 277 283 282
316 310 361 360
332 328 331 330
347 343 345 344
385 379 367 366
397 391 371 370
297 281 285 284
317 311 375 374
76 56 67 66
77 57 69 68
90 58 71 70
91 59 73 72
170 136 119 118
171 137 125 124
204 202 135 134
205 203 140 139
206 130 147 146
207 131 153 152
208 132 159 158
209 133 165 164
218 214 301 300
345 331 305 304
219 215 303 302
344 330 307 306
141 138 211 210
340 198 -1 338
341 199 -1 339
356 352 349 348
360 282 351 350
357 353 355 354
361 283 359 358
370 366 363 362
374 284 365 364
371 367 369 368
375 285 373 372
110 66 81 80
112 67 83 82
126 68 85 84
128 69 87 86
111 70 95 94
113 71 97 96
127 72 99 98
129 73 101 100
139 86 137 136
118 80 115 114
364 362 177 176
119 81 117 116
365 363 183 182
124 82 121 120
372 368 189 188
125 83 123 122
373 369 195 194
134 84 131 130
135 85 133 132
146 94 143 142
350 348 227 226
147 95 145 144
351 349 233 232
152 96 149 148
358 354 239 238
153 97 151 150
359 355 245 244
158 98 155 154
306 302 255 254
159 99 157 156
307 303 261 260
164 100 161 160
304 300 267 266
165 101 163 162
305 301 273 272
339 210 335 334
338 211 337 336
177 114 1 1
176 115 1 1
183 116 1 1
182 117 1 1
189 120 1 1
188 121 1 1
195 122 191 1
194 123 1 1
227 142 1 1
226 143 1 1
233 144 1 1
232 145 1 1
239 148 1 1
238 149 1 1
245 150 1 1
244 151 1 1
255 154 1 1
254 155 1 1
261 156 1 1
260 157 1 1
267 160 1 1
266 161 1 1
273 162 1 1
272 163 1 1
-1 334 275 274
-1 335 279 278
-1 336 287 286
-1 337 291 290
-1 191 315 314
276 274 -1 166
280 278 -1 167
288 286 -1 168
292 290 -1 169
-1 275 277 276
-1 279 281 280
-1 287 289 288
-1 291 293 292
-1 166 111 110
-1 167 113 112
-1 168 127 126
-1 169 129 128
