0 0 -1 52
0 0 -1 55
0 0 61 60
0 0 65 64
0 0 103 102
0 0 105 104
0 0 107 106
0 0 109 108
0 0 321 320
0 0 323 322
0 0 325 324
0 0 327 326
0 0 329 328
0 0 333 332
0 0 335 334
0 0 339 338
0 0 349 348
0 0 353 352
0 0 355 354
0 0 359 358
0 0 361 360
0 0 365 364
0 0 367 366
0 0 371 370
0 0 379 378
55 52 54 53
64 60 -1 62
65 61 -1 63
104 102 75 74
108 106 79 78
105 103 89 88
109 107 93 92
323 321 205 204
327 325 209 208
322 320 249 248
326 324 253 252
332 328 297 296
338 334 301 300
352 348 303 302
358 354 307 306
364 360 309 308
370 366 313 312
378 374 319 318
333 329 331 330
339 335 337 336
353 349 351 350
359 355 357 356
365 361 363 362
371 367 369 368
379 375 377 376
62 53 57 56
63 54 59 58
78 74 -1 76
79 75 -1 77
92 88 -1 90
93 89 -1 91
208 204 175 174
209 205 207 206
252 248 223 222
253 249 251 250
300 296 285 284
306 302 289 288
312 308 291 290
318 314 295 294
301 297 299 298
307 303 305 304
313 309 311 310
319 315 317 316
336 330 385 384
356 350 389 388
368 362 391 390
376 372 395 394
337 331 401 400
357 351 405 404
369 363 407 406
377 373 411 410
76 56 67 66
77 57 69 68
90 58 71 70
91 59 73 72
174 172 119 118
175 173 125 124
206 200 135 134
207 201 141 140
222 210 147 146
223 211 153 152
250 212 159 158
251 213 165 164
288 284 281 280
294 290 283 282
289 285 287 286
295 291 293 292
304 298 341 340
316 310 345 344
305 299 343 342
317 311 347 346
388 384 381 380
394 390 383 382
389 385 387 386
395 391 393 392
404 400 397 396
410 406 399 398
405 401 403 402
411 407 409 408
110 66 81 80
112 67 83 82
126 68 85 84
128 69 87 86
111 70 95 94
113 71 97 96
127 72 99 98
129 73 101 100
141 87 139 138
282 280 171 170
118 80 115 114
398 396 181 180
119 81 117 116
399 397 187 186
124 82 121 120
408 402 193 192
125 83 123 122
409 403 199 198
135 85 133 132
293 287 203 202
134 84 131 130
292 286 215 214
140 86 137 136
283 281 221 220
146 94 143 142
382 380 229 228
147 95 145 144
383 381 235 234
152 96 149 148
392 386 241 240
153 97 151 150
393 387 247 246
158 98 155 154
346 342 259 258
159 99 157 156
347 343 267 266
164 100 161 160
344 340 273 272
165 101 163 162
345 341 279 278
171 138 167 166
170 139 169 168
202 132 173 172
181 114 1 1
180 115 1 1
187 116 1 1
186 117 1 1
193 120 1 1
192 121 1 1
199 122 195 1
198 123 1 1
203 133 201 200
221 136 1 1
220 137 1 1
214 130 211 210
229 142 1 1
228 143 1 1
235 144 1 1
234 145 1 1
241 148 1 1
240 149 1 1
247 150 1 1
246 151 1 1
215 131 213 212
258 154 1 1
267 156 1 1
266 157 1 1
273 160 1 1
272 161 1 1
279 162 1 1
278 163 1 1
-1 155 257 256
-1 259 261 260
-1 195 375 374
-1 166 111 110
-1 167 113 112
-1 168 127 126
-1 169 129 128
260 256 315 314
261 257 373 372
