0 0 53 52
0 0 59 58
0 0 73 72
0 0 75 74
0 0 129 128
0 0 133 132
0 0 135 134
0 0 139 138
0 0 271 270
0 0 273 272
0 0 275 274
0 0 277 276
0 0 365 364
0 0 369 368
0 0 371 370
0 0 375 374
0 0 377 376
0 0 381 380
0 0 383 382
0 0 387 386
0 0 389 388
0 0 393 392
0 0 395 394
0 0 399 398
0 0 405 404
58 52 55 54
74 72 65 64
59 53 57 56
75 73 71 70
132 128 101 100
138 134 103 102
133 129 131 130
139 135 137 136
272 270 191 190
276 274 195 194
273 271 257 256
277 275 261 260
368 364 349 348
374 370 351 350
380 376 353 352
386 382 355 354
392 388 357 356
398 394 359 358
404 342 363 362
369 365 367 366
375 371 373 372
381 377 379 378
387 383 385 384
393 389 391 390
399 395 397 396
405 343 403 402
64 54 61 60
102 100 81 80
65 55 63 62
103 101 87 86
70 56 67 66
136 130 93 92
71 57 69 68
137 131 99 98
194 190 165 164
195 191 193 192
260 256 229 228
261 257 259 258
372 366 283 282
384 378 287 286
396 390 289 288
402 400 293 292
373 367 299 298
385 379 303 302
397 391 305 304
403 401 309 308
350 348 315 314
354 352 319 318
358 356 321 320
362 360 325 324
351 349 331 330
355 353 335 334
359 357 337 336
363 361 341 340
80 60 77 76
196 164 109 108
81 61 79 78
197 165 115 114
86 62 83 82
224 192 121 120
87 63 85 84
225 193 127 126
92 66 89 88
262 228 145 144
93 67 91 90
263 229 151 150
98 68 95 94
266 258 157 156
99 69 97 96
267 259 163 162
286 282 279 278
292 288 281 280
287 283 285 284
293 289 291 290
302 298 295 294
308 304 297 296
303 299 301 300
309 305 307 306
318 314 311 310
324 320 313 312
334 330 327 326
340 336 329 328
335 331 333 332
341 337 339 338
319 315 317 316
325 321 323 322
108 76 105 104
280 278 171 170
109 77 107 106
281 279 177 176
114 78 111 110
290 284 183 182
115 79 113 112
291 285 189 188
162 96 159 158
312 310 199 198
120 82 117 116
296 294 205 204
121 83 119 118
297 295 211 210
126 84 123 122
306 300 217 216
127 85 125 124
307 301 223 222
163 97 161 160
313 311 227 226
144 88 141 140
328 326 235 234
145 89 143 142
329 327 241 240
150 90 147 146
338 332 247 246
151 91 149 148
339 333 255 254
156 94 153 152
322 316 265 264
157 95 155 154
323 317 269 268
171 104 1 1
170 105 1 1
177 106 1 1
176 107 1 1
183 110 1 1
182 111 1 1
189 112 1 1
188 113 1 1
198 158 -1 196
199 159 -1 197
205 116 1 1
204 117 1 1
211 118 1 1
210 119 1 1
217 122 1 1
216 123 1 1
223 124 1 1
222 125 1 1
226 160 -1 224
227 161 -1 225
235 140 1 1
234 141 1 1
241 142 1 1
240 143 1 1
246 146 1 1
255 148 1 1
254 149 1 1
264 152 -1 262
265 153 -1 263
268 154 -1 266
269 155 -1 267
-1 147 245 244
-1 247 249 248
-1 245 345 344
-1 249 347 346
248 244 343 342
346 344 361 360
347 345 401 400
