0 0 53 52
0 0 59 58
0 0 73 72
0 0 75 74
0 0 129 128
0 0 133 132
0 0 135 134
0 0 139 138
0 0 295 294
0 0 297 296
0 0 299 298
0 0 301 300
0 0 303 302
0 0 305 304
0 0 307 306
0 0 309 308
0 0 375 374
0 0 381 380
0 0 387 386
0 0 389 388
0 0 395 394
0 0 399 398
0 0 401 400
0 0 405 404
-1 0 423 422
-1 0 425 424
58 52 55 54
74 72 65 64
59 53 57 56
75 73 71 70
132 128 101 100
138 134 103 102
133 129 131 130
139 135 137 136
296 294 193 192
300 298 197 196
304 302 199 198
308 306 203 202
297 295 257 256
301 299 261 260
305 303 263 262
309 307 267 266
380 374 377 376
388 386 383 382
381 375 379 378
389 387 385 384
398 394 391 390
404 400 393 392
399 395 397 396
405 401 403 402
424 422 409 408
425 423 421 420
64 54 61 60
102 100 81 80
65 55 63 62
103 101 87 86
70 56 67 66
136 130 93 92
71 57 69 68
137 131 99 98
196 192 165 164
202 198 167 166
197 193 195 194
203 199 201 200
260 256 229 228
266 262 231 230
261 257 259 258
267 263 265 264
382 376 315 314
392 390 319 318
408 406 321 320
383 377 329 328
393 391 333 332
409 407 335 334
384 378 343 342
402 396 347 346
420 418 349 348
385 379 357 356
403 397 361 360
421 419 363 362
80 60 77 76
166 164 109 108
81 61 79 78
167 165 115 114
86 62 83 82
200 194 121 120
87 63 85 84
201 195 127 126
92 66 89 88
230 228 145 144
93 67 91 90
231 229 151 150
98 68 95 94
264 258 157 156
99 69 97 96
265 259 163 162
318 314 311 310
410 320 313 312
319 315 317 316
412 321 323 322
332 328 325 324
414 334 327 326
333 329 331 330
416 335 337 336
346 342 339 338
411 348 341 340
347 343 345 344
413 349 351 350
360 356 353 352
415 362 355 354
361 357 359 358
417 363 365 364
108 76 105 104
312 310 173 172
109 77 107 106
313 311 179 178
114 78 111 110
322 316 185 184
115 79 113 112
323 317 191 190
120 82 117 116
326 324 209 208
121 83 119 118
327 325 215 214
126 84 123 122
336 330 221 220
127 85 125 124
337 331 227 226
144 88 141 140
340 338 237 236
145 89 143 142
341 339 243 242
150 90 147 146
350 344 249 248
151 91 149 148
351 345 255 254
156 94 153 152
354 352 273 272
157 95 155 154
355 353 279 278
162 96 159 158
364 358 285 284
163 97 161 160
365 359 293 292
173 104 1 1
172 105 1 1
179 106 1 1
178 107 1 1
185 110 1 1
184 111 1 1
191 112 1 1
190 113 1 1
209 116 1 1
208 117 1 1
215 118 1 1
214 119 1 1
221 122 1 1
220 123 1 1
227 124 1 1
226 125 1 1
237 140 1 1
236 141 1 1
243 142 1 1
242 143 1 1
249 146 1 1
248 147 1 1
255 148 1 1
254 149 1 1
273 152 1 1
272 153 1 1
279 154 1 1
278 155 1 1
284 158 1 1
293 160 1 1
292 161 1 1
-1 159 283 282
-1 285 287 286
-1 282 367 366
-1 286 371 370
-1 283 369 368
-1 287 373 372
370 366 407 406
371 367 419 418
373 368 427 426
372 369 429 428
-1 426 411 410
-1 427 413 412
-1 428 415 414
-1 429 417 416
