0 0 -1 53
0 0 -1 55
0 0 -1 59
0 0 -1 60
0 0 -1 65
0 0 -1 68
0 0 72 71
0 0 76 75
0 0 -1 115
0 0 -1 118
0 0 120 119
0 0 124 123
0 0 138 137
0 0 140 139
0 0 142 141
0 0 144 143
0 0 -1 197
0 0 -1 200
0 0 204 203
0 0 208 207
0 0 224 223
0 0 226 225
0 0 228 227
0 0 230 229
265 0 276 275
0 0 280 279
59 53 -1 54
60 55 -1 56
68 65 67 66
75 71 -1 73
76 72 -1 74
118 115 117 116
123 119 -1 121
124 120 -1 122
139 137 126 125
143 141 130 129
140 138 132 131
144 142 136 135
200 197 199 198
207 203 -1 205
208 204 -1 206
225 223 212 211
229 227 216 215
226 224 218 217
230 228 222 221
279 275 -1 277
280 276 -1 278
56 54 58 57
73 66 -1 69
74 67 -1 70
121 116 85 84
122 117 101 100
129 125 -1 127
130 126 -1 128
135 131 -1 133
136 132 -1 134
206 199 180 179
205 198 202 201
215 211 -1 213
216 212 -1 214
221 217 -1 219
222 218 -1 220
281 277 244 243
282 278 256 255
69 57 62 61
70 58 64 63
127 84 -1 86
128 85 -1 87
133 100 -1 102
134 101 -1 103
180 64 -1 83
220 103 -1 104
214 202 164 163
256 251 -1 191
213 201 210 209
219 179 182 181
245 243 232 231
246 244 236 235
257 255 240 239
86 61 78 77
87 62 80 79
102 63 82 81
237 163 146 145
234 210 152 151
233 209 158 157
238 164 161 160
242 182 170 169
241 181 176 175
-1 83 112 111
-1 104 114 113
191 97 -1 159
247 231 -1 233
249 232 -1 234
252 235 -1 237
254 236 -1 238
248 239 -1 241
250 240 -1 242
145 94 93 92
146 95 99 98
160 96 110 109
98 79 95 94
92 77 89 88
152 88 1 1
151 89 1 1
93 78 91 90
158 90 1 1
157 91 1 1
99 80 97 96
109 81 106 105
170 105 166 1
169 106 1 1
110 82 108 107
175 107 1 1
192 161 -1 162
-1 159 188 187
-1 176 178 177
113 111 184 183
286 112 -1 185
288 114 -1 186
-1 166 266 265
-1 162 190 189
-1 108 174 173
194 183 268 267
193 184 270 269
189 187 194 193
186 185 272 271
290 188 -1 195
177 173 260 259
-1 178 264 263
-1 266 284 283
283 259 -1 281
284 260 -1 282
287 263 -1 246
-1 271 248 247
-1 272 250 249
291 264 -1 258
292 190 -1 196
196 195 274 273
-1 174 262 261
-1 267 286 285
-1 268 288 287
-1 269 290 289
-1 270 292 291
258 253 -1 192
285 261 -1 245
-1 273 252 251
-1 274 254 253
289 262 -1 257
