0 0 -1 53
0 0 -1 55
0 0 -1 59
0 0 -1 60
0 0 -1 65
0 0 -1 68
0 0 72 71
0 0 76 75
0 0 -1 119
0 0 -1 122
0 0 124 123
0 0 128 127
0 0 142 141
0 0 144 143
0 0 146 145
0 0 148 147
0 0 -1 190
0 0 -1 193
0 0 199 198
0 0 203 202
0 0 225 224
0 0 227 226
0 0 229 228
0 0 231 230
300 0 285 284
0 0 289 288
59 53 -1 54
60 55 -1 56
68 65 67 66
75 71 -1 73
76 72 -1 74
122 119 121 120
127 123 -1 125
128 124 -1 126
143 141 130 129
147 145 134 133
144 142 136 135
148 146 140 139
193 190 192 191
202 198 -1 200
203 199 -1 201
226 224 211 210
230 228 215 214
227 225 217 216
231 229 221 220
288 284 -1 286
289 285 -1 287
56 54 58 57
73 66 -1 69
74 67 -1 70
125 120 86 85
126 121 102 101
133 129 -1 131
134 130 -1 132
139 135 -1 137
140 136 -1 138
200 191 195 194
201 192 197 196
214 210 -1 212
215 211 -1 213
220 216 -1 218
221 217 -1 219
290 286 255 254
291 287 269 268
69 57 62 61
70 58 64 63
131 85 -1 87
132 86 -1 88
137 101 -1 103
138 102 -1 104
213 195 166 165
212 194 205 204
218 196 207 206
219 197 209 208
258 254 233 232
259 255 237 236
272 268 241 240
273 269 245 244
87 61 78 77
88 62 80 79
103 63 82 81
104 64 84 83
238 165 150 149
235 205 156 155
234 204 162 161
239 166 164 163
246 208 171 170
243 207 181 180
242 206 187 186
260 232 -1 234
262 233 -1 235
264 236 -1 238
266 237 -1 239
261 240 -1 242
263 241 -1 243
265 244 -1 246
267 245 -1 247
-1 209 223 222
149 95 94 93
150 96 100 99
163 97 110 109
164 98 118 117
99 79 96 95
93 77 90 89
156 89 1 1
155 90 1 1
94 78 92 91
162 91 1 1
161 92 1 1
100 80 98 97
109 81 106 105
171 105 -1 167
170 106 1 1
-1 82 108 107
117 83 114 113
181 113 1 1
180 114 1 1
118 84 116 115
186 115 1 1
-1 247 249 248
-1 187 189 188
248 222 251 250
249 223 253 252
-1 167 279 278
-1 110 112 111
252 174 257 256
253 175 271 270
-1 116 185 184
188 184 275 274
250 173 281 280
251 172 283 282
111 107 173 172
112 108 175 174
189 185 277 276
299 278 -1 298
292 276 -1 290
293 277 -1 291
-1 279 300 299
294 256 -1 258
296 257 -1 259
-1 280 261 260
-1 281 263 262
-1 282 265 264
-1 283 267 266
295 270 -1 272
297 271 -1 273
-1 274 295 294
-1 275 297 296
-1 298 293 292
