0 0 54 53
0 0 60 59
0 0 74 73
0 0 76 75
0 0 164 163
0 0 168 167
0 0 170 169
0 0 174 173
0 0 176 175
0 0 182 181
0 0 224 223
0 0 226 225
0 0 -1 259
0 0 -1 262
0 0 264 263
0 0 268 267
0 0 294 293
0 0 298 297
0 0 300 299
0 0 304 303
0 0 306 305
0 0 312 311
0 0 314 313
0 0 318 317
0 0 328 327
373 0 332 331
59 53 56 55
75 73 66 65
60 54 58 57
76 74 72 71
167 163 136 135
173 169 138 137
181 175 178 177
182 176 180 179
225 223 192 191
226 224 208 207
262 259 261 260
267 263 -1 265
268 264 -1 266
327 324 270 269
331 329 274 273
328 326 276 275
332 330 280 279
168 164 166 165
174 170 172 171
297 293 290 289
303 299 292 291
311 305 -1 307
312 306 -1 308
317 313 -1 315
318 314 -1 316
298 294 296 295
304 300 302 301
65 55 62 61
66 56 64 63
71 57 68 67
137 135 94 93
72 58 70 69
138 136 100 99
315 307 102 101
229 191 -1 193
230 192 -1 194
193 177 184 183
194 178 186 185
233 207 -1 209
234 208 -1 210
209 179 188 187
210 180 190 189
265 260 228 227
266 261 232 231
273 269 -1 271
274 270 -1 272
279 275 -1 277
280 276 -1 278
171 165 282 281
291 289 286 285
172 166 284 283
292 290 288 287
316 308 310 309
301 295 320 319
302 296 322 321
127 101 82 81
131 102 88 87
81 61 78 77
285 281 108 107
82 62 80 79
286 282 114 113
87 63 84 83
287 283 120 119
88 64 86 85
288 284 126 125
93 67 90 89
319 129 144 143
94 68 92 91
320 130 150 149
99 69 96 95
321 133 156 155
100 70 98 97
322 134 162 161
271 227 -1 229
272 228 -1 230
277 231 -1 233
278 232 -1 234
205 185 202 201
199 183 196 195
200 184 198 197
206 186 204 203
215 187 212 211
216 188 214 213
221 189 218 217
222 190 220 219
309 128 130 129
310 132 134 133
235 201 200 199
236 202 206 205
241 203 216 215
242 204 222 221
197 123 236 235
125 85 122 121
126 86 124 123
198 124 242 241
149 91 146 145
150 92 148 147
155 95 152 151
156 96 154 153
107 77 104 103
217 151 252 251
108 78 106 105
218 152 254 253
113 79 110 109
195 121 238 237
114 80 112 111
196 122 240 239
119 83 116 115
211 145 244 243
120 84 118 117
212 146 246 245
143 89 140 139
213 147 248 247
144 90 142 141
214 148 250 249
161 97 158 157
220 154 258 257
162 98 160 159
219 153 256 255
252 103 1 1
251 104 1 1
254 105 1 1
253 106 1 1
238 109 1 1
237 110 1 1
240 111 1 1
239 112 1 1
244 115 1 1
243 116 1 1
246 117 1 1
245 118 1 1
248 139 1 1
247 140 1 1
250 141 1 1
249 142 1 1
258 157 366 365
257 158 1 1
256 159 370 1
255 160 1 1
-1 370 374 373
-1 365 324 323
-1 366 326 325
-1 374 330 329
-1 323 128 127
-1 325 132 131
