0 0 54 53
0 0 60 59
0 0 74 73
0 0 76 75
0 0 130 129
0 0 134 133
0 0 136 135
0 0 140 139
0 0 279 278
0 0 283 282
0 0 285 284
0 0 289 288
0 0 291 290
0 0 295 294
0 0 297 296
0 0 301 300
0 0 401 400
0 0 405 404
0 0 415 414
0 0 -1 418
0 0 -1 421
0 0 424 423
0 0 429 428
0 0 443 442
0 0 447 446
456 0 453 452
59 53 56 55
75 73 66 65
60 54 58 57
76 74 72 71
133 129 102 101
139 135 104 103
134 130 132 131
140 136 138 137
282 278 196 195
288 284 200 199
294 290 202 201
300 296 206 205
283 279 281 280
289 285 287 286
295 291 293 292
301 297 299 298
404 400 397 396
414 410 399 398
405 401 403 402
415 411 413 412
421 418 420 419
428 423 -1 425
429 424 -1 426
446 442 -1 444
447 443 -1 445
452 448 -1 450
453 449 -1 451
65 55 62 61
103 101 82 81
66 56 64 63
104 102 88 87
71 57 68 67
137 131 94 93
72 58 70 69
138 132 100 99
199 195 168 167
205 201 170 169
200 196 198 197
206 202 204 203
402 378 307 306
412 407 311 310
403 379 321 320
413 409 325 324
286 280 331 330
298 292 339 338
287 281 333 332
299 293 345 344
425 419 347 346
450 444 353 352
396 376 359 358
406 398 361 360
397 377 383 382
408 399 387 386
420 371 -1 422
426 375 -1 427
451 445 441 440
81 61 78 77
169 167 110 109
82 62 80 79
170 168 116 115
87 63 84 83
203 197 122 121
88 64 86 85
204 198 128 127
93 67 90 89
94 68 92 91
99 69 96 95
100 70 98 97
310 306 303 302
311 307 309 308
324 320 317 316
325 321 323 322
432 346 -1 348
434 347 -1 349
433 352 -1 350
435 353 -1 351
339 331 337 336
361 359 355 354
338 330 335 334
360 358 357 356
344 332 341 340
386 382 365 364
345 333 343 342
387 383 385 384
427 422 431 430
440 436 -1 438
441 437 -1 439
109 77 106 105
304 302 176 175
110 78 108 107
305 303 182 181
115 79 112 111
312 308 188 187
116 80 114 113
313 309 194 193
121 83 118 117
318 316 212 211
122 84 120 119
319 317 218 217
127 85 124 123
326 322 224 223
128 86 126 125
327 323 230 229
350 348 232 231
145 89 142 141
356 334 240 239
146 90 144 143
357 335 246 245
151 91 148 147
354 336 250 249
152 92 150 149
355 337 256 255
351 349 258 257
157 95 154 153
364 340 264 263
-1 96 156 155
343 98 -1 163
385 165 -1 166
164 97 162 161
384 342 277 276
438 430 315 314
439 431 329 328
-1 341 363 362
-1 365 367 366
233 231 146 145
234 232 152 151
257 247 158 157
258 248 165 164
176 105 1 1
175 106 1 1
182 107 1 1
181 108 1 1
188 111 1 1
187 112 1 1
194 113 1 1
193 114 1 1
212 117 1 1
211 118 1 1
218 119 1 1
217 120 1 1
224 123 1 1
223 124 1 1
230 125 1 1
229 126 1 1
249 147 234 233
240 141 1 1
239 142 1 1
246 143 1 1
245 144 1 1
250 148 248 247
264 153 1 1
263 154 1 1
277 161 -1 273
276 162 1 1
314 251 305 304
255 149 252 251
315 252 313 312
328 253 319 318
256 150 254 253
329 254 327 326
159 155 266 265
366 362 373 372
160 156 268 267
367 363 381 380
-1 163 270 269
-1 166 272 271
-1 273 395 394
-1 158 160 159
372 265 369 368
380 267 377 376
381 268 379 378
389 270 -1 390
392 272 -1 393
-1 269 389 388
-1 271 392 391
-1 266 371 370
-1 373 375 374
455 394 -1 454
-1 395 456 455
391 388 411 410
393 390 417 416
-1 368 433 432
-1 369 435 434
374 370 437 436
-1 454 449 448
-1 416 407 406
-1 417 409 408
