0 0 54 53
0 0 60 59
0 0 74 73
0 0 76 75
0 0 130 129
0 0 134 133
0 0 136 135
0 0 140 139
0 0 283 282
0 0 287 286
0 0 289 288
0 0 293 292
0 0 295 294
0 0 299 298
0 0 301 300
0 0 305 304
0 0 407 406
0 0 411 410
0 0 417 416
0 0 -1 418
0 0 -1 421
0 0 424 423
0 0 429 428
0 0 443 442
0 0 447 446
456 0 453 452
59 53 56 55
75 73 66 65
60 54 58 57
76 74 72 71
133 129 102 101
139 135 104 103
134 130 132 131
140 136 138 137
286 282 196 195
292 288 200 199
298 294 202 201
304 300 206 205
287 283 285 284
293 289 291 290
299 295 297 296
305 301 303 302
410 406 401 400
416 392 405 404
411 407 409 408
417 393 415 414
421 418 420 419
428 423 -1 425
429 424 -1 426
446 442 -1 444
447 443 -1 445
452 448 -1 450
453 449 -1 451
65 55 62 61
103 101 82 81
66 56 64 63
104 102 88 87
71 57 68 67
137 131 94 93
72 58 70 69
138 132 100 99
199 195 168 167
205 201 170 169
200 196 198 197
206 202 204 203
408 382 311 310
414 412 315 314
409 383 325 324
415 413 329 328
290 284 335 334
302 296 343 342
291 285 337 336
303 297 349 348
425 419 351 350
450 444 357 356
400 380 363 362
404 402 365 364
401 381 387 386
405 403 391 390
420 375 -1 422
426 379 -1 427
451 445 441 440
81 61 78 77
169 167 110 109
82 62 80 79
170 168 116 115
87 63 84 83
203 197 122 121
88 64 86 85
204 198 128 127
93 67 90 89
94 68 92 91
99 69 96 95
100 70 98 97
314 310 307 306
315 311 313 312
328 324 321 320
329 325 327 326
432 350 -1 352
434 351 -1 353
433 356 -1 354
435 357 -1 355
343 335 341 340
365 363 359 358
342 334 339 338
364 362 361 360
348 336 345 344
390 386 369 368
349 337 347 346
391 387 389 388
427 422 431 430
440 436 -1 438
441 437 -1 439
109 77 106 105
308 306 176 175
110 78 108 107
309 307 182 181
115 79 112 111
316 312 188 187
116 80 114 113
317 313 194 193
121 83 118 117
322 320 212 211
122 84 120 119
323 321 218 217
127 85 124 123
330 326 224 223
128 86 126 125
331 327 230 229
354 352 232 231
145 89 142 141
360 338 240 239
146 90 144 143
361 339 246 245
151 91 148 147
358 340 250 249
152 92 150 149
359 341 256 255
355 353 258 257
157 95 154 153
368 344 264 263
-1 96 156 155
165 97 162 161
388 346 274 273
166 98 164 163
389 347 281 280
438 430 319 318
439 431 333 332
-1 345 367 366
-1 369 371 370
233 231 146 145
234 232 152 151
257 247 158 157
258 248 166 165
176 105 1 1
175 106 1 1
182 107 1 1
181 108 1 1
188 111 1 1
187 112 1 1
194 113 1 1
193 114 1 1
212 117 1 1
211 118 1 1
218 119 1 1
217 120 1 1
224 123 1 1
223 124 1 1
230 125 1 1
229 126 1 1
249 147 234 233
240 141 1 1
239 142 1 1
246 143 1 1
245 144 1 1
250 148 248 247
264 153 1 1
263 154 1 1
273 161 1 1
281 163 -1 277
280 164 1 1
318 251 309 308
255 149 252 251
319 252 317 316
332 253 323 322
256 150 254 253
333 254 331 330
159 155 266 265
370 366 377 376
160 156 268 267
371 367 385 384
-1 162 272 271
-1 274 276 275
-1 277 399 398
-1 158 160 159
376 265 373 372
384 267 381 380
-1 272 395 394
-1 276 397 396
275 271 393 392
385 268 383 382
-1 266 375 374
-1 377 379 378
455 398 -1 454
-1 399 456 455
396 394 403 402
397 395 413 412
-1 372 433 432
-1 373 435 434
378 374 437 436
-1 454 449 448
