0 0 54 53
0 0 60 59
0 0 74 73
0 0 76 75
0 0 130 129
0 0 134 133
0 0 136 135
0 0 140 139
0 0 361 360
0 0 367 366
0 0 373 372
0 0 375 374
0 0 381 380
0 0 385 384
0 0 387 386
0 0 391 390
0 0 425 424
0 0 427 426
0 0 429 428
0 0 431 430
0 0 437 436
0 0 441 440
0 0 443 442
0 0 447 446
0 0 457 456
466 0 463 462
59 53 56 55
75 73 66 65
60 54 58 57
76 74 72 71
133 129 102 101
139 135 104 103
134 130 132 131
140 136 138 137
366 360 363 362
374 372 369 368
367 361 365 364
375 373 371 370
384 380 377 376
390 386 379 378
385 381 383 382
391 387 389 388
426 424 393 392
430 428 395 394
427 425 409 408
431 429 411 410
440 436 433 432
446 442 435 434
456 452 449 448
462 458 451 450
441 437 439 438
447 443 445 444
457 453 455 454
463 459 461 460
65 55 62 61
103 101 82 81
66 56 64 63
104 102 88 87
71 57 68 67
137 131 93 92
72 58 70 69
138 132 100 99
371 365 240 239
389 383 244 243
411 409 254 253
368 362 299 298
378 376 303 302
394 392 305 304
370 364 313 312
388 382 317 316
410 408 319 318
369 363 345 344
379 377 349 348
395 393 351 350
434 432 397 396
450 448 401 400
435 433 403 402
451 449 407 406
444 438 413 412
460 454 417 416
445 439 419 418
461 455 423 422
81 61 78 77
82 62 80 79
87 63 84 83
88 64 86 85
92 67 90 89
240 68 -1 91
244 93 -1 94
99 69 96 95
100 70 98 97
254 225 -1 226
302 298 295 294
398 304 297 296
303 299 301 300
399 305 307 306
316 312 309 308
414 318 311 310
317 313 315 314
415 319 321 320
243 239 242 241
420 253 256 255
348 344 341 340
404 350 343 342
349 345 347 346
405 351 353 352
400 396 -1 398
401 397 -1 399
406 402 -1 404
407 403 -1 405
416 412 -1 414
417 413 -1 415
422 418 -1 420
423 419 -1 421
109 77 106 105
296 294 170 169
110 78 108 107
297 295 176 175
115 79 112 111
306 300 182 181
116 80 114 113
307 301 188 187
121 83 118 117
310 308 201 200
122 84 120 119
311 309 207 206
127 85 124 123
320 314 213 212
128 86 126 125
321 315 219 218
145 89 142 141
255 241 232 231
146 90 144 143
256 242 238 237
-1 91 148 147
-1 94 150 149
421 192 -1 193
-1 226 250 249
155 95 152 151
342 340 268 267
156 96 154 153
343 341 274 273
347 98 -1 159
353 161 -1 162
160 97 158 157
352 346 283 282
170 105 1 1
169 106 1 1
176 107 1 1
175 108 1 1
182 111 1 1
181 112 1 1
188 113 1 1
187 114 1 1
201 117 1 1
200 118 1 1
207 119 1 1
206 120 1 1
213 123 1 1
212 124 1 1
219 125 1 1
218 126 1 1
232 141 1 1
231 142 1 1
238 143 1 1
237 144 1 1
-1 193 252 251
268 151 1 1
267 152 1 1
274 153 1 1
273 154 1 1
283 157 -1 279
282 158 1 1
149 147 246 245
251 249 258 257
150 148 248 247
252 250 260 259
-1 159 276 275
-1 162 278 277
-1 279 359 358
355 275 -1 326
357 277 -1 329
258 245 337 336
257 246 339 338
289 247 -1 290
292 248 -1 293
331 259 -1 332
334 260 -1 335
-1 276 355 354
-1 278 357 356
465 358 -1 464
-1 359 466 465
-1 336 289 288
-1 337 292 291
335 290 323 322
332 293 325 324
329 326 328 327
-1 338 331 330
-1 339 334 333
356 354 453 452
-1 464 459 458
288 284 164 163
-1 322 190 189
-1 323 192 191
291 286 195 194
-1 324 221 220
-1 325 223 222
330 285 225 224
333 287 262 261
-1 327 285 284
-1 328 287 286
189 163 110 109
191 164 116 115
220 194 122 121
222 195 128 127
224 190 146 145
261 221 156 155
262 223 161 160
