57 0 -1 53
59 0 -1 55
71 0 -1 67
74 0 -1 70
124 0 -1 119
126 0 -1 122
0 0 130 129
0 0 -1 139
0 0 -1 140
0 0 144 143
0 0 148 147
0 0 -1 203
0 0 -1 206
0 0 210 209
0 0 214 213
0 0 -1 215
0 0 -1 218
0 0 222 221
0 0 226 225
0 0 -1 227
0 0 -1 230
0 0 232 231
0 0 236 235
0 0 250 249
0 0 252 251
0 0 254 253
0 0 256 255
0 0 268 267
197 0 272 271
58 53 -1 54
60 55 -1 56
70 67 69 68
141 139 -1 77
142 140 -1 78
122 119 121 120
132 129 -1 127
134 130 -1 128
147 143 -1 145
148 144 -1 146
267 261 154 153
271 269 158 157
268 262 164 163
272 270 168 167
206 203 205 204
213 209 -1 211
214 210 -1 212
218 215 217 216
225 221 -1 223
226 222 -1 224
230 227 229 228
235 231 -1 233
236 232 -1 234
251 249 238 237
255 253 242 241
252 250 244 243
256 254 248 247
-1 77 58 57
-1 78 60 59
56 54 62 61
72 68 -1 73
75 69 -1 76
149 145 -1 79
150 146 -1 80
127 120 89 88
128 121 105 104
157 153 -1 155
158 154 -1 156
167 163 -1 165
168 164 -1 166
234 229 186 185
233 228 200 199
211 204 -1 207
212 205 -1 208
223 216 -1 219
224 217 -1 220
241 237 -1 239
242 238 -1 240
247 243 -1 245
248 244 -1 246
-1 79 72 71
-1 80 75 74
73 61 64 63
76 62 66 65
123 88 -1 90
125 89 -1 91
131 104 -1 106
133 105 -1 107
161 155 -1 135
162 156 -1 136
171 165 -1 137
172 166 -1 138
219 207 174 173
245 185 -1 187
246 186 -1 188
220 208 192 191
239 199 -1 201
240 200 -1 202
90 63 82 81
187 173 99 98
-1 64 84 83
-1 91 93 92
192 66 -1 87
202 106 -1 108
107 65 86 85
201 191 118 117
-1 135 124 123
-1 136 126 125
-1 137 132 131
-1 138 134 133
-1 174 176 175
-1 188 190 189
99 81 1 1
98 82 1 1
118 85 114 1
117 86 1 1
92 83 101 100
189 175 182 181
93 84 103 102
190 176 184 183
-1 87 110 109
-1 108 112 111
-1 114 198 197
111 109 152 151
183 102 160 159
184 103 170 169
182 100 178 177
181 101 180 179
-1 110 194 193
-1 112 196 195
-1 198 270 269
257 194 -1 141
259 196 -1 142
263 151 -1 149
265 152 -1 150
258 159 -1 161
260 160 -1 162
264 169 -1 171
266 170 -1 172
-1 177 258 257
-1 178 260 259
-1 179 264 263
-1 180 266 265
195 193 262 261
