57 0 -1 53
59 0 -1 55
71 0 -1 67
74 0 -1 70
127 0 -1 122
129 0 -1 125
0 0 133 132
0 0 -1 142
0 0 -1 143
0 0 147 146
0 0 151 150
0 0 -1 204
0 0 -1 207
0 0 211 210
0 0 215 214
0 0 -1 216
0 0 -1 219
0 0 223 222
0 0 227 226
0 0 -1 228
0 0 -1 231
0 0 233 232
0 0 237 236
0 0 251 250
0 0 253 252
0 0 255 254
0 0 257 256
0 0 271 270
278 0 275 274
58 53 -1 54
60 55 -1 56
70 67 69 68
144 142 -1 77
145 143 -1 78
125 122 124 123
135 132 -1 130
137 133 -1 131
150 146 -1 148
151 147 -1 149
270 196 155 154
274 272 159 158
271 197 165 164
275 273 169 168
207 204 206 205
214 210 -1 212
215 211 -1 213
219 216 218 217
226 222 -1 224
227 223 -1 225
231 228 230 229
236 232 -1 234
237 233 -1 235
252 250 239 238
256 254 243 242
253 251 245 244
257 255 249 248
-1 77 58 57
-1 78 60 59
56 54 62 61
72 68 -1 73
75 69 -1 76
152 148 -1 79
153 149 -1 80
130 123 90 89
131 124 106 105
158 154 -1 156
159 155 -1 157
168 164 -1 166
169 165 -1 167
235 230 187 186
234 229 201 200
212 205 -1 208
213 206 -1 209
224 217 -1 220
225 218 -1 221
242 238 -1 240
243 239 -1 241
248 244 -1 246
249 245 -1 247
-1 79 72 71
-1 80 75 74
73 61 64 63
76 62 66 65
126 89 -1 91
128 90 -1 92
134 105 -1 107
136 106 -1 108
162 156 -1 138
163 157 -1 139
172 166 -1 140
173 167 -1 141
220 208 175 174
246 186 -1 188
247 187 -1 189
221 209 193 192
240 200 -1 202
241 201 -1 203
91 63 82 81
188 174 100 99
-1 64 84 83
-1 92 94 93
107 65 86 85
202 192 114 113
108 66 88 87
203 193 121 120
-1 138 127 126
-1 139 129 128
-1 140 135 134
-1 141 137 136
-1 175 177 176
-1 189 191 190
100 81 1 1
99 82 1 1
113 85 1 1
121 87 -1 117
120 88 1 1
93 83 102 101
190 176 183 182
94 84 104 103
191 177 185 184
-1 86 112 111
-1 114 116 115
-1 117 199 198
184 103 161 160
185 104 171 170
183 101 179 178
182 102 181 180
115 111 195 194
116 112 197 196
277 198 -1 276
-1 199 278 277
259 160 -1 162
261 161 -1 163
267 170 -1 172
269 171 -1 173
-1 178 259 258
-1 179 261 260
-1 194 263 262
-1 195 265 264
-1 180 267 266
-1 181 269 268
-1 276 273 272
262 258 -1 144
264 260 -1 145
266 263 -1 152
268 265 -1 153
