0 0 -1 54
0 0 -1 56
0 0 -1 60
0 0 -1 61
0 0 -1 66
0 0 -1 69
0 0 73 72
0 0 77 76
0 0 -1 116
0 0 -1 119
0 0 121 120
0 0 125 124
0 0 139 138
0 0 141 140
0 0 143 142
0 0 145 144
0 0 -1 194
0 0 -1 197
0 0 201 200
0 0 205 204
0 0 221 220
0 0 223 222
0 0 225 224
0 0 227 226
0 0 273 272
0 0 277 276
60 54 -1 55
61 56 -1 57
69 66 68 67
76 72 -1 74
77 73 -1 75
119 116 118 117
124 120 -1 122
125 121 -1 123
140 138 127 126
144 142 131 130
141 139 133 132
145 143 137 136
197 194 196 195
204 200 -1 202
205 201 -1 203
222 220 209 208
226 224 213 212
223 221 215 214
227 225 219 218
276 272 -1 274
277 273 -1 275
57 55 59 58
74 67 -1 70
75 68 -1 71
122 117 86 85
123 118 102 101
130 126 -1 128
131 127 -1 129
136 132 -1 134
137 133 -1 135
203 196 177 176
202 195 199 198
212 208 -1 210
213 209 -1 211
218 214 -1 216
219 215 -1 217
280 274 241 240
281 275 253 252
70 58 63 62
71 59 65 64
128 85 -1 87
129 86 -1 88
134 101 -1 103
135 102 -1 104
177 65 -1 84
217 104 -1 105
211 199 165 164
253 248 -1 188
210 198 207 206
216 176 179 178
242 240 229 228
243 241 233 232
254 252 237 236
87 62 79 78
88 63 81 80
103 64 83 82
234 164 147 146
231 207 153 152
230 206 159 158
235 165 162 161
238 178 171 170
179 83 -1 108
-1 84 113 112
-1 105 115 114
188 98 -1 160
244 228 -1 230
246 229 -1 231
249 232 -1 234
251 233 -1 235
245 236 -1 238
247 237 -1 239
146 95 94 93
147 96 100 99
161 97 110 109
99 80 96 95
93 78 90 89
153 89 1 1
152 90 1 1
94 79 92 91
159 91 1 1
158 92 1 1
100 81 98 97
109 82 107 106
171 106 167 1
170 107 1 1
239 110 -1 111
189 162 -1 163
-1 160 185 184
-1 108 173 172
114 112 181 180
287 113 -1 182
289 115 -1 183
-1 167 263 262
-1 163 187 186
-1 111 175 174
191 180 265 264
190 181 267 266
186 184 191 190
183 182 269 268
291 185 -1 192
-1 172 257 256
257 173 -1 258
278 262 -1 280
279 263 -1 281
-1 268 245 244
-1 269 247 246
293 187 -1 193
193 192 271 270
259 256 279 278
-1 174 260 259
-1 258 283 282
-1 264 287 286
-1 265 289 288
-1 266 291 290
-1 267 293 292
260 175 -1 261
286 282 -1 242
288 284 -1 243
-1 270 249 248
-1 271 251 250
290 283 -1 254
292 285 -1 255
-1 261 285 284
255 250 -1 189
