0 0 -1 54
0 0 -1 57
0 0 63 62
0 0 67 66
0 0 115 114
0 0 117 116
0 0 119 118
0 0 121 120
0 0 155 154
0 0 157 156
0 0 159 158
0 0 161 160
0 0 167 166
0 0 169 168
0 0 171 170
0 0 175 174
0 0 177 176
0 0 181 180
0 0 -1 182
0 0 -1 184
0 0 -1 186
0 0 -1 187
0 0 189 188
0 0 193 192
0 0 -1 194
0 0 -1 195
57 54 56 55
66 62 -1 64
67 63 -1 65
116 114 77 76
120 118 81 80
117 115 95 94
121 119 99 98
156 154 123 122
160 158 127 126
168 166 133 132
157 155 139 138
161 159 143 142
169 167 149 148
174 170 -1 172
175 171 -1 173
180 176 -1 178
181 177 -1 179
186 182 -1 183
187 184 -1 185
194 134 -1 150
195 136 -1 151
192 188 -1 190
193 189 -1 191
64 55 59 58
65 56 61 60
80 76 -1 78
81 77 -1 79
98 94 -1 96
99 95 -1 97
126 122 -1 124
127 123 -1 125
132 128 -1 130
133 129 -1 131
142 138 -1 140
143 139 -1 141
148 144 -1 146
149 145 -1 147
183 102 -1 134
150 106 -1 136
185 103 -1 135
151 107 -1 137
178 172 -1 162
179 173 -1 163
190 152 -1 164
191 153 -1 165
78 58 69 68
130 124 87 86
79 59 71 70
131 125 93 92
96 60 73 72
146 140 105 104
97 61 75 74
147 141 113 112
164 162 129 128
165 163 145 144
137 135 153 152
87 68 1 1
86 69 1 1
93 70 1 1
92 71 1 1
104 72 1 1
113 74 1 1
112 75 1 1
-1 73 103 102
-1 105 107 106
