0 0 55 54
0 0 59 58
0 0 67 66
0 0 70 69
0 0 80 79
0 0 86 85
0 0 97 96
0 0 101 100
0 0 103 102
0 0 107 106
0 0 129 128
0 0 133 132
0 0 152 151
0 0 158 157
0 0 187 186
0 0 190 189
0 0 197 196
0 0 203 202
0 0 209 208
0 0 213 212
0 0 221 220
0 0 223 222
0 0 225 224
0 0 231 230
0 0 241 240
0 0 243 242
66 54 -1 56
69 58 -1 60
248 55 -1 57
250 59 -1 61
85 79 82 81
100 96 90 89
86 80 84 83
106 102 95 94
140 128 -1 130
142 132 -1 134
141 129 -1 131
143 133 -1 135
157 151 154 153
158 152 156 155
186 67 -1 68
189 70 -1 71
244 187 -1 188
246 190 -1 191
202 196 199 198
101 97 99 98
203 197 201 200
107 103 105 104
220 208 -1 210
222 212 -1 214
221 209 -1 211
223 213 -1 215
230 224 227 226
242 240 235 234
231 225 229 228
243 241 239 238
60 56 63 62
61 57 65 64
89 81 -1 87
90 82 -1 88
94 83 -1 91
95 84 -1 92
134 130 137 136
135 131 139 138
164 153 -1 159
166 154 -1 160
165 155 -1 161
167 156 -1 162
71 68 193 192
191 188 195 194
198 98 -1 204
199 99 -1 205
200 104 -1 206
201 105 -1 207
214 210 217 216
215 211 219 218
234 226 -1 232
235 227 -1 233
238 228 -1 236
239 229 -1 237
87 62 73 72
236 218 113 112
88 63 75 74
237 219 119 118
91 64 77 76
232 216 125 124
193 65 -1 78
205 92 -1 93
159 136 145 144
206 194 173 172
160 137 147 146
207 195 179 178
161 138 149 148
204 192 185 184
217 139 -1 150
233 162 -1 163
93 78 127 126
-1 150 141 140
-1 163 143 142
112 72 109 108
172 144 169 168
113 73 111 110
173 145 171 170
118 74 115 114
178 146 175 174
119 75 117 116
179 147 177 176
124 76 121 120
184 148 181 180
125 77 123 122
185 149 183 182
-1 126 245 244
-1 127 249 248
169 108 1 1
168 109 1 1
171 110 1 1
170 111 1 1
175 114 1 1
174 115 1 1
177 116 1 1
176 117 1 1
181 120 1 1
180 121 1 1
183 122 1 1
182 123 1 1
-1 245 247 246
-1 249 251 250
-1 247 165 164
-1 251 167 166
