58 0 -1 54
60 0 -1 56
74 0 -1 70
76 0 -1 72
62 0 -1 66
64 0 -1 68
78 0 -1 82
80 0 -1 84
0 0 111 110
0 0 113 112
0 0 -1 138
0 0 -1 139
0 0 -1 142
0 0 -1 143
0 0 175 174
0 0 179 178
0 0 181 180
0 0 185 184
0 0 -1 212
0 0 -1 214
0 0 -1 218
0 0 -1 219
0 0 -1 224
0 0 -1 227
0 0 235 234
0 0 253 252
0 0 255 254
0 0 317 316
0 0 319 318
259 0 -1 302
304 0 -1 305
59 54 -1 55
61 56 -1 57
75 70 -1 71
77 72 -1 73
140 138 -1 86
141 139 -1 87
144 142 -1 88
145 143 -1 89
66 63 -1 67
68 65 -1 69
82 79 -1 83
84 81 -1 85
112 110 103 102
113 111 109 108
178 174 147 146
184 180 149 148
179 175 177 176
185 181 183 182
218 212 -1 213
219 214 -1 215
227 224 226 225
234 230 -1 232
235 231 -1 233
254 252 241 240
255 253 247 246
318 316 299 298
319 317 304 303
-1 302 321 320
-1 305 323 322
-1 86 59 58
-1 87 61 60
-1 55 63 62
-1 57 65 64
-1 88 75 74
-1 89 77 76
-1 71 79 78
-1 73 81 80
69 67 91 90
85 83 93 92
102 94 99 98
148 146 119 118
103 95 101 100
149 147 125 124
108 96 105 104
182 176 131 130
109 97 107 106
183 177 137 136
215 213 217 216
232 225 -1 228
233 226 -1 229
240 220 237 236
241 221 239 238
246 222 243 242
247 223 245 244
-1 320 281 280
-1 322 284 283
299 257 297 296
298 256 295 294
303 258 301 300
321 281 -1 282
323 284 -1 285
92 90 95 94
93 91 97 96
280 248 -1 140
283 250 -1 141
118 98 115 114
119 99 117 116
124 100 121 120
125 101 123 122
130 104 127 126
131 105 129 128
136 106 133 132
137 107 135 134
228 216 221 220
229 217 223 222
330 296 293 292
278 244 275 274
260 236 257 256
261 237 259 258
266 238 263 262
331 300 307 306
267 239 265 264
333 301 309 308
279 245 277 276
332 297 311 310
272 242 269 268
324 294 313 312
273 243 271 270
327 295 315 314
285 282 337 336
155 114 1 1
154 115 1 1
308 264 155 154
161 116 1 1
160 117 1 1
309 265 161 160
167 120 1 1
166 121 1 1
306 262 167 166
173 122 1 1
172 123 1 1
307 263 173 172
191 126 1 1
190 127 1 1
314 270 191 190
197 128 1 1
196 129 1 1
315 271 197 196
202 132 1 1
312 268 203 202
211 134 207 1
210 135 1 1
313 269 211 210
-1 133 201 200
292 274 261 260
293 275 267 266
310 276 273 272
311 277 279 278
336 291 345 344
337 288 343 342
-1 207 335 334
204 200 231 230
-1 203 205 204
-1 201 249 248
-1 344 325 324
-1 345 328 327
-1 342 331 330
-1 343 333 332
335 325 -1 326
334 328 -1 329
286 249 -1 144
-1 205 251 250
-1 326 339 338
-1 329 341 340
289 251 -1 145
-1 338 287 286
-1 340 290 289
339 287 -1 288
341 290 -1 291
