0 0 -1 54
0 0 -1 56
0 0 -1 60
0 0 -1 61
0 0 -1 66
0 0 -1 69
0 0 73 72
0 0 77 76
0 0 -1 110
0 0 -1 113
0 0 115 114
0 0 119 118
0 0 129 128
0 0 131 130
0 0 265 264
0 0 269 268
0 0 271 270
0 0 275 274
0 0 339 338
0 0 343 342
0 0 345 344
0 0 349 348
0 0 355 354
0 0 359 358
0 0 361 360
0 0 365 364
60 54 -1 55
61 56 -1 57
69 66 68 67
76 72 -1 74
77 73 -1 75
113 110 112 111
118 114 -1 116
119 115 -1 117
130 128 121 120
131 129 125 124
268 264 231 230
274 270 233 232
342 338 247 246
348 344 251 250
358 354 253 252
364 360 257 256
269 265 267 266
275 271 273 272
343 339 341 340
349 345 347 346
359 355 357 356
365 361 363 362
57 55 59 58
74 67 -1 70
75 68 -1 71
116 111 87 86
117 112 99 98
132 120 -1 122
136 121 -1 123
140 124 -1 126
144 125 -1 127
232 230 199 198
233 231 215 214
272 266 217 216
273 267 219 218
250 246 221 220
256 252 225 224
251 247 249 248
257 253 255 254
346 340 367 366
362 356 371 370
347 341 377 376
363 357 379 378
70 58 63 62
71 59 65 64
122 86 -1 88
123 87 -1 89
126 98 -1 100
127 99 -1 101
216 204 153 152
217 205 159 158
218 206 165 164
219 207 171 170
198 196 177 176
199 197 183 182
214 200 189 188
215 201 195 194
224 220 211 210
225 221 223 222
370 366 259 258
254 248 351 350
255 249 353 352
371 367 369 368
379 377 373 372
378 376 375 374
88 62 79 78
89 63 81 80
100 64 83 82
101 65 85 84
176 102 173 172
212 210 203 202
177 103 175 174
213 211 209 208
158 92 155 154
262 258 229 228
182 104 179 178
227 223 239 238
183 105 181 180
226 222 245 244
188 106 185 184
352 312 281 280
189 107 187 186
353 313 287 286
194 108 191 190
350 310 293 292
195 109 193 192
351 311 299 298
152 90 149 148
368 300 303 302
153 91 151 150
369 301 309 308
159 93 157 156
263 259 261 260
164 94 161 160
374 306 319 318
165 95 163 162
375 307 325 324
170 96 167 166
372 304 331 330
171 97 169 168
373 305 337 336
134 78 91 90
138 79 93 92
142 80 95 94
146 81 97 96
135 82 103 102
139 83 105 104
143 84 107 106
147 85 109 108
203 173 197 196
228 154 213 212
202 172 201 200
208 174 205 204
209 175 207 206
239 178 235 234
238 179 237 236
245 180 1 1
244 181 1 1
229 155 227 226
302 148 263 262
281 184 1 1
280 185 1 1
287 186 1 1
286 187 1 1
293 190 1 1
292 191 1 1
299 192 1 1
298 193 1 1
319 160 1 1
318 161 1 1
325 162 1 1
324 163 1 1
331 166 1 1
330 167 1 1
337 168 1 1
336 169 1 1
260 156 311 310
261 157 313 312
303 149 301 300
308 150 305 304
309 151 307 306
-1 234 133 132
-1 235 137 136
-1 236 141 140
-1 237 145 144
-1 133 135 134
-1 137 139 138
-1 141 143 142
-1 145 147 146
