58 0 -1 54
60 0 -1 56
74 0 -1 70
76 0 -1 72
62 0 -1 66
64 0 -1 68
78 0 -1 82
80 0 -1 84
0 0 -1 134
0 0 -1 135
0 0 -1 138
0 0 -1 139
0 0 195 194
0 0 199 198
0 0 201 200
0 0 205 204
0 0 233 232
0 0 235 234
0 0 237 236
0 0 239 238
0 0 241 240
0 0 251 250
0 0 253 252
0 0 389 388
0 0 391 390
0 0 393 392
0 0 395 394
0 0 397 396
0 0 399 398
0 0 403 402
59 54 -1 55
61 56 -1 57
75 70 -1 71
77 72 -1 73
136 134 -1 86
137 135 -1 87
140 138 -1 88
141 139 -1 89
66 63 -1 67
68 65 -1 69
82 79 -1 83
84 81 -1 85
234 232 143 142
238 236 147 146
242 240 149 148
252 250 153 152
235 233 155 154
239 237 159 158
246 241 161 160
253 251 165 164
198 194 167 166
204 200 169 168
199 195 197 196
205 201 203 202
390 388 295 294
394 392 299 298
398 396 301 300
402 400 305 304
391 389 353 352
395 393 357 356
399 397 359 358
403 401 363 362
-1 86 59 58
-1 87 61 60
-1 55 63 62
-1 57 65 64
-1 88 75 74
-1 89 77 76
-1 71 79 78
-1 73 81 80
69 67 91 90
85 83 93 92
168 166 113 112
169 167 119 118
202 196 127 126
203 197 133 132
146 142 -1 144
147 143 -1 145
152 148 -1 150
153 149 -1 151
158 154 -1 156
159 155 -1 157
164 160 -1 162
165 161 -1 163
298 294 267 266
304 300 269 268
299 295 297 296
305 301 303 302
356 352 331 330
362 358 333 332
357 353 355 354
363 359 361 360
92 90 95 94
93 91 97 96
150 144 -1 106
151 145 -1 107
162 156 -1 120
163 157 -1 121
112 98 109 108
268 266 175 174
113 99 111 110
269 267 181 180
118 100 115 114
302 296 187 186
119 101 117 116
303 297 193 192
126 102 123 122
332 330 211 210
127 103 125 124
333 331 219 218
132 104 129 128
360 354 225 224
133 105 131 130
361 355 231 230
106 94 99 98
107 95 101 100
120 96 103 102
121 97 105 104
-1 123 209 208
-1 211 213 212
174 108 171 170
175 109 173 172
180 110 177 176
181 111 179 178
186 114 183 182
187 115 185 184
192 116 189 188
193 117 191 190
210 122 207 206
218 124 215 214
219 125 217 216
224 128 221 220
225 129 223 222
230 130 227 226
231 131 229 228
244 208 -1 136
248 212 -1 137
275 170 1 1
274 171 1 1
281 172 1 1
280 173 1 1
287 176 1 1
286 177 1 1
293 178 1 1
292 179 1 1
311 182 1 1
310 183 1 1
317 184 1 1
316 185 1 1
323 188 319 318
322 189 1 1
329 190 1 1
328 191 1 1
339 206 335 1
338 207 1 1
374 222 371 370
350 216 347 346
375 223 373 372
380 226 377 376
344 214 341 340
381 227 379 378
368 220 365 364
-1 209 255 254
-1 213 257 256
351 217 349 348
369 221 367 366
345 215 343 342
386 228 383 382
387 229 385 384
-1 335 401 400
-1 318 243 242
-1 319 247 246
-1 365 263 262
404 370 275 274
405 371 281 280
406 372 287 286
407 373 293 292
410 376 311 310
411 377 317 316
412 378 323 322
413 379 329 328
416 364 339 338
422 366 345 344
423 367 351 350
430 382 369 368
431 383 375 374
432 384 381 380
433 385 387 386
408 346 405 404
409 347 407 406
414 340 411 410
415 341 413 412
424 348 417 416
425 349 423 422
434 342 431 430
435 343 433 432
256 254 419 418
257 255 421 420
262 249 -1 141
-1 243 245 244
-1 247 249 248
-1 417 259 258
429 421 409 408
426 418 415 414
428 420 425 424
-1 263 265 264
427 419 435 434
258 245 -1 140
-1 259 261 260
264 260 427 426
265 261 429 428
