0 0 -1 54
0 0 -1 57
0 0 63 62
0 0 67 66
0 0 113 112
0 0 115 114
0 0 117 116
0 0 119 118
0 0 149 148
0 0 153 152
0 0 155 154
0 0 159 158
0 0 315 314
0 0 317 316
0 0 319 318
0 0 321 320
0 0 323 322
0 0 325 324
0 0 327 326
0 0 329 328
0 0 -1 374
0 0 -1 377
0 0 383 382
0 0 387 386
0 0 397 396
0 0 399 398
57 54 56 55
66 62 -1 64
67 63 -1 65
114 112 77 76
118 116 81 80
115 113 95 94
119 117 99 98
152 148 121 120
158 154 123 122
153 149 151 150
159 155 157 156
316 314 215 214
320 318 219 218
324 322 221 220
328 326 225 224
317 315 279 278
321 319 283 282
325 323 285 284
329 327 289 288
377 374 376 375
386 382 -1 384
387 383 -1 385
398 396 391 390
399 397 395 394
64 55 59 58
65 56 61 60
80 76 -1 78
81 77 -1 79
122 120 87 86
123 121 93 92
98 94 -1 96
99 95 -1 97
156 150 105 104
157 151 111 110
218 214 187 186
224 220 189 188
219 215 217 216
225 221 223 222
282 278 251 250
288 284 253 252
283 279 281 280
289 285 287 286
384 375 379 378
385 376 381 380
390 370 -1 388
391 371 -1 389
394 372 -1 392
395 373 -1 393
78 58 69 68
79 59 71 70
96 60 73 72
97 61 75 74
86 68 83 82
188 186 129 128
87 69 85 84
189 187 135 134
92 70 89 88
222 216 141 140
93 71 91 90
223 217 147 146
104 72 101 100
252 250 165 164
105 73 103 102
253 251 171 170
110 74 107 106
286 280 177 176
111 75 109 108
287 281 185 184
392 380 339 338
393 381 355 354
388 378 359 358
389 379 369 368
128 82 125 124
129 83 127 126
134 84 131 130
135 85 133 132
140 88 137 136
141 89 139 138
146 90 143 142
147 91 145 144
164 100 161 160
165 101 163 162
170 102 167 166
171 103 169 168
176 106 173 172
-1 107 175 174
-1 177 179 178
184 108 181 180
185 109 183 182
340 338 331 330
341 339 333 332
357 355 335 334
356 354 337 336
361 359 343 342
360 358 345 344
369 363 347 346
368 362 351 350
330 192 195 194
331 193 201 200
332 190 207 206
333 191 213 212
231 136 1 1
230 137 1 1
336 198 231 230
237 138 1 1
236 139 1 1
337 199 237 236
243 142 1 1
242 143 1 1
334 196 243 242
249 144 1 1
248 145 1 1
335 197 249 248
259 160 1 1
258 161 1 1
344 204 259 258
265 162 1 1
264 163 1 1
345 205 265 264
271 166 1 1
270 167 1 1
342 202 271 270
277 168 1 1
276 169 1 1
343 203 277 276
295 172 1 1
294 173 1 1
350 210 295 294
304 180 1 1
346 208 305 304
313 182 1 1
312 183 1 1
347 209 313 312
195 125 193 192
194 124 191 190
200 126 197 196
201 127 199 198
206 130 203 202
207 131 205 204
212 132 209 208
213 133 211 210
178 174 297 296
179 175 299 298
-1 351 353 352
-1 181 303 302
366 298 341 340
367 299 357 356
364 296 361 360
352 348 365 364
353 349 367 366
365 297 363 362
-1 211 349 348
-1 305 307 306
306 302 371 370
307 303 373 372
