0 0 55 54
0 0 61 60
0 0 75 74
0 0 77 76
0 0 131 130
0 0 135 134
0 0 137 136
0 0 141 140
0 0 167 166
0 0 173 172
0 0 187 186
0 0 189 188
0 0 205 204
0 0 211 210
0 0 225 224
0 0 227 226
0 0 281 280
0 0 285 284
0 0 287 286
0 0 291 290
0 0 315 314
0 0 321 320
0 0 335 334
0 0 337 336
0 0 349 348
0 0 353 352
60 54 57 56
76 74 67 66
61 55 59 58
77 75 73 72
134 130 103 102
140 136 105 104
135 131 133 132
141 137 139 138
172 166 169 168
188 186 179 178
173 167 171 170
189 187 185 184
210 204 207 206
226 224 217 216
211 205 209 208
227 225 223 222
284 280 253 252
290 286 255 254
285 281 283 282
291 287 289 288
320 314 317 316
336 334 327 326
321 315 319 318
337 335 333 332
352 348 347 346
353 349 351 350
66 56 63 62
104 102 83 82
67 57 65 64
105 103 89 88
72 58 69 68
138 132 95 94
73 59 71 70
139 133 101 100
178 168 175 174
179 169 177 176
184 170 181 180
185 171 183 182
216 206 213 212
254 252 233 232
217 207 215 214
255 253 239 238
222 208 219 218
288 282 245 244
223 209 221 220
289 283 251 250
326 316 323 322
346 304 339 338
327 317 325 324
347 305 341 340
332 318 329 328
350 306 343 342
333 319 331 330
351 307 345 344
82 62 79 78
190 174 111 110
83 63 81 80
191 175 117 116
88 64 85 84
194 180 123 122
89 65 87 86
195 181 129 128
94 68 91 90
196 182 147 146
95 69 93 92
197 183 153 152
100 70 97 96
192 176 159 158
101 71 99 98
193 177 165 164
232 212 229 228
342 328 261 260
233 213 231 230
343 329 267 266
238 214 235 234
338 322 273 272
239 215 237 236
339 323 279 278
244 218 241 240
340 324 297 296
245 219 243 242
341 325 303 302
250 220 247 246
344 330 309 308
251 221 249 248
345 331 313 312
146 90 143 142
313 249 201 200
153 93 151 150
147 91 145 144
308 246 305 304
309 247 307 306
312 248 311 310
152 92 149 148
110 78 107 106
296 240 293 292
111 79 109 108
297 241 295 294
116 80 113 112
272 234 269 268
117 81 115 114
273 235 271 270
122 84 119 118
278 236 275 274
123 85 121 120
279 237 277 276
128 86 125 124
260 228 257 256
129 87 127 126
261 229 259 258
158 96 155 154
266 230 263 262
159 97 157 156
267 231 265 264
164 98 161 160
302 242 299 298
165 99 163 162
303 243 301 300
198 142 191 190
199 143 193 192
202 144 195 194
203 145 197 196
200 150 199 198
201 151 203 202
310 149 1 1
311 148 1 1
293 106 1 1
292 107 1 1
295 108 1 1
294 109 1 1
269 112 1 1
268 113 1 1
271 114 1 1
270 115 1 1
275 118 1 1
274 119 1 1
277 120 1 1
276 121 1 1
257 124 1 1
256 125 1 1
259 126 1 1
258 127 1 1
263 154 1 1
262 155 1 1
265 156 1 1
264 157 1 1
299 160 1 1
298 161 1 1
301 162 1 1
300 163 1 1
