0 0 -1 55
0 0 -1 58
0 0 64 63
0 0 68 67
0 0 106 105
0 0 108 107
0 0 110 109
0 0 112 111
0 0 190 189
0 0 194 193
209 0 200 199
0 0 -1 215
0 0 -1 217
0 0 -1 221
0 0 -1 222
0 0 -1 223
0 0 -1 226
0 0 230 229
0 0 234 233
0 0 -1 243
0 0 -1 246
0 0 248 247
0 0 252 251
0 0 266 265
0 0 268 267
0 0 270 269
0 0 272 271
58 55 57 56
67 63 -1 65
68 64 -1 66
107 105 78 77
111 109 82 81
108 106 92 91
112 110 96 95
193 189 178 177
199 195 180 179
194 190 192 191
200 196 198 197
221 215 -1 216
222 217 -1 218
226 223 225 224
233 229 -1 231
234 230 -1 232
246 243 245 244
251 247 -1 249
252 248 -1 250
267 265 254 253
271 269 258 257
268 266 260 259
272 270 264 263
65 56 60 59
66 57 62 61
81 77 -1 79
82 78 -1 80
95 91 -1 93
96 92 -1 94
179 177 114 113
180 178 130 129
197 191 146 145
198 192 162 161
218 216 220 219
231 224 -1 227
232 225 -1 228
249 244 236 235
250 245 240 239
257 253 -1 255
258 254 -1 256
263 259 -1 261
264 260 -1 262
79 59 70 69
80 60 72 71
93 61 74 73
94 62 76 75
181 113 -1 115
183 114 -1 116
185 129 -1 131
187 130 -1 132
182 145 -1 147
184 146 -1 148
186 161 -1 163
188 162 -1 164
227 219 204 203
228 220 212 211
255 235 -1 237
256 236 -1 238
261 239 -1 241
262 240 -1 242
115 69 84 83
116 70 86 85
131 71 88 87
132 72 90 89
147 73 98 97
148 74 100 99
163 75 102 101
164 76 104 103
237 203 202 201
238 204 206 205
241 211 208 207
242 212 214 213
122 83 1 1
121 84 1 1
201 165 122 121
128 85 1 1
127 86 1 1
202 166 128 127
138 87 1 1
137 88 1 1
205 167 138 137
144 89 1 1
143 90 1 1
206 168 144 143
154 97 150 149
153 98 152 151
207 171 154 153
160 99 156 1
159 100 1 1
208 172 160 159
213 173 170 169
214 174 176 175
169 101 166 165
170 102 168 167
175 103 172 171
176 104 174 173
-1 156 210 209
-1 149 182 181
-1 150 184 183
-1 151 186 185
-1 152 188 187
-1 210 196 195
