0 0 -1 55
0 0 -1 57
0 0 -1 61
0 0 -1 62
0 0 -1 67
0 0 -1 70
0 0 74 73
0 0 78 77
0 0 -1 121
0 0 -1 124
0 0 126 125
0 0 130 129
0 0 144 143
0 0 146 145
0 0 148 147
0 0 150 149
0 0 -1 192
0 0 -1 195
0 0 201 200
0 0 205 204
0 0 227 226
0 0 229 228
0 0 231 230
0 0 233 232
0 0 287 286
0 0 291 290
300 0 297 296
61 55 -1 56
62 57 -1 58
70 67 69 68
77 73 -1 75
78 74 -1 76
124 121 123 122
129 125 -1 127
130 126 -1 128
145 143 132 131
149 147 136 135
146 144 138 137
150 148 142 141
195 192 194 193
204 200 -1 202
205 201 -1 203
228 226 213 212
232 230 217 216
229 227 219 218
233 231 223 222
290 286 -1 288
291 287 -1 289
296 292 -1 294
297 293 -1 295
58 56 60 59
75 68 -1 71
76 69 -1 72
127 122 88 87
128 123 104 103
135 131 -1 133
136 132 -1 134
141 137 -1 139
142 138 -1 140
202 193 197 196
203 194 199 198
216 212 -1 214
217 213 -1 215
222 218 -1 220
223 219 -1 221
294 288 257 256
295 289 273 272
71 59 64 63
72 60 66 65
133 87 -1 89
134 88 -1 90
139 103 -1 105
140 104 -1 106
215 197 168 167
214 196 207 206
220 198 209 208
221 199 211 210
260 256 235 234
261 257 239 238
276 272 243 242
277 273 247 246
89 63 80 79
90 64 82 81
105 65 84 83
106 66 86 85
240 167 152 151
237 207 158 157
236 206 164 163
241 168 166 165
248 210 173 172
245 209 183 182
244 208 189 188
264 234 -1 236
266 235 -1 237
268 238 -1 240
270 239 -1 241
265 242 -1 244
267 243 -1 245
269 246 -1 248
271 247 -1 249
-1 211 225 224
151 97 96 95
152 98 102 101
165 99 112 111
166 100 120 119
101 81 98 97
95 79 92 91
158 91 1 1
157 92 1 1
96 80 94 93
164 93 1 1
163 94 1 1
102 82 100 99
111 83 108 107
173 107 -1 169
172 108 1 1
-1 84 110 109
119 85 116 115
183 115 1 1
182 116 1 1
120 86 118 117
188 117 1 1
-1 249 251 250
-1 189 191 190
250 224 253 252
251 225 255 254
-1 169 281 280
-1 112 114 113
254 176 259 258
190 186 263 262
255 177 275 274
191 187 279 278
-1 118 187 186
252 175 283 282
253 174 285 284
113 109 175 174
114 110 177 176
299 280 -1 298
-1 281 300 299
262 258 -1 260
263 259 -1 261
-1 282 265 264
-1 283 267 266
-1 284 269 268
-1 285 271 270
278 274 -1 276
279 275 -1 277
-1 298 293 292
