0 0 -1 55
0 0 -1 58
0 0 64 63
0 0 68 67
0 0 106 105
0 0 108 107
0 0 110 109
0 0 112 111
0 0 184 183
0 0 188 187
0 0 190 189
0 0 194 193
0 0 244 243
0 0 248 247
0 0 250 249
0 0 254 253
0 0 260 259
0 0 264 263
213 0 270 269
0 0 272 271
0 0 276 275
0 0 282 281
0 0 284 283
0 0 292 291
0 0 294 293
0 0 296 295
0 0 298 297
58 55 57 56
67 63 -1 65
68 64 -1 66
107 105 78 77
111 109 82 81
108 106 92 91
112 110 96 95
187 183 180 179
193 189 182 181
188 184 186 185
194 190 192 191
275 271 228 227
283 281 232 231
293 291 234 233
297 295 238 237
247 243 240 239
253 249 242 241
263 259 256 255
269 265 258 257
276 272 274 273
284 282 280 279
294 292 286 285
298 296 290 289
248 244 246 245
254 250 252 251
264 260 262 261
270 266 268 267
65 56 60 59
66 57 62 61
81 77 -1 79
82 78 -1 80
95 91 -1 93
96 92 -1 94
181 179 118 117
182 180 136 135
191 185 154 153
192 186 172 171
252 246 198 197
268 262 202 201
251 245 206 205
267 261 210 209
242 240 216 215
258 256 220 219
241 239 222 221
257 255 226 225
231 227 -1 229
232 228 -1 230
237 233 -1 235
238 234 -1 236
279 273 -1 277
280 274 -1 278
289 285 -1 287
290 286 -1 288
79 59 70 69
80 60 72 71
93 61 74 73
94 62 76 75
117 113 -1 115
118 114 -1 116
135 131 -1 133
136 132 -1 134
153 149 -1 151
154 150 -1 152
171 167 -1 169
172 168 -1 170
236 230 178 177
287 277 196 195
201 197 -1 199
202 198 -1 200
288 278 204 203
209 205 -1 207
210 206 -1 208
235 229 212 211
219 215 -1 217
220 216 -1 218
225 221 -1 223
226 222 -1 224
115 69 84 83
199 195 124 123
116 70 86 85
200 196 130 129
133 71 88 87
207 203 142 141
134 72 90 89
208 204 148 147
151 73 98 97
217 211 160 159
152 74 100 99
218 212 166 165
169 75 102 101
223 177 174 173
170 76 104 103
224 178 176 175
173 101 114 113
124 83 1 1
123 84 1 1
130 85 1 1
129 86 1 1
174 102 132 131
142 87 1 1
141 88 1 1
148 89 1 1
147 90 1 1
175 103 150 149
160 97 1 1
159 98 1 1
166 99 162 1
165 100 1 1
176 104 168 167
-1 162 214 213
-1 214 266 265
