59 0 -1 55
61 0 -1 57
75 0 -1 71
77 0 -1 73
63 0 -1 67
65 0 -1 69
79 0 -1 83
81 0 -1 85
0 0 112 111
0 0 114 113
0 0 -1 139
0 0 -1 140
0 0 -1 143
0 0 -1 144
0 0 176 175
0 0 180 179
331 0 182 181
0 0 186 185
0 0 -1 213
0 0 -1 215
0 0 -1 219
0 0 -1 220
0 0 -1 225
0 0 -1 228
0 0 232 231
0 0 236 235
0 0 250 249
0 0 252 251
0 0 314 313
0 0 316 315
256 0 -1 299
301 0 -1 302
60 55 -1 56
62 57 -1 58
76 71 -1 72
78 73 -1 74
141 139 -1 87
142 140 -1 88
145 143 -1 89
146 144 -1 90
67 64 -1 68
69 66 -1 70
83 80 -1 84
85 82 -1 86
113 111 104 103
114 112 110 109
179 175 148 147
185 181 150 149
180 176 178 177
186 182 184 183
219 213 -1 214
220 215 -1 216
228 225 227 226
235 231 -1 233
236 232 -1 234
251 249 242 241
252 250 248 247
315 313 296 295
316 314 301 300
-1 299 318 317
-1 302 320 319
-1 87 60 59
-1 88 62 61
-1 56 64 63
-1 58 66 65
-1 89 76 75
-1 90 78 77
-1 72 80 79
-1 74 82 81
70 68 92 91
86 84 94 93
103 95 100 99
149 147 120 119
104 96 102 101
150 148 126 125
109 97 106 105
183 177 132 131
110 98 108 107
184 178 138 137
216 214 218 217
233 226 -1 229
234 227 -1 230
241 221 238 237
242 222 240 239
247 223 244 243
248 224 246 245
-1 317 278 277
-1 319 281 280
296 254 294 293
295 253 292 291
300 255 298 297
318 278 -1 279
320 281 -1 282
93 91 96 95
94 92 98 97
277 201 -1 141
280 205 -1 142
119 99 116 115
120 100 118 117
125 101 122 121
126 102 124 123
131 105 128 127
132 106 130 129
137 107 134 133
138 108 136 135
229 217 222 221
230 218 224 223
327 293 290 289
275 245 272 271
257 237 254 253
258 238 256 255
263 239 260 259
328 297 304 303
264 240 262 261
330 298 306 305
276 246 274 273
329 294 308 307
269 243 266 265
321 291 310 309
270 244 268 267
324 292 312 311
282 279 334 333
156 115 1 1
155 116 1 1
305 261 156 155
162 117 1 1
161 118 1 1
306 262 162 161
168 121 1 1
167 122 1 1
303 259 168 167
174 123 1 1
173 124 1 1
304 260 174 173
192 127 1 1
191 128 1 1
311 267 192 191
198 129 1 1
197 130 1 1
312 268 198 197
203 133 1 1
309 265 204 203
212 135 208 1
211 136 1 1
310 266 212 211
289 271 258 257
290 272 264 263
307 273 270 269
308 274 276 275
-1 134 202 201
333 288 342 341
334 285 340 339
-1 208 332 331
283 202 -1 145
-1 204 206 205
-1 341 322 321
-1 342 325 324
-1 339 328 327
-1 340 330 329
-1 332 344 343
344 322 -1 323
343 325 -1 326
286 206 -1 146
-1 323 336 335
-1 326 338 337
-1 335 284 283
-1 337 287 286
336 284 -1 285
338 287 -1 288
