0 0 -1 55
0 0 -1 57
0 0 -1 61
0 0 -1 62
0 0 -1 67
0 0 -1 70
0 0 74 73
0 0 78 77
0 0 -1 111
0 0 -1 114
0 0 116 115
0 0 120 119
0 0 134 133
0 0 136 135
0 0 138 137
0 0 140 139
0 0 266 265
0 0 270 269
0 0 272 271
0 0 276 275
0 0 339 338
0 0 343 342
0 0 345 344
0 0 349 348
0 0 355 354
0 0 359 358
384 0 365 364
61 55 -1 56
62 57 -1 58
70 67 69 68
77 73 -1 75
78 74 -1 76
114 111 113 112
119 115 -1 117
120 116 -1 118
135 133 122 121
139 137 126 125
136 134 128 127
140 138 132 131
269 265 232 231
275 271 234 233
342 338 248 247
348 344 252 251
358 354 254 253
364 360 258 257
270 266 268 267
276 272 274 273
343 339 341 340
349 345 347 346
359 355 357 356
365 361 363 362
58 56 60 59
75 68 -1 71
76 69 -1 72
117 112 88 87
118 113 100 99
125 121 -1 123
126 122 -1 124
131 127 -1 129
132 128 -1 130
233 231 200 199
234 232 216 215
273 267 218 217
274 268 220 219
251 247 222 221
257 253 226 225
252 248 250 249
258 254 256 255
346 340 367 366
362 356 371 370
347 341 377 376
363 357 379 378
71 59 64 63
72 60 66 65
123 87 -1 89
124 88 -1 90
129 99 -1 101
130 100 -1 102
217 205 150 149
218 206 156 155
219 207 166 165
220 208 172 171
199 197 178 177
200 198 184 183
215 201 190 189
216 202 196 195
225 221 212 211
226 222 224 223
370 366 260 259
255 249 351 350
256 250 353 352
371 367 369 368
379 377 373 372
378 376 375 374
89 63 80 79
90 64 82 81
101 65 84 83
102 66 86 85
177 103 174 173
213 211 204 203
178 104 176 175
214 212 210 209
155 93 152 151
263 259 230 229
183 105 180 179
228 224 240 239
184 106 182 181
227 223 246 245
189 107 186 185
352 313 282 281
190 108 188 187
353 314 288 287
195 109 192 191
350 311 294 293
196 110 194 193
351 312 300 299
149 91 146 145
368 301 304 303
150 92 148 147
369 302 310 309
156 94 154 153
264 260 262 261
165 95 162 161
374 307 320 319
166 96 164 163
375 308 326 325
171 97 168 167
372 305 332 331
172 98 170 169
373 306 337 336
141 79 92 91
143 80 94 93
157 81 96 95
159 82 98 97
142 83 104 103
144 84 106 105
158 85 108 107
160 86 110 109
204 174 198 197
229 151 214 213
203 173 202 201
209 175 206 205
210 176 208 207
240 179 236 235
239 180 238 237
246 181 1 1
245 182 1 1
230 152 228 227
303 145 264 263
282 185 1 1
281 186 1 1
288 187 1 1
287 188 1 1
294 191 1 1
293 192 1 1
300 193 1 1
299 194 1 1
320 161 1 1
319 162 1 1
326 163 1 1
325 164 1 1
332 167 1 1
331 168 1 1
337 169 -1 333
336 170 1 1
261 153 312 311
262 154 314 313
304 146 302 301
309 147 306 305
310 148 308 307
-1 333 381 380
-1 235 142 141
-1 236 144 143
-1 237 158 157
-1 238 160 159
383 380 -1 382
-1 381 384 383
-1 382 361 360
