0 0 -1 55
0 0 -1 57
0 0 -1 61
0 0 -1 62
0 0 -1 67
0 0 -1 70
0 0 74 73
0 0 78 77
0 0 -1 119
0 0 -1 122
0 0 124 123
0 0 128 127
0 0 142 141
0 0 144 143
0 0 146 145
0 0 148 147
0 0 178 177
0 0 182 181
264 0 188 187
0 0 213 212
0 0 219 218
0 0 233 232
0 0 235 234
0 0 249 248
0 0 253 252
0 0 255 254
0 0 259 258
61 55 -1 56
62 57 -1 58
70 67 69 68
77 73 -1 75
78 74 -1 76
122 119 121 120
127 123 -1 125
128 124 -1 126
143 141 130 129
147 145 134 133
144 142 136 135
148 146 140 139
181 177 150 149
187 183 152 151
182 178 180 179
188 184 186 185
218 212 215 214
234 232 225 224
219 213 217 216
235 233 231 230
252 248 245 244
258 254 247 246
253 249 251 250
259 255 257 256
58 56 60 59
75 68 -1 71
76 69 -1 72
125 120 88 87
151 149 96 95
152 150 102 101
126 121 104 103
185 179 112 111
186 180 118 117
133 129 -1 131
134 130 -1 132
139 135 -1 137
140 136 -1 138
224 214 221 220
246 244 237 236
225 215 223 222
247 245 239 238
230 216 227 226
256 250 241 240
231 217 229 228
257 251 243 242
71 59 64 63
72 60 66 65
131 87 -1 89
132 88 -1 90
137 103 -1 105
138 104 -1 106
95 79 92 91
237 221 158 157
96 80 94 93
236 220 164 163
101 81 98 97
239 223 170 169
102 82 100 99
238 222 176 175
111 83 108 107
241 227 194 193
112 84 110 109
240 226 200 199
117 85 114 113
243 229 205 204
118 86 116 115
242 228 211 210
89 63 80 79
90 64 82 81
105 65 84 83
106 66 86 85
158 91 1 1
157 92 1 1
164 93 1 1
163 94 1 1
170 97 1 1
169 98 1 1
176 99 1 1
175 100 1 1
194 107 1 1
193 108 1 1
200 109 1 1
199 110 1 1
205 113 -1 201
204 114 1 1
211 115 1 1
210 116 1 1
-1 201 261 260
263 260 -1 262
-1 261 264 263
-1 262 184 183
