0 0 -1 55
0 0 -1 57
0 0 -1 61
0 0 -1 62
0 0 -1 65
0 0 -1 67
0 0 -1 71
0 0 -1 72
0 0 -1 85
0 0 -1 87
0 0 -1 91
0 0 -1 92
0 0 -1 97
0 0 -1 99
0 0 -1 103
0 0 -1 104
93 0 -1 111
95 0 -1 113
94 0 -1 112
96 0 -1 114
105 0 -1 117
107 0 -1 119
106 0 -1 118
108 0 -1 120
0 0 -1 121
0 0 -1 122
0 0 -1 123
0 0 -1 124
0 0 -1 125
0 0 -1 126
130 0 -1 127
61 55 -1 56
62 57 -1 58
71 65 -1 66
72 67 -1 68
121 111 -1 75
122 113 -1 76
123 117 -1 81
124 119 -1 82
91 85 -1 86
92 87 -1 88
103 97 -1 98
104 99 -1 100
125 112 -1 109
126 114 -1 110
127 118 -1 115
128 120 -1 116
75 56 -1 59
76 58 -1 60
81 66 -1 69
82 68 -1 70
109 86 -1 89
110 88 -1 90
115 98 -1 101
116 100 -1 102
60 59 64 63
70 69 74 73
-1 89 94 93
-1 90 96 95
-1 101 106 105
-1 102 108 107
74 63 78 1
73 64 1 1
-1 78 84 83
-1 84 130 129
129 83 -1 128
