0 0 56 55
0 0 62 61
0 0 76 75
0 0 78 77
0 0 132 131
0 0 136 135
0 0 138 137
0 0 142 141
0 0 271 270
0 0 273 272
0 0 275 274
0 0 277 276
0 0 361 360
0 0 365 364
0 0 367 366
0 0 371 370
0 0 373 372
0 0 377 376
0 0 379 378
0 0 383 382
0 0 385 384
0 0 389 388
0 0 391 390
0 0 395 394
0 0 397 396
0 0 401 400
410 0 407 406
61 55 58 57
77 75 68 67
62 56 60 59
78 76 74 73
135 131 104 103
141 137 106 105
136 132 134 133
142 138 140 139
272 270 194 193
276 274 198 197
273 271 257 256
277 275 261 260
364 360 345 344
370 366 347 346
376 372 349 348
382 378 351 350
388 384 353 352
394 390 355 354
400 396 357 356
406 402 359 358
365 361 363 362
371 367 369 368
377 373 375 374
383 379 381 380
389 385 387 386
395 391 393 392
401 397 399 398
407 403 405 404
67 57 64 63
105 103 84 83
68 58 66 65
106 104 90 89
73 59 70 69
139 133 96 95
74 60 72 71
140 134 102 101
197 193 168 167
198 194 196 195
260 256 232 231
261 257 259 258
368 362 283 282
380 374 287 286
392 386 289 288
404 398 293 292
369 363 299 298
381 375 303 302
393 387 305 304
405 399 309 308
346 344 315 314
350 348 319 318
354 352 321 320
358 356 325 324
347 345 331 330
351 349 335 334
355 353 337 336
359 357 341 340
83 63 80 79
199 167 112 111
84 64 82 81
200 168 118 117
89 65 86 85
227 195 124 123
90 66 88 87
228 196 130 129
95 69 92 91
262 231 148 147
96 70 94 93
263 232 154 153
101 71 98 97
266 258 160 159
102 72 100 99
267 259 166 165
286 282 279 278
292 288 281 280
287 283 285 284
293 289 291 290
302 298 295 294
308 304 297 296
303 299 301 300
309 305 307 306
318 314 311 310
324 320 313 312
334 330 327 326
340 336 329 328
335 331 333 332
341 337 339 338
319 315 317 316
325 321 323 322
111 79 108 107
280 278 174 173
112 80 110 109
281 279 180 179
117 81 114 113
290 284 186 185
118 82 116 115
291 285 192 191
165 99 162 161
312 310 202 201
123 85 120 119
296 294 208 207
124 86 122 121
297 295 214 213
129 87 126 125
306 300 220 219
130 88 128 127
307 301 226 225
166 100 164 163
313 311 230 229
147 91 144 143
328 326 238 237
148 92 146 145
329 327 244 243
153 93 150 149
338 332 250 249
154 94 152 151
339 333 255 254
159 97 156 155
322 316 265 264
160 98 158 157
323 317 269 268
174 107 1 1
173 108 1 1
180 109 1 1
179 110 1 1
186 113 1 1
185 114 1 1
192 115 1 1
191 116 1 1
201 161 -1 199
202 162 -1 200
208 119 1 1
207 120 1 1
214 121 1 1
213 122 1 1
220 125 1 1
219 126 1 1
226 127 1 1
225 128 1 1
229 163 -1 227
230 164 -1 228
238 143 1 1
237 144 1 1
244 145 1 1
243 146 1 1
250 149 1 1
249 150 1 1
255 151 -1 251
254 152 1 1
264 155 -1 262
265 156 -1 263
268 157 -1 266
269 158 -1 267
-1 251 343 342
409 342 -1 408
-1 343 410 409
-1 408 403 402
