0 0 56 55
0 0 62 61
0 0 76 75
0 0 78 77
0 0 132 131
0 0 136 135
0 0 138 137
0 0 142 141
0 0 286 285
0 0 290 289
0 0 292 291
0 0 296 295
0 0 298 297
0 0 302 301
0 0 304 303
0 0 308 307
0 0 406 405
0 0 410 409
0 0 412 411
0 0 416 415
0 0 -1 417
0 0 -1 420
0 0 423 422
0 0 428 427
0 0 442 441
0 0 446 445
399 0 452 451
61 55 58 57
77 75 68 67
62 56 60 59
78 76 74 73
135 131 104 103
141 137 106 105
136 132 134 133
142 138 140 139
289 285 198 197
295 291 202 201
301 297 204 203
307 303 208 207
290 286 288 287
296 292 294 293
302 298 300 299
308 304 306 305
409 405 402 401
415 411 404 403
410 406 408 407
416 412 414 413
420 417 419 418
427 422 -1 424
428 423 -1 425
445 441 -1 443
446 442 -1 444
451 447 -1 449
452 448 -1 450
67 57 64 63
105 103 84 83
68 58 66 65
106 104 90 89
73 59 70 69
139 133 96 95
74 60 72 71
140 134 102 101
201 197 170 169
207 203 172 171
202 198 200 199
208 204 206 205
407 385 314 313
413 397 318 317
408 386 328 327
414 398 332 331
293 287 338 337
305 299 346 345
294 288 340 339
306 300 352 351
424 418 354 353
449 443 360 359
401 383 366 365
403 395 368 367
402 384 390 389
404 396 394 393
419 378 -1 421
425 382 -1 426
450 444 440 439
83 63 80 79
171 169 112 111
84 64 82 81
172 170 118 117
89 65 86 85
205 199 124 123
90 66 88 87
206 200 130 129
95 69 92 91
96 70 94 93
101 71 98 97
102 72 100 99
317 313 310 309
318 314 316 315
331 327 324 323
332 328 330 329
431 353 -1 355
433 354 -1 356
432 359 -1 357
434 360 -1 358
346 338 344 343
368 366 362 361
345 337 342 341
367 365 364 363
351 339 348 347
393 389 372 371
352 340 350 349
394 390 392 391
426 421 430 429
439 435 -1 437
440 436 -1 438
111 79 108 107
311 309 178 177
112 80 110 109
312 310 184 183
117 81 114 113
319 315 190 189
118 82 116 115
320 316 196 195
123 85 120 119
325 323 214 213
124 86 122 121
326 324 220 219
129 87 126 125
333 329 226 225
130 88 128 127
334 330 232 231
357 355 234 233
147 91 144 143
363 341 242 241
148 92 146 145
364 342 248 247
153 93 150 149
361 343 252 251
154 94 152 151
362 344 258 257
358 356 260 259
159 97 156 155
371 347 266 265
-1 98 158 157
167 99 164 163
391 349 276 275
168 100 166 165
392 350 284 283
437 429 322 321
438 430 336 335
-1 348 370 369
-1 372 374 373
235 233 148 147
236 234 154 153
259 249 160 159
260 250 168 167
178 107 1 1
177 108 1 1
184 109 1 1
183 110 1 1
190 113 1 1
189 114 1 1
196 115 1 1
195 116 1 1
214 119 1 1
213 120 1 1
220 121 1 1
219 122 1 1
226 125 1 1
225 126 1 1
232 127 1 1
231 128 1 1
251 149 236 235
242 143 1 1
241 144 1 1
248 145 1 1
247 146 1 1
252 150 250 249
266 155 1 1
265 156 1 1
275 163 1 1
284 165 280 1
283 166 1 1
321 253 312 311
257 151 254 253
322 254 320 319
335 255 326 325
258 152 256 255
336 256 334 333
161 157 268 267
373 369 380 379
162 158 270 269
374 370 388 387
-1 164 274 273
-1 276 278 277
-1 280 400 399
-1 160 162 161
379 267 376 375
387 269 384 383
277 273 396 395
388 270 386 385
278 274 398 397
-1 268 378 377
-1 380 382 381
-1 400 448 447
-1 375 432 431
-1 376 434 433
381 377 436 435
