0 0 -1 55
0 0 -1 58
0 0 64 63
0 0 68 67
0 0 106 105
0 0 108 107
0 0 110 109
0 0 112 111
0 0 322 321
0 0 324 323
0 0 326 325
0 0 328 327
0 0 330 329
0 0 334 333
0 0 336 335
0 0 340 339
0 0 350 349
0 0 354 353
0 0 356 355
0 0 360 359
0 0 362 361
0 0 366 365
0 0 368 367
0 0 372 371
0 0 374 373
0 0 378 377
417 0 384 383
58 55 57 56
67 63 -1 65
68 64 -1 66
107 105 78 77
111 109 82 81
108 106 92 91
112 110 96 95
324 322 208 207
328 326 212 211
323 321 252 251
327 325 256 255
333 329 298 297
339 335 302 301
353 349 304 303
359 355 308 307
365 361 310 309
371 367 314 313
377 373 316 315
383 379 320 319
334 330 332 331
340 336 338 337
354 350 352 351
360 356 358 357
366 362 364 363
372 368 370 369
378 374 376 375
384 380 382 381
65 56 60 59
66 57 62 61
81 77 -1 79
82 78 -1 80
95 91 -1 93
96 92 -1 94
211 207 178 177
212 208 210 209
255 251 226 225
256 252 254 253
301 297 286 285
307 303 290 289
313 309 292 291
319 315 296 295
302 298 300 299
308 304 306 305
314 310 312 311
320 316 318 317
337 331 390 389
357 351 394 393
369 363 396 395
381 375 400 399
338 332 406 405
358 352 410 409
370 364 412 411
382 376 416 415
79 59 70 69
80 60 72 71
93 61 74 73
94 62 76 75
177 175 122 121
178 176 128 127
209 203 138 137
210 204 144 143
225 213 150 149
226 214 156 155
253 215 162 161
254 216 168 167
289 285 282 281
295 291 284 283
290 286 288 287
296 292 294 293
305 299 342 341
317 311 346 345
306 300 344 343
318 312 348 347
393 389 386 385
399 395 388 387
394 390 392 391
400 396 398 397
409 405 402 401
415 411 404 403
410 406 408 407
416 412 414 413
113 69 84 83
115 70 86 85
129 71 88 87
131 72 90 89
114 73 98 97
116 74 100 99
130 75 102 101
132 76 104 103
144 90 142 141
283 281 174 173
121 83 118 117
403 401 184 183
122 84 120 119
404 402 190 189
127 85 124 123
413 407 196 195
128 86 126 125
414 408 202 201
138 88 136 135
294 288 206 205
137 87 134 133
293 287 218 217
143 89 140 139
284 282 224 223
149 97 146 145
387 385 232 231
150 98 148 147
388 386 238 237
155 99 152 151
397 391 244 243
156 100 154 153
398 392 250 249
161 101 158 157
347 343 262 261
162 102 160 159
348 344 268 267
167 103 164 163
345 341 274 273
168 104 166 165
346 342 280 279
174 141 170 169
173 142 172 171
205 135 176 175
184 117 1 1
183 118 1 1
190 119 1 1
189 120 1 1
196 123 1 1
195 124 1 1
202 125 198 1
201 126 1 1
206 136 204 203
224 139 1 1
223 140 1 1
217 133 214 213
232 145 1 1
231 146 1 1
238 147 1 1
237 148 1 1
244 151 1 1
243 152 1 1
250 153 1 1
249 154 1 1
218 134 216 215
262 157 1 1
261 158 1 1
268 159 1 1
267 160 1 1
274 163 1 1
273 164 1 1
280 165 1 1
279 166 1 1
-1 198 418 417
-1 169 114 113
-1 170 116 115
-1 171 130 129
-1 172 132 131
-1 418 380 379
