0 0 56 55
0 0 62 61
0 0 76 75
0 0 78 77
0 0 132 131
0 0 136 135
0 0 138 137
0 0 142 141
0 0 168 167
0 0 174 173
0 0 188 187
0 0 190 189
0 0 204 203
0 0 208 207
0 0 210 209
0 0 214 213
0 0 216 215
0 0 222 221
0 0 236 235
0 0 238 237
0 0 292 291
0 0 296 295
0 0 298 297
0 0 302 301
0 0 328 327
0 0 334 333
427 0 350 349
61 55 58 57
77 75 68 67
62 56 60 59
78 76 74 73
135 131 104 103
141 137 106 105
136 132 134 133
142 138 140 139
173 167 170 169
189 187 180 179
174 168 172 171
190 188 186 185
207 203 200 199
213 209 202 201
208 204 206 205
214 210 212 211
221 215 218 217
237 235 228 227
222 216 220 219
238 236 234 233
295 291 264 263
301 297 266 265
296 292 294 293
302 298 300 299
333 327 330 329
349 347 340 339
334 328 332 331
350 348 346 345
67 57 64 63
105 103 84 83
68 58 66 65
106 104 90 89
73 59 70 69
139 133 96 95
74 60 72 71
140 134 102 101
179 169 176 175
201 199 192 191
180 170 178 177
202 200 194 193
185 171 182 181
211 205 196 195
186 172 184 183
212 206 198 197
227 217 224 223
265 263 244 243
228 218 226 225
266 264 250 249
233 219 230 229
299 293 256 255
234 220 232 231
300 294 262 261
339 329 336 335
340 330 338 337
345 331 342 341
346 332 344 343
83 63 80 79
195 181 112 111
84 64 82 81
196 182 118 117
89 65 86 85
197 183 124 123
90 66 88 87
198 184 130 129
95 69 92 91
191 175 148 147
96 70 94 93
192 176 154 153
101 71 98 97
193 177 160 159
102 72 100 99
194 178 166 165
243 223 240 239
355 341 272 271
244 224 242 241
356 342 278 277
249 225 246 245
357 343 284 283
250 226 248 247
358 344 290 289
255 229 252 251
351 335 308 307
256 230 254 253
352 336 314 313
261 231 258 257
353 337 320 319
262 232 260 259
354 338 326 325
159 97 156 155
313 253 310 309
165 99 162 161
277 241 274 273
160 98 158 157
314 254 312 311
111 79 108 107
283 245 280 279
112 80 110 109
284 246 282 281
117 81 114 113
289 247 286 285
118 82 116 115
290 248 288 287
123 85 120 119
271 239 268 267
124 86 122 121
272 240 270 269
129 87 126 125
307 251 304 303
130 88 128 127
308 252 306 305
147 91 144 143
319 257 316 315
148 92 146 145
320 258 318 317
153 93 150 149
325 259 322 321
154 94 152 151
326 260 324 323
166 100 164 163
278 242 276 275
309 155 360 359
310 156 362 361
274 161 368 367
273 162 1 1
312 157 1 1
311 158 1 1
280 107 1 1
279 108 1 1
282 109 1 1
281 110 1 1
286 113 1 1
285 114 1 1
288 115 1 1
287 116 1 1
268 119 1 1
267 120 1 1
270 121 1 1
269 122 1 1
304 125 1 1
303 126 1 1
306 127 1 1
305 128 1 1
316 143 1 1
315 144 1 1
318 145 1 1
317 146 1 1
322 149 1 1
321 150 1 1
324 151 1 1
323 152 1 1
276 163 424 1
275 164 1 1
-1 424 428 427
363 359 352 351
365 360 354 353
364 361 356 355
366 362 358 357
-1 367 364 363
-1 368 366 365
-1 428 348 347
