0 0 -1 55
0 0 -1 57
0 0 -1 61
0 0 -1 62
56 0 -1 59
58 0 -1 60
0 0 -1 65
0 0 -1 67
0 0 -1 71
0 0 -1 72
66 0 -1 69
68 0 -1 70
0 0 -1 79
0 0 -1 80
0 0 -1 85
0 0 -1 86
0 0 -1 87
0 0 -1 89
0 0 -1 93
0 0 -1 94
88 0 -1 91
90 0 -1 92
0 0 -1 97
0 0 -1 99
0 0 -1 103
0 0 -1 104
98 0 -1 101
100 0 -1 102
0 0 -1 111
0 0 -1 112
128 0 -1 117
61 55 -1 56
62 57 -1 58
71 65 -1 66
72 67 -1 68
79 59 -1 63
80 60 -1 64
85 69 -1 73
86 70 -1 74
93 87 -1 88
94 89 -1 90
103 97 -1 98
104 99 -1 100
111 91 -1 95
112 92 -1 96
117 101 -1 105
118 102 -1 106
64 63 76 75
74 73 78 77
96 95 108 107
106 105 110 109
77 75 82 81
110 108 116 115
78 76 84 83
109 107 114 113
116 81 1 1
115 82 1 1
114 83 -1 123
113 84 1 1
-1 123 127 126
129 126 -1 118
-1 127 129 128
