0 0 -1 56
0 0 -1 58
0 0 -1 62
0 0 -1 63
0 0 -1 68
0 0 -1 71
0 0 75 74
0 0 79 78
0 0 -1 118
0 0 -1 121
0 0 123 122
0 0 127 126
0 0 141 140
0 0 143 142
0 0 145 144
0 0 147 146
0 0 -1 200
0 0 -1 203
0 0 207 206
0 0 211 210
0 0 227 226
0 0 229 228
0 0 231 230
0 0 233 232
0 0 277 276
0 0 281 280
0 0 285 284
62 56 -1 57
63 58 -1 59
71 68 70 69
78 74 -1 76
79 75 -1 77
121 118 120 119
126 122 -1 124
127 123 -1 125
142 140 129 128
146 144 133 132
143 141 135 134
147 145 139 138
203 200 202 201
210 206 -1 208
211 207 -1 209
228 226 215 214
232 230 219 218
229 227 221 220
233 231 225 224
280 276 -1 278
281 277 -1 279
284 266 -1 282
285 267 -1 283
59 57 61 60
76 69 -1 72
77 70 -1 73
124 119 88 87
125 120 104 103
132 128 -1 130
133 129 -1 131
138 134 -1 136
139 135 -1 137
209 202 183 182
208 201 205 204
218 214 -1 216
219 215 -1 217
224 220 -1 222
225 221 -1 223
282 278 247 246
283 279 261 260
72 60 65 64
73 61 67 66
130 87 -1 89
131 88 -1 90
136 103 -1 105
137 104 -1 106
183 67 -1 86
223 106 -1 107
217 205 167 166
261 256 -1 194
216 204 213 212
222 182 185 184
250 246 235 234
251 247 239 238
264 260 243 242
89 64 81 80
90 65 83 82
105 66 85 84
240 166 149 148
237 213 155 154
236 212 161 160
241 167 164 163
245 185 173 172
244 184 179 178
-1 86 115 114
-1 107 117 116
194 100 -1 162
252 234 -1 236
254 235 -1 237
257 238 -1 240
259 239 -1 241
253 242 -1 244
255 243 -1 245
148 97 96 95
149 98 102 101
163 99 113 112
101 82 98 97
95 80 92 91
155 91 1 1
154 92 1 1
96 81 94 93
161 93 1 1
160 94 1 1
102 83 100 99
112 84 109 108
173 108 169 1
172 109 1 1
113 85 111 110
178 110 1 1
195 164 -1 165
-1 162 191 190
-1 179 181 180
116 114 187 186
287 115 -1 188
289 117 -1 189
-1 169 267 266
-1 165 193 192
180 176 249 248
181 177 263 262
-1 111 177 176
197 186 269 268
196 187 271 270
192 190 197 196
189 188 273 272
291 191 -1 198
286 248 -1 250
288 249 -1 251
-1 272 253 252
-1 273 255 254
290 262 -1 264
292 263 -1 265
293 193 -1 199
199 198 275 274
-1 268 287 286
-1 269 289 288
-1 270 291 290
-1 271 293 292
265 258 -1 195
-1 274 257 256
-1 275 259 258
