0 0 -1 56
0 0 -1 58
0 0 -1 62
0 0 -1 63
0 0 -1 68
0 0 -1 71
0 0 75 74
0 0 79 78
0 0 -1 122
0 0 -1 125
0 0 127 126
0 0 131 130
0 0 145 144
0 0 147 146
0 0 149 148
0 0 151 150
0 0 -1 190
0 0 -1 193
0 0 199 198
0 0 203 202
0 0 225 224
0 0 227 226
0 0 229 228
0 0 231 230
0 0 285 284
0 0 289 288
0 0 295 294
62 56 -1 57
63 58 -1 59
71 68 70 69
78 74 -1 76
79 75 -1 77
125 122 124 123
130 126 -1 128
131 127 -1 129
146 144 133 132
150 148 137 136
147 145 139 138
151 149 143 142
193 190 192 191
202 198 -1 200
203 199 -1 201
226 224 211 210
230 228 215 214
227 225 217 216
231 229 221 220
288 284 -1 286
289 285 -1 287
294 290 -1 292
295 291 -1 293
59 57 61 60
76 69 -1 72
77 70 -1 73
128 123 89 88
129 124 105 104
136 132 -1 134
137 133 -1 135
142 138 -1 140
143 139 -1 141
200 191 195 194
201 192 197 196
214 210 -1 212
215 211 -1 213
220 216 -1 218
221 217 -1 219
292 286 255 254
293 287 269 268
72 60 65 64
73 61 67 66
134 88 -1 90
135 89 -1 91
140 104 -1 106
141 105 -1 107
213 195 169 168
212 194 205 204
218 196 207 206
219 197 209 208
258 254 233 232
259 255 237 236
272 268 241 240
273 269 245 244
90 64 81 80
91 65 83 82
106 66 85 84
107 67 87 86
238 168 153 152
235 205 159 158
234 204 165 164
239 169 167 166
246 208 175 174
242 206 185 184
207 87 -1 118
260 232 -1 234
262 233 -1 235
264 236 -1 238
266 237 -1 239
261 240 -1 242
263 241 -1 243
265 244 -1 246
267 245 -1 247
-1 209 223 222
152 98 97 96
153 99 103 102
166 100 113 112
167 101 120 119
102 82 99 98
96 80 93 92
159 92 1 1
158 93 1 1
97 81 95 94
165 94 1 1
164 95 1 1
103 83 101 100
112 84 109 108
175 108 1 1
174 109 1 1
-1 85 111 110
119 86 117 116
185 116 1 1
184 117 1 1
243 120 -1 121
-1 247 249 248
-1 118 187 186
248 222 251 250
249 223 253 252
-1 113 115 114
252 178 257 256
253 179 271 270
-1 121 189 188
250 177 281 280
251 176 283 282
114 110 177 176
115 111 179 178
-1 186 275 274
275 187 -1 276
296 256 -1 258
298 257 -1 259
-1 280 261 260
-1 281 263 262
-1 282 265 264
-1 283 267 266
297 270 -1 272
299 271 -1 273
277 274 291 290
-1 188 278 277
278 189 -1 279
279 276 301 300
-1 300 297 296
-1 301 299 298
