0 0 -1 56
0 0 -1 58
0 0 -1 62
0 0 -1 63
0 0 -1 68
0 0 -1 71
0 0 75 74
0 0 79 78
0 0 -1 120
0 0 -1 123
0 0 125 124
0 0 129 128
0 0 143 142
0 0 145 144
0 0 147 146
0 0 149 148
83 0 -1 102
93 0 -1 103
153 0 -1 168
167 0 -1 169
0 0 -1 180
0 0 -1 183
0 0 -1 186
0 0 -1 189
0 0 -1 192
0 0 -1 195
0 0 197 196
0 0 201 200
0 0 211 210
62 56 -1 57
63 58 -1 59
71 68 70 69
78 74 -1 76
79 75 -1 77
123 120 122 121
128 124 -1 126
129 125 -1 127
144 142 131 130
148 146 135 134
145 143 137 136
149 147 141 140
183 180 182 181
103 102 161 160
189 186 188 187
169 168 171 170
195 192 194 193
200 196 -1 198
201 197 -1 199
210 174 205 204
211 175 209 208
59 57 61 60
76 69 -1 72
77 70 -1 73
126 121 89 88
127 122 105 104
134 130 -1 132
135 131 -1 133
140 136 -1 138
141 137 -1 139
199 194 163 162
198 193 177 176
181 160 -1 184
182 161 -1 185
187 170 -1 190
188 171 -1 191
204 154 -1 202
205 155 -1 203
208 156 -1 206
209 157 -1 207
72 60 65 64
73 61 67 66
132 88 -1 90
133 89 -1 91
138 104 -1 106
139 105 -1 107
190 184 151 150
206 162 -1 164
207 163 -1 165
191 185 173 172
202 176 -1 178
203 177 -1 179
90 64 81 80
164 150 99 98
-1 65 83 82
-1 91 93 92
106 66 85 84
178 172 113 112
107 67 87 86
179 173 119 118
-1 151 153 152
-1 165 167 166
99 80 1 1
98 81 1 1
113 84 1 1
112 85 1 1
119 86 115 1
118 87 1 1
92 82 101 100
166 152 159 158
-1 115 175 174
158 100 155 154
159 101 157 156
