0 0 57 56
0 0 61 60
0 0 69 68
0 0 72 71
0 0 89 88
0 0 95 94
0 0 105 104
0 0 109 108
0 0 111 110
0 0 115 114
0 0 139 138
0 0 142 141
0 0 163 162
0 0 169 168
0 0 181 180
0 0 205 204
0 0 207 206
0 0 213 212
0 0 219 218
0 0 225 224
0 0 229 228
0 0 237 236
0 0 239 238
0 0 241 240
0 0 247 246
0 0 257 256
0 0 259 258
68 56 -1 58
71 60 -1 62
78 57 -1 59
81 61 -1 63
94 88 91 90
108 104 99 98
95 89 93 92
114 110 103 102
138 79 -1 80
141 82 -1 83
152 139 -1 140
155 142 -1 143
168 162 165 164
180 178 173 172
169 163 167 166
181 179 177 176
204 69 -1 70
206 72 -1 73
205 153 -1 154
207 156 -1 157
218 212 215 214
109 105 107 106
219 213 217 216
115 111 113 112
236 224 -1 226
238 228 -1 230
237 225 -1 227
239 229 -1 231
246 240 243 242
258 256 251 250
247 241 245 244
259 257 255 254
62 58 65 64
63 59 67 66
98 90 -1 96
99 91 -1 97
102 92 -1 100
103 93 -1 101
83 80 145 144
143 140 147 146
172 164 -1 170
173 165 -1 171
176 166 -1 174
177 167 -1 175
73 70 209 208
157 154 211 210
214 106 -1 220
215 107 -1 221
216 112 -1 222
217 113 -1 223
230 226 233 232
231 227 235 234
250 242 -1 248
251 243 -1 249
254 244 -1 252
255 245 -1 253
96 64 75 74
252 234 121 120
97 65 77 76
253 235 127 126
100 66 85 84
248 232 133 132
101 67 87 86
249 233 137 136
170 144 149 148
222 210 187 186
171 145 151 150
223 211 193 192
174 146 159 158
220 208 199 198
175 147 161 160
221 209 203 202
-1 87 79 78
-1 137 82 81
-1 161 153 152
-1 203 156 155
120 74 117 116
186 148 183 182
121 75 119 118
187 149 185 184
126 76 123 122
192 150 189 188
127 77 125 124
193 151 191 190
132 84 129 128
198 158 195 194
133 85 131 130
199 159 197 196
136 86 135 134
202 160 201 200
183 116 1 1
182 117 1 1
185 118 1 1
184 119 1 1
189 122 1 1
188 123 1 1
191 124 1 1
190 125 1 1
195 128 1 1
194 129 1 1
197 130 1 1
196 131 1 1
201 134 285 1
200 135 1 1
-1 285 179 178
