0 0 -1 56
0 0 -1 58
0 0 -1 62
0 0 -1 63
0 0 -1 66
0 0 -1 68
0 0 -1 72
0 0 -1 73
0 0 -1 86
0 0 -1 88
0 0 -1 92
0 0 -1 93
0 0 -1 98
0 0 -1 100
0 0 -1 104
0 0 -1 105
94 0 -1 112
96 0 -1 114
95 0 -1 113
97 0 -1 115
106 0 -1 118
108 0 -1 120
107 0 -1 119
109 0 -1 121
0 0 -1 122
0 0 -1 123
0 0 -1 124
0 0 -1 125
0 0 -1 126
0 0 -1 127
85 0 -1 128
84 0 -1 129
62 56 -1 57
63 58 -1 59
72 66 -1 67
73 68 -1 69
122 112 -1 76
123 114 -1 77
124 118 -1 82
125 120 -1 83
92 86 -1 87
93 88 -1 89
104 98 -1 99
105 100 -1 101
126 113 -1 110
127 115 -1 111
128 119 -1 116
129 121 -1 117
76 57 -1 60
77 59 -1 61
82 67 -1 70
83 69 -1 71
110 87 -1 90
111 89 -1 91
116 99 -1 102
117 101 -1 103
61 60 65 64
71 70 75 74
-1 90 95 94
-1 91 97 96
-1 102 107 106
-1 103 109 108
75 64 79 1
74 65 1 1
-1 79 85 84
