60 0 -1 56
62 0 -1 58
76 0 -1 72
78 0 -1 74
64 0 -1 68
66 0 -1 70
80 0 -1 84
82 0 -1 86
0 0 113 112
0 0 115 114
0 0 -1 140
0 0 -1 141
0 0 -1 144
0 0 -1 145
0 0 177 176
0 0 181 180
0 0 183 182
0 0 187 186
0 0 -1 214
0 0 -1 216
0 0 -1 220
0 0 -1 221
0 0 -1 226
0 0 -1 229
0 0 237 236
0 0 255 254
0 0 257 256
0 0 319 318
0 0 321 320
261 0 -1 304
306 0 -1 307
327 0 -1 328
330 0 -1 331
61 56 -1 57
63 58 -1 59
77 72 -1 73
79 74 -1 75
142 140 -1 88
143 141 -1 89
146 144 -1 90
147 145 -1 91
68 65 -1 69
70 67 -1 71
84 81 -1 85
86 83 -1 87
114 112 105 104
115 113 111 110
180 176 149 148
186 182 151 150
181 177 179 178
187 183 185 184
220 214 -1 215
221 216 -1 217
229 226 228 227
236 232 -1 234
237 233 -1 235
256 254 243 242
257 255 249 248
320 318 301 300
321 319 306 305
-1 304 323 322
-1 307 325 324
-1 328 339 338
-1 331 341 340
-1 88 61 60
-1 89 63 62
-1 57 65 64
-1 59 67 66
-1 90 77 76
-1 91 79 78
-1 73 81 80
-1 75 83 82
71 69 93 92
87 85 95 94
104 96 101 100
150 148 121 120
105 97 103 102
151 149 127 126
110 98 107 106
184 178 133 132
111 99 109 108
185 179 139 138
217 215 219 218
234 227 -1 230
235 228 -1 231
242 222 239 238
243 223 241 240
248 224 245 244
249 225 247 246
-1 322 283 282
-1 324 286 285
-1 338 289 288
-1 340 292 291
301 259 299 298
300 258 297 296
305 260 303 302
323 283 -1 284
325 286 -1 287
339 289 -1 290
341 292 -1 293
94 92 97 96
95 93 99 98
282 250 -1 142
285 252 -1 143
288 251 -1 146
291 253 -1 147
120 100 117 116
121 101 119 118
126 102 123 122
127 103 125 124
132 106 129 128
133 107 131 130
138 108 135 134
139 109 137 136
230 218 223 222
231 219 225 224
332 298 295 294
280 246 277 276
262 238 259 258
263 239 261 260
268 240 265 264
333 302 309 308
269 241 267 266
335 303 311 310
281 247 279 278
334 299 313 312
274 244 271 270
326 296 315 314
275 245 273 272
329 297 317 316
287 284 337 336
293 290 343 342
157 116 1 1
156 117 1 1
310 266 157 156
163 118 1 1
162 119 1 1
311 267 163 162
169 122 1 1
168 123 1 1
308 264 169 168
175 124 1 1
174 125 1 1
309 265 175 174
193 128 1 1
192 129 1 1
316 272 193 192
199 130 1 1
198 131 1 1
317 273 199 198
204 134 1 1
314 270 205 204
213 136 1 1
212 137 1 1
315 271 213 212
-1 135 203 202
294 276 263 262
295 277 269 268
312 278 275 274
313 279 281 280
343 336 345 344
342 337 347 346
206 202 233 232
-1 205 207 206
-1 203 251 250
-1 344 327 326
-1 345 330 329
-1 346 333 332
-1 347 335 334
-1 207 253 252
