0 0 57 56
0 0 63 62
0 0 77 76
0 0 79 78
0 0 133 132
0 0 137 136
0 0 139 138
0 0 143 142
0 0 295 294
0 0 299 298
0 0 301 300
0 0 305 304
0 0 307 306
0 0 311 310
0 0 313 312
0 0 317 316
0 0 391 390
0 0 395 394
0 0 409 408
0 0 -1 416
0 0 -1 419
0 0 421 420
0 0 425 424
0 0 -1 432
0 0 -1 435
0 0 437 436
0 0 441 440
62 56 59 58
78 76 69 68
63 57 61 60
79 77 75 74
136 132 105 104
142 138 107 106
137 133 135 134
143 139 141 140
298 294 195 194
304 300 199 198
310 306 201 200
316 312 205 204
299 295 297 296
305 301 303 302
311 307 309 308
317 313 315 314
394 390 387 386
408 404 389 388
395 391 393 392
409 405 407 406
419 416 418 417
424 420 -1 422
425 421 -1 423
435 432 434 433
440 436 -1 438
441 437 -1 439
68 58 65 64
106 104 85 84
69 59 67 66
107 105 91 90
74 60 71 70
140 134 97 96
75 61 73 72
141 135 102 101
198 194 167 166
204 200 169 168
199 195 197 196
205 201 203 202
303 297 271 270
315 309 275 274
399 387 285 284
402 389 289 288
410 392 323 322
406 401 327 326
411 393 337 336
407 403 341 340
302 296 347 346
314 308 353 352
422 417 355 354
438 433 359 358
397 386 369 368
400 388 371 370
418 375 -1 412
423 377 -1 413
439 434 429 428
84 64 81 80
168 166 113 112
85 65 83 82
169 167 119 118
90 66 87 86
202 196 125 124
91 67 89 88
203 197 131 130
96 70 93 92
97 71 95 94
101 72 99 98
271 73 -1 100
275 102 -1 103
285 257 -1 258
289 247 -1 259
326 322 319 318
327 323 325 324
340 336 333 332
341 337 339 338
396 354 -1 356
398 355 -1 357
362 358 -1 360
363 359 -1 361
353 347 351 350
371 369 365 364
352 346 349 348
370 368 367 366
274 270 273 272
288 284 287 286
413 412 427 426
428 378 -1 430
429 379 -1 431
112 80 109 108
320 318 175 174
113 81 111 110
321 319 181 180
118 82 115 114
328 324 187 186
119 83 117 116
329 325 193 192
124 86 121 120
334 332 211 210
125 87 123 122
335 333 217 216
130 88 127 126
342 338 223 222
131 89 129 128
343 339 229 228
360 356 231 230
148 92 145 144
366 348 239 238
149 93 147 146
367 349 245 244
154 94 151 150
364 350 249 248
155 95 153 152
365 351 255 254
361 357 257 256
273 99 -1 158
287 160 -1 161
159 98 157 156
286 272 269 268
-1 100 163 162
-1 103 165 164
-1 258 281 280
-1 259 283 282
430 426 331 330
431 427 345 344
232 230 149 148
233 231 155 154
256 246 160 159
175 108 1 1
174 109 1 1
181 110 1 1
180 111 1 1
187 114 1 1
186 115 1 1
193 116 1 1
192 117 1 1
211 120 1 1
210 121 1 1
217 122 1 1
216 123 1 1
223 126 1 1
222 127 1 1
229 128 1 1
228 129 1 1
248 150 233 232
239 144 1 1
238 145 1 1
245 146 1 1
244 147 1 1
249 151 247 246
269 156 1 1
268 157 1 1
330 250 321 320
254 152 251 250
331 251 329 328
344 252 335 334
255 153 253 252
345 253 343 342
164 162 277 276
282 280 291 290
165 163 279 278
283 281 293 292
-1 158 261 260
-1 161 263 262
292 278 363 362
290 276 373 372
-1 277 375 374
-1 291 377 376
381 261 -1 382
384 263 -1 385
-1 260 381 380
-1 262 384 383
293 279 379 378
-1 372 397 396
-1 373 399 398
383 380 405 404
376 374 411 410
385 382 415 414
-1 414 401 400
-1 415 403 402
