60 0 -1 56
62 0 -1 58
74 0 -1 70
76 0 -1 72
116 0 -1 112
118 0 -1 114
130 0 -1 126
132 0 -1 128
0 0 -1 148
0 0 -1 149
0 0 -1 150
0 0 -1 151
0 0 -1 152
0 0 -1 153
143 0 -1 154
145 0 -1 155
0 0 -1 156
0 0 -1 157
0 0 -1 158
0 0 -1 159
0 0 -1 160
0 0 -1 161
0 0 -1 162
0 0 -1 163
0 0 165 164
0 0 169 168
0 0 171 170
0 0 175 174
0 0 -1 176
0 0 -1 177
0 0 -1 178
0 0 -1 179
61 56 -1 57
63 58 -1 59
75 70 -1 71
77 72 -1 73
148 104 -1 84
149 105 -1 85
150 108 -1 86
151 109 -1 87
158 156 -1 88
159 157 -1 89
162 160 -1 96
163 161 -1 97
117 112 -1 113
119 114 -1 115
131 126 -1 127
133 128 -1 129
152 92 -1 106
153 95 -1 107
154 100 -1 110
155 103 -1 111
178 176 -1 140
179 177 -1 141
168 164 -1 166
169 165 -1 167
174 170 -1 172
175 171 -1 173
-1 84 61 60
-1 85 63 62
88 57 -1 64
89 59 -1 65
-1 86 75 74
-1 87 77 76
96 71 -1 78
97 73 -1 79
-1 106 117 116
-1 107 119 118
140 113 -1 120
141 115 -1 121
-1 110 131 130
-1 111 133 132
129 127 135 134
172 166 -1 146
173 167 -1 147
-1 64 67 66
-1 65 69 68
-1 78 81 80
-1 79 83 82
147 134 1 1
146 135 1 1
-1 120 123 122
-1 121 125 124
-1 66 91 90
-1 68 94 93
90 67 -1 92
93 69 -1 95
-1 80 99 98
-1 82 102 101
98 81 -1 100
101 83 -1 103
123 99 -1 108
125 102 -1 109
-1 122 143 142
-1 124 145 144
142 91 -1 104
144 94 -1 105
