0 0 57 56
0 0 63 62
0 0 77 76
0 0 79 78
0 0 133 132
0 0 137 136
0 0 139 138
0 0 143 142
0 0 273 272
0 0 275 274
0 0 277 276
0 0 279 278
0 0 363 362
0 0 367 366
0 0 369 368
0 0 373 372
0 0 375 374
0 0 379 378
0 0 381 380
0 0 385 384
0 0 387 386
0 0 391 390
0 0 393 392
0 0 397 396
0 0 399 398
0 0 403 402
0 0 407 406
62 56 59 58
78 76 69 68
63 57 61 60
79 77 75 74
136 132 105 104
142 138 107 106
137 133 135 134
143 139 141 140
274 272 195 194
278 276 199 198
275 273 259 258
279 277 263 262
366 362 347 346
372 368 349 348
378 374 351 350
384 380 353 352
390 386 355 354
396 392 357 356
402 398 359 358
406 344 361 360
367 363 365 364
373 369 371 370
379 375 377 376
385 381 383 382
391 387 389 388
397 393 395 394
403 399 401 400
407 345 405 404
68 58 65 64
106 104 85 84
69 59 67 66
107 105 91 90
74 60 71 70
140 134 97 96
75 61 73 72
141 135 103 102
198 194 169 168
199 195 197 196
262 258 233 232
263 259 261 260
370 364 285 284
382 376 289 288
394 388 291 290
404 400 295 294
371 365 301 300
383 377 305 304
395 389 307 306
405 401 311 310
348 346 317 316
352 350 321 320
356 354 323 322
360 358 327 326
349 347 333 332
353 351 337 336
357 355 339 338
361 359 343 342
84 64 81 80
200 168 113 112
85 65 83 82
201 169 119 118
90 66 87 86
228 196 125 124
91 67 89 88
229 197 131 130
96 70 93 92
264 232 149 148
97 71 95 94
265 233 155 154
102 72 99 98
268 260 161 160
103 73 101 100
269 261 167 166
288 284 281 280
294 290 283 282
289 285 287 286
295 291 293 292
304 300 297 296
310 306 299 298
305 301 303 302
311 307 309 308
320 316 313 312
326 322 315 314
336 332 329 328
342 338 331 330
337 333 335 334
343 339 341 340
321 317 319 318
327 323 325 324
112 80 109 108
282 280 175 174
113 81 111 110
283 281 181 180
118 82 115 114
292 286 187 186
119 83 117 116
293 287 193 192
166 100 163 162
314 312 203 202
124 86 121 120
298 296 209 208
125 87 123 122
299 297 215 214
130 88 127 126
308 302 221 220
131 89 129 128
309 303 227 226
167 101 165 164
315 313 231 230
148 92 145 144
330 328 239 238
149 93 147 146
331 329 245 244
154 94 151 150
340 334 251 250
155 95 153 152
341 335 257 256
160 98 157 156
324 318 267 266
161 99 159 158
325 319 271 270
175 108 1 1
174 109 1 1
181 110 1 1
180 111 1 1
187 114 1 1
186 115 1 1
193 116 1 1
192 117 1 1
202 162 -1 200
203 163 -1 201
209 120 1 1
208 121 1 1
215 122 1 1
214 123 1 1
221 126 1 1
220 127 1 1
227 128 1 1
226 129 1 1
230 164 -1 228
231 165 -1 229
239 144 1 1
238 145 1 1
245 146 1 1
244 147 1 1
251 150 1 1
250 151 1 1
257 152 253 1
256 153 1 1
266 156 -1 264
267 157 -1 265
270 158 -1 268
271 159 -1 269
-1 253 345 344
