60 0 -1 56
62 0 -1 58
74 0 -1 70
77 0 -1 73
127 0 -1 122
129 0 -1 125
0 0 133 132
0 0 -1 142
0 0 -1 143
0 0 147 146
0 0 151 150
0 0 -1 204
0 0 -1 207
0 0 211 210
0 0 215 214
0 0 -1 216
0 0 -1 219
0 0 223 222
0 0 227 226
0 0 -1 228
0 0 -1 231
0 0 233 232
0 0 237 236
0 0 251 250
0 0 253 252
0 0 255 254
0 0 257 256
0 0 269 268
0 0 271 270
0 0 273 272
61 56 -1 57
63 58 -1 59
73 70 72 71
144 142 -1 80
145 143 -1 81
125 122 124 123
135 132 -1 130
137 133 -1 131
150 146 -1 148
151 147 -1 149
268 262 157 156
272 270 161 160
269 263 167 166
273 271 171 170
207 204 206 205
214 210 -1 212
215 211 -1 213
219 216 218 217
226 222 -1 224
227 223 -1 225
231 228 230 229
236 232 -1 234
237 233 -1 235
252 250 239 238
256 254 243 242
253 251 245 244
257 255 249 248
-1 80 61 60
-1 81 63 62
59 57 65 64
75 71 -1 76
78 72 -1 79
152 148 -1 82
153 149 -1 83
130 123 92 91
131 124 108 107
160 156 -1 158
161 157 -1 159
170 166 -1 168
171 167 -1 169
235 230 189 188
234 229 201 200
212 205 -1 208
213 206 -1 209
224 217 -1 220
225 218 -1 221
242 238 -1 240
243 239 -1 241
248 244 -1 246
249 245 -1 247
-1 82 75 74
-1 83 78 77
76 64 67 66
79 65 69 68
126 91 -1 93
128 92 -1 94
134 107 -1 109
136 108 -1 110
164 158 -1 138
165 159 -1 139
174 168 -1 140
175 169 -1 141
220 208 177 176
246 188 -1 190
247 189 -1 191
221 209 195 194
240 200 -1 202
241 201 -1 203
93 66 85 84
190 176 102 101
-1 67 87 86
-1 94 96 95
195 69 -1 90
203 109 -1 111
110 68 89 88
202 194 121 120
-1 138 127 126
-1 139 129 128
-1 140 135 134
-1 141 137 136
-1 177 179 178
-1 191 193 192
102 84 1 1
101 85 1 1
121 88 1 1
120 89 1 1
95 86 104 103
192 178 185 184
96 87 106 105
193 179 187 186
-1 90 113 112
-1 111 115 114
114 112 155 154
186 105 163 162
187 106 173 172
185 103 181 180
184 104 183 182
-1 113 197 196
-1 115 199 198
258 197 -1 144
260 199 -1 145
264 154 -1 152
266 155 -1 153
259 162 -1 164
261 163 -1 165
265 172 -1 174
267 173 -1 175
-1 180 259 258
-1 181 261 260
-1 182 265 264
-1 183 267 266
198 196 263 262
