0 0 -1 57
0 0 -1 59
0 0 -1 63
0 0 -1 64
0 0 -1 69
0 0 -1 72
0 0 76 75
0 0 80 79
0 0 -1 121
0 0 -1 124
0 0 126 125
0 0 130 129
0 0 144 143
0 0 146 145
0 0 148 147
0 0 150 149
0 0 -1 194
0 0 -1 197
0 0 203 202
0 0 207 206
0 0 227 226
0 0 229 228
0 0 231 230
0 0 233 232
0 0 279 278
0 0 283 282
302 0 285 284
0 0 289 288
63 57 -1 58
64 59 -1 60
72 69 71 70
79 75 -1 77
80 76 -1 78
124 121 123 122
129 125 -1 127
130 126 -1 128
145 143 132 131
149 147 136 135
146 144 138 137
150 148 142 141
197 194 196 195
206 202 -1 204
207 203 -1 205
228 226 215 214
232 230 219 218
229 227 221 220
233 231 225 224
282 278 -1 280
283 279 -1 281
288 284 -1 286
289 285 -1 287
60 58 62 61
77 70 -1 73
78 71 -1 74
127 122 90 89
128 123 106 105
135 131 -1 133
136 132 -1 134
141 137 -1 139
142 138 -1 140
204 195 199 198
205 196 201 200
218 214 -1 216
219 215 -1 217
224 220 -1 222
225 221 -1 223
286 280 259 258
287 281 265 264
73 61 66 65
74 62 68 67
133 89 -1 91
134 90 -1 92
139 105 -1 107
140 106 -1 108
217 199 168 167
216 198 209 208
222 200 211 210
223 201 213 212
260 258 235 234
261 259 241 240
266 264 247 246
267 265 253 252
91 65 82 81
92 66 84 83
107 67 86 85
108 68 88 87
242 167 152 151
237 209 158 157
236 208 164 163
243 168 166 165
255 213 173 172
254 212 179 178
248 210 189 188
211 88 -1 117
238 234 -1 236
239 235 -1 237
244 240 -1 242
245 241 -1 243
250 246 -1 248
251 247 -1 249
256 252 -1 254
257 253 -1 255
151 99 98 97
152 100 104 103
165 101 114 113
166 102 119 118
103 83 100 99
97 81 94 93
158 93 1 1
157 94 1 1
98 82 96 95
164 95 1 1
163 96 1 1
104 84 102 101
113 85 110 109
173 109 -1 169
172 110 1 1
114 86 112 111
118 87 116 115
189 115 1 1
188 116 1 1
249 119 -1 120
-1 178 181 180
-1 179 183 182
-1 117 191 190
-1 169 277 276
180 174 239 238
182 176 245 244
181 175 251 250
183 177 257 256
-1 111 175 174
-1 112 177 176
-1 120 193 192
271 191 -1 272
-1 190 271 270
301 276 -1 300
-1 277 302 301
274 193 -1 275
275 272 295 294
273 270 297 296
-1 192 274 273
-1 300 299 298
298 296 263 262
299 297 269 268
-1 294 291 290
-1 295 293 292
290 262 -1 260
292 263 -1 261
291 268 -1 266
293 269 -1 267
