0 0 58 57
0 0 62 61
0 0 70 69
0 0 73 72
0 0 80 79
0 0 83 82
0 0 90 89
0 0 96 95
0 0 106 105
0 0 110 109
301 0 112 111
0 0 116 115
0 0 142 141
0 0 146 145
0 0 166 165
0 0 172 171
0 0 206 205
0 0 208 207
0 0 214 213
0 0 220 219
0 0 226 225
0 0 230 229
0 0 238 237
0 0 240 239
0 0 242 241
0 0 248 247
0 0 258 257
0 0 260 259
69 57 -1 59
72 61 -1 63
79 58 -1 60
82 62 -1 64
95 89 92 91
109 105 100 99
96 90 94 93
115 111 104 103
153 141 -1 143
155 145 -1 147
154 142 -1 144
156 146 -1 148
171 165 168 167
172 166 170 169
205 70 -1 71
207 73 -1 74
206 80 -1 81
208 83 -1 84
219 213 216 215
110 106 108 107
220 214 218 217
116 112 114 113
237 225 -1 227
239 229 -1 231
238 226 -1 228
240 230 -1 232
247 241 244 243
259 257 252 251
248 242 246 245
260 258 256 255
63 59 66 65
64 60 68 67
99 91 -1 97
100 92 -1 98
103 93 -1 101
104 94 -1 102
147 143 150 149
148 144 152 151
175 167 -1 173
176 168 -1 174
179 169 -1 177
180 170 -1 178
74 71 210 209
84 81 212 211
215 107 -1 221
216 108 -1 222
217 113 -1 223
218 114 -1 224
231 227 234 233
232 228 236 235
251 243 -1 249
252 244 -1 250
255 245 -1 253
256 246 -1 254
97 65 76 75
253 235 122 121
98 66 78 77
254 236 128 127
101 67 86 85
249 233 134 133
102 68 88 87
250 234 139 138
173 149 158 157
223 211 188 187
174 150 160 159
224 212 194 193
177 151 162 161
221 209 200 199
178 152 164 163
222 210 204 203
121 75 118 117
187 157 184 183
122 76 120 119
188 158 186 185
127 77 124 123
193 159 190 189
128 78 126 125
194 160 192 191
133 85 130 129
199 161 196 195
134 86 132 131
200 162 198 197
164 88 -1 137
204 139 -1 140
138 87 136 135
203 163 202 201
184 117 1 1
183 118 1 1
186 119 1 1
185 120 1 1
190 123 1 1
189 124 1 1
192 125 1 1
191 126 1 1
196 129 1 1
195 130 1 1
198 131 1 1
197 132 1 1
202 135 296 1
201 136 1 1
-1 137 292 291
-1 140 294 293
-1 296 302 301
292 264 -1 261
294 266 -1 262
293 291 300 299
-1 302 182 181
-1 261 154 153
-1 262 156 155
-1 299 264 263
-1 300 266 265
263 181 176 175
265 182 180 179
