0 0 -1 57
0 0 -1 59
0 0 -1 63
0 0 -1 64
0 0 -1 67
0 0 -1 69
0 0 -1 73
0 0 -1 74
0 0 -1 98
0 0 -1 100
0 0 -1 104
0 0 -1 106
0 0 -1 108
0 0 -1 109
0 0 -1 114
0 0 -1 115
0 0 -1 116
0 0 -1 117
0 0 -1 118
0 0 -1 119
0 0 -1 120
0 0 -1 121
0 0 -1 128
132 0 -1 129
0 0 -1 102
0 0 -1 103
0 0 -1 122
0 0 -1 123
63 57 -1 58
64 59 -1 60
73 67 -1 68
74 69 -1 70
116 114 -1 78
117 115 -1 79
120 118 -1 84
121 119 -1 85
108 104 -1 105
109 106 -1 107
128 90 -1 112
129 93 -1 113
102 98 -1 99
103 100 -1 101
124 122 -1 110
125 123 -1 111
78 58 -1 61
79 60 -1 62
84 68 -1 71
85 70 -1 72
112 105 -1 86
113 107 -1 87
110 99 -1 94
111 101 -1 95
86 61 -1 65
87 62 -1 66
95 71 -1 75
94 72 1 1
-1 75 97 96
-1 65 81 80
-1 66 83 82
131 96 -1 130
-1 97 132 131
88 81 -1 90
91 83 -1 93
-1 80 89 88
-1 82 92 91
-1 130 127 126
126 89 -1 124
127 92 -1 125
