0 0 -1 57
0 0 -1 59
0 0 -1 63
0 0 -1 64
0 0 -1 69
0 0 -1 72
0 0 76 75
0 0 80 79
0 0 -1 113
0 0 -1 116
0 0 118 117
0 0 122 121
0 0 138 137
0 0 200 199
0 0 206 205
0 0 220 219
0 0 222 221
0 0 276 275
0 0 280 279
0 0 282 281
0 0 286 285
0 0 386 385
0 0 390 389
0 0 394 393
0 0 396 395
0 0 402 401
0 0 404 403
383 0 408 407
63 57 -1 58
64 59 -1 60
72 69 71 70
79 75 -1 77
80 76 -1 78
116 113 115 114
121 117 -1 119
122 118 -1 120
140 137 126 125
142 138 130 129
205 199 202 201
221 219 212 211
206 200 204 203
222 220 218 217
279 275 248 247
285 281 250 249
280 276 278 277
286 282 284 283
390 386 364 363
396 394 368 367
404 402 370 369
408 406 374 373
389 385 388 387
395 393 392 391
403 401 398 397
407 405 400 399
60 58 62 61
77 70 -1 73
78 71 -1 74
119 114 90 89
120 115 102 101
131 125 -1 123
133 126 -1 124
132 129 -1 127
134 130 -1 128
211 201 208 207
249 247 228 227
212 202 210 209
250 248 234 233
217 203 214 213
283 277 240 239
218 204 216 215
284 278 246 245
367 363 356 355
373 369 358 357
391 387 360 359
399 397 362 361
368 364 366 365
374 370 372 371
392 388 380 379
400 398 382 381
73 61 66 65
74 62 68 67
123 89 -1 91
124 90 -1 92
127 101 -1 103
128 102 -1 104
357 355 152 151
358 356 158 157
372 366 168 167
371 365 174 173
362 360 180 179
361 359 186 185
382 380 192 191
381 379 197 196
227 207 224 223
228 208 226 225
233 209 230 229
234 210 232 231
239 213 236 235
240 214 238 237
245 215 242 241
246 216 244 243
91 65 82 81
92 66 84 83
103 67 86 85
104 68 88 87
255 223 252 251
151 93 148 147
256 224 254 253
152 94 150 149
261 225 258 257
157 95 154 153
262 226 260 259
158 96 156 155
267 229 264 263
185 107 182 181
268 230 266 265
186 108 184 183
273 231 270 269
179 105 176 175
274 232 272 271
180 106 178 177
291 235 288 287
173 99 170 169
292 236 290 289
174 100 172 171
297 237 294 293
167 97 164 163
298 238 296 295
168 98 166 165
242 112 -1 195
302 197 -1 198
301 241 300 299
196 111 194 193
307 243 304 303
191 109 188 187
308 244 306 305
192 110 190 189
143 81 94 93
145 82 96 95
159 83 98 97
161 84 100 99
144 85 106 105
146 86 108 107
160 87 110 109
162 88 112 111
251 147 256 255
252 148 262 261
253 149 268 267
254 150 274 273
257 153 292 291
258 154 298 297
259 155 302 301
260 156 308 307
263 182 1 1
264 181 1 1
265 184 1 1
266 183 1 1
269 176 1 1
270 175 1 1
271 178 1 1
272 177 1 1
287 170 1 1
288 169 1 1
289 172 1 1
290 171 1 1
293 164 1 1
294 163 1 1
295 166 1 1
296 165 1 1
198 195 342 341
299 194 1 1
300 193 1 1
303 188 348 347
304 187 350 349
305 190 352 1
306 189 1 1
-1 352 384 383
-1 347 144 143
-1 348 146 145
-1 349 160 159
-1 350 162 161
-1 341 376 375
-1 342 378 377
-1 384 406 405
375 139 -1 135
377 141 -1 136
-1 376 140 139
-1 378 142 141
-1 135 132 131
-1 136 134 133
