0 0 -1 57
0 0 -1 59
0 0 -1 63
0 0 -1 64
0 0 -1 69
0 0 -1 72
0 0 76 75
0 0 80 79
0 0 -1 121
0 0 -1 124
0 0 126 125
0 0 130 129
0 0 144 143
0 0 146 145
0 0 148 147
0 0 150 149
0 0 182 181
0 0 278 277
0 0 282 281
0 0 284 283
0 0 288 287
0 0 350 349
0 0 354 353
0 0 356 355
0 0 360 359
0 0 366 365
0 0 370 369
401 0 376 375
63 57 -1 58
64 59 -1 60
72 69 71 70
79 75 -1 77
80 76 -1 78
124 121 123 122
129 125 -1 127
130 126 -1 128
145 143 132 131
149 147 136 135
146 144 138 137
150 148 142 141
389 181 152 151
391 182 184 183
281 277 244 243
287 283 246 245
353 349 260 259
359 355 264 263
369 365 266 265
375 371 270 269
282 278 280 279
288 284 286 285
354 350 352 351
360 356 358 357
370 366 368 367
376 372 374 373
60 58 62 61
77 70 -1 73
78 71 -1 74
127 122 90 89
177 151 98 97
179 152 104 103
128 123 106 105
183 178 114 113
184 180 120 119
135 131 -1 133
136 132 -1 134
141 137 -1 139
142 138 -1 140
245 243 212 211
246 244 228 227
285 279 230 229
286 280 232 231
263 259 234 233
269 265 238 237
264 260 262 261
270 266 268 267
357 351 378 377
373 367 382 381
358 352 398 397
374 368 400 399
73 61 66 65
74 62 68 67
133 89 -1 91
134 90 -1 92
139 105 -1 107
140 106 -1 108
97 81 94 93
229 217 158 157
98 82 96 95
230 218 164 163
103 83 100 99
231 219 170 169
104 84 102 101
232 220 176 175
113 85 110 109
211 209 190 189
114 86 112 111
212 210 196 195
119 87 116 115
227 213 202 201
120 88 118 117
228 214 207 206
237 233 224 223
238 234 236 235
381 377 272 271
267 261 362 361
268 262 364 363
382 378 380 379
400 398 394 393
399 397 396 395
91 65 82 81
92 66 84 83
107 67 86 85
108 68 88 87
189 109 186 185
225 223 216 215
190 110 188 187
226 224 222 221
163 95 160 159
275 271 242 241
195 111 192 191
240 236 252 251
196 112 194 193
239 235 258 257
201 115 198 197
363 323 294 293
202 116 200 199
364 324 300 299
362 118 -1 205
322 207 -1 208
206 117 204 203
361 321 310 309
157 93 154 153
379 311 314 313
158 94 156 155
380 312 320 319
164 96 162 161
276 272 274 273
169 99 166 165
395 317 330 329
170 100 168 167
396 318 336 335
175 101 172 171
393 315 342 341
176 102 174 173
394 316 348 347
216 186 210 209
241 159 226 225
215 185 214 213
221 187 218 217
222 188 220 219
252 191 1 1
251 192 1 1
258 193 1 1
257 194 1 1
242 160 240 239
313 153 276 275
294 197 1 1
293 198 1 1
300 199 1 1
299 200 1 1
310 203 1 1
309 204 1 1
330 165 1 1
329 166 1 1
336 167 1 1
335 168 1 1
342 171 1 1
341 172 1 1
348 173 344 1
347 174 1 1
273 161 322 321
274 162 324 323
-1 205 302 301
-1 208 304 303
314 154 312 311
319 155 316 315
320 156 318 317
-1 344 402 401
303 301 384 383
390 302 -1 385
392 304 -1 386
-1 402 372 371
386 385 388 387
-1 383 390 389
-1 384 392 391
-1 387 178 177
-1 388 180 179
