0 0 -1 57
0 0 -1 60
0 0 66 65
0 0 70 69
0 0 116 115
0 0 118 117
0 0 120 119
0 0 122 121
0 0 152 151
0 0 156 155
0 0 158 157
0 0 162 161
0 0 313 312
0 0 315 314
0 0 317 316
0 0 319 318
0 0 321 320
0 0 323 322
0 0 325 324
0 0 327 326
0 0 -1 368
0 0 -1 371
0 0 377 376
0 0 381 380
0 0 395 394
0 0 397 396
418 0 399 398
0 0 401 400
60 57 59 58
69 65 -1 67
70 66 -1 68
117 115 80 79
121 119 84 83
118 116 98 97
122 120 102 101
155 151 124 123
161 157 126 125
156 152 154 153
162 158 160 159
314 312 216 215
318 316 220 219
322 320 222 221
326 324 226 225
315 313 280 279
319 317 284 283
323 321 286 285
327 325 290 289
371 368 370 369
380 376 -1 378
381 377 -1 379
396 394 383 382
400 398 387 386
397 395 389 388
401 399 393 392
67 58 62 61
68 59 64 63
83 79 -1 81
84 80 -1 82
125 123 90 89
126 124 96 95
101 97 -1 99
102 98 -1 100
159 153 108 107
160 154 114 113
219 215 188 187
225 221 190 189
220 216 218 217
226 222 224 223
283 279 252 251
289 285 254 253
284 280 282 281
290 286 288 287
378 369 373 372
379 370 375 374
386 382 -1 384
387 383 -1 385
392 388 -1 390
393 389 -1 391
81 61 72 71
82 62 74 73
99 63 76 75
100 64 78 77
89 71 86 85
189 187 132 131
90 72 88 87
190 188 138 137
95 73 92 91
223 217 144 143
96 74 94 93
224 218 150 149
107 75 104 103
253 251 168 167
108 76 106 105
254 252 174 173
113 77 110 109
287 281 180 179
114 78 112 111
288 282 185 184
390 374 337 336
391 375 349 348
384 372 353 352
385 373 357 356
338 336 329 328
339 337 331 330
351 349 333 332
350 348 335 334
355 353 341 340
354 352 343 342
359 357 345 344
358 356 347 346
131 85 128 127
132 86 130 129
137 87 134 133
138 88 136 135
143 91 140 139
144 92 142 141
149 93 146 145
150 94 148 147
167 103 164 163
168 104 166 165
173 105 170 169
174 106 172 171
179 109 176 175
180 110 178 177
210 112 -1 183
345 185 -1 186
184 111 182 181
328 193 196 195
329 194 202 201
330 191 208 207
331 192 214 213
334 199 232 231
335 200 238 237
332 197 244 243
333 198 250 249
342 205 260 259
343 206 266 265
340 203 272 271
341 204 278 277
346 211 296 295
347 212 302 301
344 209 311 310
232 139 1 1
231 140 1 1
238 141 1 1
237 142 1 1
244 145 1 1
243 146 1 1
250 147 1 1
249 148 1 1
260 163 1 1
259 164 1 1
266 165 1 1
265 166 1 1
272 169 1 1
271 170 1 1
278 171 1 1
277 172 1 1
296 175 1 1
295 176 1 1
302 177 1 1
301 178 1 1
311 181 -1 307
310 182 1 1
196 128 194 193
195 127 192 191
201 129 198 197
202 130 200 199
207 133 204 203
208 134 206 205
213 135 210 209
214 136 212 211
-1 183 304 303
-1 186 306 305
-1 307 367 366
361 304 -1 362
364 306 -1 365
-1 303 361 360
-1 305 364 363
417 366 -1 416
-1 367 418 417
363 360 409 408
365 362 415 414
-1 416 413 412
412 408 403 402
413 409 411 410
-1 414 405 404
-1 415 407 406
410 405 339 338
411 407 351 350
404 402 355 354
406 403 359 358
