0 0 58 57
0 0 64 63
0 0 78 77
0 0 80 79
0 0 134 133
0 0 138 137
0 0 140 139
0 0 144 143
0 0 287 286
0 0 357 356
0 0 363 362
0 0 369 368
0 0 371 370
0 0 377 376
0 0 381 380
0 0 383 382
0 0 387 386
0 0 421 420
0 0 423 422
0 0 425 424
0 0 427 426
0 0 433 432
0 0 437 436
0 0 439 438
0 0 443 442
0 0 449 448
0 0 453 452
462 0 459 458
63 57 60 59
79 77 70 69
64 58 62 61
80 78 76 75
137 133 106 105
143 139 108 107
138 134 136 135
144 140 142 141
320 286 196 195
322 287 258 257
362 356 359 358
370 368 365 364
363 357 361 360
371 369 367 366
380 376 373 372
386 382 375 374
381 377 379 378
387 383 385 384
422 420 389 388
426 424 391 390
423 421 405 404
427 425 407 406
436 432 429 428
442 438 431 430
452 448 445 444
458 454 447 446
437 433 435 434
443 439 441 440
453 449 451 450
459 455 457 456
69 59 66 65
107 105 86 85
70 60 68 67
108 106 92 91
75 61 72 71
141 135 98 97
76 62 74 73
142 136 104 103
282 195 170 169
284 196 198 197
283 257 232 231
285 258 260 259
364 358 293 292
374 372 297 296
390 388 299 298
366 360 307 306
384 378 311 310
406 404 313 312
367 361 329 328
385 379 333 332
407 405 335 334
365 359 343 342
375 373 347 346
391 389 349 348
430 428 393 392
446 444 397 396
431 429 399 398
447 445 403 402
440 434 409 408
456 450 413 412
441 435 415 414
457 451 419 418
85 65 82 81
199 169 114 113
86 66 84 83
201 170 120 119
91 67 88 87
227 197 126 125
92 68 90 89
229 198 132 131
97 71 94 93
231 200 150 149
98 72 96 95
232 202 156 155
103 73 100 99
259 228 162 161
104 74 102 101
260 230 167 166
296 292 289 288
394 298 291 290
297 293 295 294
395 299 301 300
310 306 303 302
410 312 305 304
311 307 309 308
411 313 315 314
332 328 325 324
416 334 327 326
333 329 331 330
417 335 337 336
346 342 339 338
400 348 341 340
347 343 345 344
401 349 351 350
396 392 -1 394
397 393 -1 395
402 398 -1 400
403 399 -1 401
412 408 -1 410
413 409 -1 411
418 414 -1 416
419 415 -1 417
113 81 110 109
290 288 176 175
114 82 112 111
291 289 182 181
119 83 116 115
300 294 188 187
120 84 118 117
301 295 194 193
125 87 122 121
304 302 208 207
126 88 124 123
305 303 214 213
131 89 128 127
314 308 220 219
132 90 130 129
315 309 226 225
149 93 146 145
326 324 238 237
150 94 148 147
327 325 244 243
155 95 152 151
336 330 250 249
156 96 154 153
337 331 256 255
161 99 158 157
340 338 266 265
162 100 160 159
341 339 272 271
345 102 -1 165
351 167 -1 168
166 101 164 163
350 344 281 280
176 109 1 1
175 110 1 1
182 111 1 1
181 112 1 1
188 115 1 1
187 116 1 1
194 117 1 1
193 118 1 1
208 121 1 1
207 122 1 1
214 123 1 1
213 124 1 1
220 127 1 1
219 128 1 1
226 129 1 1
225 130 1 1
238 145 234 233
237 146 236 235
244 147 1 1
243 148 1 1
250 151 1 1
249 152 1 1
256 153 1 1
255 154 1 1
266 157 1 1
265 158 1 1
272 159 1 1
271 160 1 1
281 163 -1 277
280 164 1 1
-1 165 274 273
-1 168 276 275
-1 277 355 354
-1 233 200 199
-1 234 202 201
-1 235 228 227
-1 236 230 229
321 274 -1 316
323 276 -1 319
275 273 353 352
461 354 -1 460
-1 355 462 461
319 316 318 317
-1 352 321 320
-1 353 323 322
-1 460 455 454
-1 317 283 282
-1 318 285 284
