0 0 -1 57
0 0 -1 59
0 0 -1 63
0 0 -1 64
0 0 -1 67
0 0 -1 69
0 0 -1 73
0 0 -1 74
0 0 -1 99
0 0 -1 101
0 0 -1 105
0 0 -1 106
0 0 -1 109
0 0 -1 111
0 0 -1 115
0 0 -1 116
0 0 -1 123
0 0 -1 124
0 0 -1 125
0 0 -1 126
0 0 -1 127
0 0 -1 128
0 0 -1 129
0 0 -1 130
0 0 -1 139
0 0 -1 140
0 0 -1 143
137 0 -1 144
63 57 -1 58
64 59 -1 60
73 67 -1 68
74 69 -1 70
125 123 -1 77
126 124 -1 78
129 127 -1 83
130 128 -1 84
105 99 -1 100
106 101 -1 102
115 109 -1 110
116 111 -1 112
141 139 -1 119
142 140 -1 120
143 133 -1 121
144 136 -1 122
77 58 -1 61
78 60 -1 62
83 68 -1 71
84 70 -1 72
119 100 -1 103
120 102 -1 104
121 110 -1 113
122 112 -1 114
62 61 66 65
72 71 76 75
104 103 108 107
114 113 118 117
75 65 80 79
118 108 90 89
76 66 82 81
117 107 98 97
89 79 1 1
98 81 94 1
97 82 1 1
-1 80 88 87
-1 90 92 91
-1 94 138 137
132 88 -1 133
135 92 -1 136
-1 87 132 131
-1 91 135 134
-1 138 146 145
146 131 -1 141
145 134 -1 142
