0 0 -1 57
0 0 -1 60
0 0 66 65
0 0 70 69
0 0 116 115
0 0 118 117
0 0 120 119
0 0 122 121
0 0 152 151
0 0 156 155
0 0 158 157
0 0 162 161
0 0 340 339
0 0 342 341
0 0 344 343
0 0 346 345
0 0 348 347
0 0 352 351
0 0 354 353
0 0 358 357
0 0 368 367
0 0 372 371
0 0 374 373
0 0 378 377
0 0 380 379
0 0 384 383
435 0 386 385
0 0 390 389
60 57 59 58
69 65 -1 67
70 66 -1 68
117 115 80 79
121 119 84 83
118 116 98 97
122 120 102 101
155 151 124 123
161 157 126 125
156 152 154 153
162 158 160 159
342 340 220 219
346 344 224 223
341 339 270 269
345 343 274 273
351 347 318 317
357 353 322 321
371 367 324 323
377 373 328 327
383 379 330 329
389 385 334 333
352 348 350 349
358 354 356 355
372 368 370 369
378 374 376 375
384 380 382 381
390 386 388 387
67 58 62 61
68 59 64 63
83 79 -1 81
84 80 -1 82
125 123 90 89
126 124 96 95
101 97 -1 99
102 98 -1 100
159 153 108 107
160 154 114 113
223 219 190 189
224 220 222 221
273 269 244 243
274 270 272 271
321 317 306 305
327 323 310 309
333 329 312 311
322 318 320 319
328 324 326 325
334 330 332 331
355 349 410 409
375 369 414 413
387 381 416 415
356 350 426 425
376 370 430 429
388 382 432 431
81 61 72 71
82 62 74 73
99 63 76 75
100 64 78 77
89 71 86 85
189 187 132 131
90 72 88 87
190 188 138 137
95 73 92 91
221 215 144 143
96 74 94 93
222 216 150 149
107 75 104 103
243 225 168 167
108 76 106 105
244 226 174 173
113 77 110 109
271 227 180 179
114 78 112 111
272 228 186 185
309 305 302 301
315 311 304 303
310 306 308 307
316 312 314 313
325 319 360 359
337 331 364 363
326 320 362 361
338 332 366 365
413 409 406 405
415 393 408 407
414 410 412 411
416 394 418 417
429 425 422 421
431 397 424 423
430 426 428 427
432 398 434 433
131 85 128 127
423 421 196 195
132 86 130 129
424 422 202 201
137 87 134 133
433 427 208 207
138 88 136 135
434 428 214 213
144 92 142 141
304 302 218 217
143 91 140 139
303 301 230 229
149 93 146 145
314 308 236 235
150 94 148 147
313 307 242 241
167 103 164 163
407 405 250 249
168 104 166 165
408 406 256 255
173 105 170 169
417 411 262 261
174 106 172 171
418 412 268 267
179 109 176 175
365 361 280 279
180 110 178 177
366 362 288 287
185 111 182 181
363 359 294 293
186 112 184 183
364 360 300 299
217 141 188 187
196 127 1 1
195 128 1 1
202 129 1 1
201 130 1 1
208 133 1 1
207 134 1 1
214 135 210 1
213 136 1 1
218 142 216 215
236 145 1 1
235 146 1 1
242 147 1 1
241 148 1 1
229 139 226 225
250 163 1 1
249 164 1 1
256 165 1 1
255 166 1 1
262 169 1 1
261 170 1 1
268 171 1 1
267 172 1 1
230 140 228 227
279 175 1 1
288 177 1 1
287 178 1 1
294 181 1 1
293 182 1 1
300 183 1 1
299 184 1 1
-1 176 278 277
-1 280 282 281
-1 210 436 435
282 278 400 399
281 277 420 419
-1 436 404 403
403 399 336 335
404 400 402 401
-1 419 392 391
-1 420 396 395
391 335 316 315
395 336 338 337
401 392 394 393
402 396 398 397
