61 0 -1 57
63 0 -1 59
75 0 -1 71
78 0 -1 74
128 0 -1 123
130 0 -1 126
0 0 134 133
0 0 -1 143
0 0 -1 144
88 0 -1 106
97 0 -1 107
0 0 146 145
0 0 150 149
0 0 -1 197
0 0 -1 200
0 0 204 203
0 0 208 207
0 0 -1 209
0 0 -1 212
0 0 216 215
0 0 220 219
0 0 -1 221
0 0 -1 224
0 0 226 225
0 0 230 229
0 0 244 243
0 0 246 245
0 0 248 247
0 0 250 249
0 0 256 255
0 0 258 257
191 0 262 261
62 57 -1 58
64 59 -1 60
74 71 73 72
143 106 -1 81
144 107 -1 82
126 123 125 124
136 133 -1 131
138 134 -1 132
149 145 -1 147
150 146 -1 148
257 255 154 153
261 259 158 157
258 256 164 163
262 260 168 167
200 197 199 198
207 203 -1 205
208 204 -1 206
212 209 211 210
219 215 -1 217
220 216 -1 218
224 221 223 222
229 225 -1 227
230 226 -1 228
245 243 232 231
249 247 236 235
246 244 238 237
250 248 242 241
-1 81 62 61
-1 82 64 63
60 58 66 65
76 72 -1 77
79 73 -1 80
151 147 -1 83
152 148 -1 84
131 124 93 92
132 125 109 108
157 153 -1 155
158 154 -1 156
167 163 -1 165
168 164 -1 166
228 223 178 177
227 222 194 193
205 198 -1 201
206 199 -1 202
217 210 -1 213
218 211 -1 214
235 231 -1 233
236 232 -1 234
241 237 -1 239
242 238 -1 240
-1 83 76 75
-1 84 79 78
77 65 68 67
80 66 70 69
127 92 -1 94
129 93 -1 95
135 108 -1 110
137 109 -1 111
161 155 -1 139
162 156 -1 140
171 165 -1 141
172 166 -1 142
213 201 174 173
239 177 -1 179
240 178 -1 180
214 202 186 185
233 193 -1 195
234 194 -1 196
94 67 86 85
180 174 103 102
-1 68 88 87
-1 95 97 96
186 70 -1 91
196 110 -1 112
111 69 90 89
195 185 122 121
-1 139 128 127
-1 140 130 129
-1 141 136 135
-1 142 138 137
179 173 176 175
103 85 1 1
102 86 1 1
122 89 118 1
121 90 1 1
96 87 105 104
-1 175 182 181
-1 176 184 183
-1 91 114 113
-1 112 116 115
-1 118 192 191
251 181 -1 151
253 183 -1 152
182 104 160 159
184 105 170 169
115 113 188 187
252 114 -1 189
254 116 -1 190
-1 192 260 259
263 159 -1 161
265 160 -1 162
264 169 -1 171
266 170 -1 172
-1 187 252 251
-1 188 254 253
190 189 268 267
-1 267 264 263
-1 268 266 265
