61 0 -1 57
63 0 -1 59
75 0 -1 71
78 0 -1 74
131 0 -1 126
133 0 -1 129
0 0 137 136
0 0 -1 146
0 0 -1 147
88 0 -1 107
98 0 -1 108
0 0 149 148
0 0 153 152
0 0 -1 200
0 0 -1 203
0 0 207 206
0 0 211 210
0 0 -1 212
0 0 -1 215
0 0 219 218
0 0 223 222
0 0 -1 224
0 0 -1 227
0 0 229 228
0 0 233 232
0 0 247 246
0 0 249 248
0 0 251 250
0 0 253 252
0 0 255 254
0 0 257 256
268 0 261 260
62 57 -1 58
64 59 -1 60
74 71 73 72
146 107 -1 81
147 108 -1 82
129 126 128 127
139 136 -1 134
141 137 -1 135
152 148 -1 150
153 149 -1 151
256 254 159 158
260 258 163 162
257 255 169 168
261 259 173 172
203 200 202 201
210 206 -1 208
211 207 -1 209
215 212 214 213
222 218 -1 220
223 219 -1 221
227 224 226 225
232 228 -1 230
233 229 -1 231
248 246 235 234
252 250 239 238
249 247 241 240
253 251 245 244
-1 81 62 61
-1 82 64 63
60 58 66 65
76 72 -1 77
79 73 -1 80
154 150 -1 83
155 151 -1 84
134 127 94 93
135 128 110 109
162 158 -1 160
163 159 -1 161
172 168 -1 170
173 169 -1 171
231 226 183 182
230 225 197 196
208 201 -1 204
209 202 -1 205
220 213 -1 216
221 214 -1 217
238 234 -1 236
239 235 -1 237
244 240 -1 242
245 241 -1 243
-1 83 76 75
-1 84 79 78
77 65 68 67
80 66 70 69
130 93 -1 95
132 94 -1 96
138 109 -1 111
140 110 -1 112
166 160 -1 142
167 161 -1 143
176 170 -1 144
177 171 -1 145
216 204 179 178
242 182 -1 184
243 183 -1 185
217 205 191 190
236 196 -1 198
237 197 -1 199
95 67 86 85
185 179 104 103
-1 68 88 87
-1 96 98 97
111 69 90 89
198 190 118 117
112 70 92 91
199 191 125 124
-1 142 131 130
-1 143 133 132
-1 144 139 138
-1 145 141 140
184 178 181 180
104 85 1 1
103 86 1 1
117 89 1 1
125 91 -1 121
124 92 1 1
97 87 106 105
-1 180 187 186
-1 181 189 188
-1 90 116 115
-1 118 120 119
-1 121 195 194
186 156 -1 154
188 157 -1 155
120 116 157 156
187 105 165 164
189 106 175 174
119 115 193 192
267 194 -1 266
-1 195 268 267
262 164 -1 166
264 165 -1 167
263 174 -1 176
265 175 -1 177
-1 192 263 262
-1 193 265 264
-1 266 259 258
