61 0 -1 57
63 0 -1 59
75 0 -1 71
78 0 -1 74
132 0 -1 127
134 0 -1 130
0 0 138 137
0 0 -1 147
0 0 -1 148
88 0 -1 107
98 0 -1 108
0 0 150 149
0 0 154 153
0 0 -1 201
0 0 -1 204
0 0 208 207
0 0 212 211
0 0 -1 213
0 0 -1 216
0 0 220 219
0 0 224 223
0 0 -1 225
0 0 -1 228
0 0 230 229
0 0 234 233
0 0 248 247
0 0 250 249
0 0 252 251
0 0 254 253
0 0 256 255
0 0 258 257
195 0 262 261
62 57 -1 58
64 59 -1 60
74 71 73 72
147 107 -1 81
148 108 -1 82
130 127 129 128
140 137 -1 135
142 138 -1 136
153 149 -1 151
154 150 -1 152
257 255 160 159
261 259 164 163
258 256 170 169
262 260 174 173
204 201 203 202
211 207 -1 209
212 208 -1 210
216 213 215 214
223 219 -1 221
224 220 -1 222
228 225 227 226
233 229 -1 231
234 230 -1 232
249 247 236 235
253 251 240 239
250 248 242 241
254 252 246 245
-1 81 62 61
-1 82 64 63
60 58 66 65
76 72 -1 77
79 73 -1 80
155 151 -1 83
156 152 -1 84
135 128 94 93
136 129 110 109
163 159 -1 161
164 160 -1 162
173 169 -1 171
174 170 -1 172
232 227 184 183
231 226 198 197
209 202 -1 205
210 203 -1 206
221 214 -1 217
222 215 -1 218
239 235 -1 237
240 236 -1 238
245 241 -1 243
246 242 -1 244
-1 83 76 75
-1 84 79 78
77 65 68 67
80 66 70 69
131 93 -1 95
133 94 -1 96
139 109 -1 111
141 110 -1 112
167 161 -1 143
168 162 -1 144
177 171 -1 145
178 172 -1 146
217 205 180 179
243 183 -1 185
244 184 -1 186
218 206 192 191
237 197 -1 199
238 198 -1 200
95 67 86 85
186 180 104 103
-1 68 88 87
-1 96 98 97
111 69 90 89
199 191 118 117
112 70 92 91
200 192 126 125
-1 143 132 131
-1 144 134 133
-1 145 140 139
-1 146 142 141
185 179 182 181
104 85 1 1
103 86 1 1
117 89 1 1
126 91 122 1
125 92 1 1
97 87 106 105
-1 181 188 187
-1 182 190 189
-1 90 116 115
-1 118 120 119
-1 122 196 195
187 157 -1 155
189 158 -1 156
120 116 158 157
188 105 166 165
190 106 176 175
119 115 194 193
-1 196 260 259
263 165 -1 167
265 166 -1 168
264 175 -1 177
266 176 -1 178
-1 193 264 263
-1 194 266 265
