0 0 -1 58
0 0 -1 60
0 0 -1 64
0 0 -1 65
0 0 -1 70
0 0 -1 73
0 0 77 76
0 0 81 80
0 0 -1 120
0 0 -1 123
0 0 125 124
0 0 129 128
0 0 143 142
0 0 145 144
0 0 147 146
0 0 149 148
0 0 -1 170
0 0 -1 173
0 0 177 176
0 0 181 180
0 0 -1 182
0 0 -1 185
0 0 189 188
0 0 193 192
0 0 -1 194
0 0 -1 197
0 0 199 198
0 0 203 202
64 58 -1 59
65 60 -1 61
73 70 72 71
80 76 -1 78
81 77 -1 79
123 120 122 121
128 124 -1 126
129 125 -1 127
144 142 131 130
148 146 135 134
145 143 137 136
149 147 141 140
173 170 172 171
180 176 -1 178
181 177 -1 179
185 182 184 183
192 188 -1 190
193 189 -1 191
197 194 196 195
202 198 -1 200
203 199 -1 201
61 59 63 62
78 71 -1 74
79 72 -1 75
126 121 90 89
127 122 106 105
134 130 -1 132
135 131 -1 133
140 136 -1 138
141 137 -1 139
201 196 153 152
200 195 167 166
178 171 -1 174
179 172 -1 175
190 183 -1 186
191 184 -1 187
74 62 67 66
75 63 69 68
132 89 -1 91
133 90 -1 92
138 105 -1 107
139 106 -1 108
186 174 151 150
206 152 -1 154
207 153 -1 155
187 175 157 156
204 166 -1 168
205 167 -1 169
91 66 83 82
154 150 98 97
92 67 85 84
155 151 104 103
157 69 -1 88
169 107 -1 109
108 68 87 86
168 156 119 118
98 82 1 1
97 83 1 1
104 84 1 1
103 85 1 1
119 86 115 1
118 87 1 1
-1 88 111 110
-1 109 113 112
-1 115 165 164
159 111 -1 160
162 113 -1 163
-1 110 159 158
-1 112 162 161
210 164 -1 205
211 165 -1 207
163 160 213 212
161 158 215 214
214 208 -1 204
215 209 -1 206
-1 212 209 208
-1 213 211 210
