0 0 -1 58
0 0 -1 60
0 0 -1 64
0 0 -1 65
0 0 -1 70
0 0 -1 73
0 0 77 76
0 0 81 80
0 0 -1 122
0 0 -1 125
0 0 127 126
0 0 131 130
0 0 145 144
0 0 147 146
0 0 149 148
0 0 151 150
85 0 -1 104
95 0 -1 105
155 0 -1 170
169 0 -1 171
0 0 -1 180
0 0 -1 183
0 0 -1 186
0 0 -1 189
0 0 -1 192
0 0 -1 195
0 0 197 196
0 0 201 200
0 0 211 210
0 0 213 212
64 58 -1 59
65 60 -1 61
73 70 72 71
80 76 -1 78
81 77 -1 79
125 122 124 123
130 126 -1 128
131 127 -1 129
146 144 133 132
150 148 137 136
147 145 139 138
151 149 143 142
183 180 182 181
105 104 163 162
189 186 188 187
171 170 173 172
195 192 194 193
200 196 -1 198
201 197 -1 199
212 210 205 204
213 211 209 208
61 59 63 62
78 71 -1 74
79 72 -1 75
128 123 91 90
129 124 107 106
136 132 -1 134
137 133 -1 135
142 138 -1 140
143 139 -1 141
199 194 165 164
198 193 177 176
181 162 -1 184
182 163 -1 185
187 172 -1 190
188 173 -1 191
204 156 -1 202
205 157 -1 203
208 158 -1 206
209 159 -1 207
74 62 67 66
75 63 69 68
134 90 -1 92
135 91 -1 93
140 106 -1 108
141 107 -1 109
190 184 153 152
206 164 -1 166
207 165 -1 167
191 185 175 174
202 176 -1 178
203 177 -1 179
92 66 83 82
166 152 101 100
-1 67 85 84
-1 93 95 94
108 68 87 86
178 174 115 114
109 69 89 88
179 175 121 120
-1 153 155 154
-1 167 169 168
101 82 1 1
100 83 1 1
115 86 1 1
114 87 1 1
121 88 1 1
120 89 1 1
94 84 103 102
168 154 161 160
160 102 157 156
161 103 159 158
