0 0 59 58
0 0 63 62
0 0 71 70
0 0 74 73
0 0 81 80
0 0 84 83
0 0 91 90
0 0 97 96
0 0 107 106
0 0 111 110
0 0 113 112
0 0 117 116
0 0 143 142
0 0 147 146
0 0 167 166
0 0 173 172
0 0 203 202
0 0 205 204
0 0 211 210
0 0 217 216
0 0 223 222
0 0 227 226
0 0 235 234
0 0 237 236
0 0 239 238
0 0 245 244
0 0 255 254
0 0 257 256
70 58 -1 60
73 62 -1 64
80 59 -1 61
83 63 -1 65
96 90 93 92
110 106 101 100
97 91 95 94
116 112 105 104
154 142 -1 144
156 146 -1 148
155 143 -1 145
157 147 -1 149
172 166 169 168
173 167 171 170
202 71 -1 72
204 74 -1 75
203 81 -1 82
205 84 -1 85
216 210 213 212
111 107 109 108
217 211 215 214
117 113 115 114
234 222 -1 224
236 226 -1 228
235 223 -1 225
237 227 -1 229
244 238 241 240
256 254 249 248
245 239 243 242
257 255 253 252
64 60 67 66
65 61 69 68
100 92 -1 98
101 93 -1 99
104 94 -1 102
105 95 -1 103
148 144 151 150
149 145 153 152
178 168 -1 174
261 169 -1 175
179 170 -1 176
263 171 -1 177
75 72 207 206
85 82 209 208
212 108 -1 218
213 109 -1 219
214 114 -1 220
215 115 -1 221
228 224 231 230
229 225 233 232
248 240 -1 246
249 241 -1 247
252 242 -1 250
253 243 -1 251
98 66 77 76
250 232 123 122
99 67 79 78
251 233 129 128
102 68 87 86
246 230 135 134
103 69 89 88
247 231 140 139
174 150 159 158
220 208 185 184
175 151 161 160
221 209 191 190
176 152 163 162
218 206 197 196
177 153 165 164
219 207 201 200
122 76 119 118
184 158 181 180
123 77 121 120
185 159 183 182
128 78 125 124
190 160 187 186
129 79 127 126
191 161 189 188
134 86 131 130
196 162 193 192
135 87 133 132
197 163 195 194
165 89 -1 138
201 140 -1 141
139 88 137 136
200 164 199 198
181 118 1 1
180 119 1 1
183 120 1 1
182 121 1 1
187 124 1 1
186 125 1 1
189 126 1 1
188 127 1 1
193 130 1 1
192 131 1 1
195 132 1 1
194 133 1 1
199 136 293 1
198 137 1 1
-1 138 289 288
-1 141 291 290
-1 293 179 178
289 260 -1 258
291 262 -1 259
290 288 297 296
-1 258 155 154
-1 259 157 156
-1 296 261 260
-1 297 263 262
