62 0 -1 58
64 0 -1 60
78 0 -1 74
80 0 -1 76
66 0 -1 70
68 0 -1 72
82 0 -1 86
84 0 -1 88
0 0 -1 138
0 0 -1 139
252 0 -1 140
254 0 -1 141
0 0 -1 142
0 0 -1 143
0 0 199 198
0 0 203 202
0 0 205 204
0 0 209 208
0 0 237 236
0 0 239 238
0 0 241 240
0 0 243 242
0 0 245 244
0 0 247 246
0 0 249 248
0 0 251 250
0 0 381 380
0 0 383 382
0 0 385 384
0 0 387 386
0 0 389 388
0 0 391 390
0 0 395 394
63 58 -1 59
65 60 -1 61
79 74 -1 75
81 76 -1 77
140 138 -1 90
141 139 -1 91
144 142 -1 92
145 143 -1 93
70 67 -1 71
72 69 -1 73
86 83 -1 87
88 85 -1 89
238 236 147 146
242 240 151 150
246 244 153 152
250 248 157 156
239 237 159 158
243 241 163 162
247 245 165 164
251 249 169 168
202 198 171 170
208 204 173 172
203 199 201 200
209 205 207 206
382 380 289 288
386 384 293 292
390 388 295 294
394 392 299 298
383 381 345 344
387 385 349 348
391 389 351 350
395 393 355 354
-1 90 63 62
-1 91 65 64
-1 59 67 66
-1 61 69 68
-1 92 79 78
-1 93 81 80
-1 75 83 82
-1 77 85 84
73 71 95 94
89 87 97 96
172 170 117 116
173 171 123 122
206 200 131 130
207 201 137 136
150 146 -1 148
151 147 -1 149
156 152 -1 154
157 153 -1 155
162 158 -1 160
163 159 -1 161
168 164 -1 166
169 165 -1 167
292 288 261 260
298 294 263 262
293 289 291 290
299 295 297 296
348 344 319 318
354 350 321 320
349 345 347 346
355 351 353 352
96 94 99 98
97 95 101 100
154 148 -1 110
155 149 -1 111
166 160 -1 124
167 161 -1 125
116 102 113 112
262 260 179 178
117 103 115 114
263 261 185 184
122 104 119 118
296 290 191 190
123 105 121 120
297 291 196 195
130 106 127 126
320 318 215 214
131 107 129 128
321 319 223 222
136 108 133 132
352 346 229 228
137 109 135 134
353 347 235 234
110 98 103 102
111 99 105 104
124 100 107 106
125 101 109 108
178 112 175 174
179 113 177 176
184 114 181 180
185 115 183 182
190 118 187 186
191 119 189 188
405 121 -1 194
371 196 -1 197
195 120 193 192
214 126 211 210
-1 127 213 212
-1 215 217 216
222 128 219 218
223 129 221 220
228 132 225 224
229 133 227 226
234 134 231 230
235 135 233 232
-1 194 257 256
-1 197 259 258
269 174 1 1
268 175 1 1
275 176 1 1
274 177 1 1
281 180 1 1
280 181 1 1
287 182 1 1
286 183 1 1
305 186 1 1
304 187 1 1
311 188 1 1
310 189 1 1
317 192 1 1
316 193 1 1
327 210 323 1
326 211 1 1
366 226 363 362
342 220 339 338
367 227 365 364
372 230 369 368
336 218 333 332
373 231 371 370
360 224 357 356
216 212 329 328
217 213 331 330
343 221 341 340
361 225 359 358
337 219 335 334
378 232 375 374
379 233 377 376
-1 323 393 392
256 253 -1 144
258 255 -1 145
-1 257 253 252
-1 259 255 254
396 362 269 268
397 363 275 274
398 364 281 280
399 365 287 286
402 368 305 304
403 369 311 310
404 370 317 316
408 356 327 326
422 358 337 336
423 359 343 342
424 374 361 360
425 375 367 366
426 376 373 372
427 377 379 378
400 338 397 396
421 331 401 400
401 339 399 398
406 332 403 402
416 328 407 406
407 333 405 404
418 340 409 408
420 330 419 418
-1 357 413 412
419 341 423 422
417 329 415 414
414 334 425 424
415 335 427 426
412 410 417 416
413 411 421 420
-1 409 411 410
