0 0 -1 58
0 0 -1 61
0 0 67 66
0 0 71 70
0 0 117 116
0 0 119 118
0 0 121 120
0 0 123 122
0 0 153 152
0 0 157 156
0 0 159 158
0 0 163 162
0 0 337 336
0 0 339 338
0 0 341 340
0 0 343 342
0 0 345 344
0 0 349 348
0 0 351 350
0 0 355 354
0 0 365 364
0 0 369 368
0 0 371 370
0 0 375 374
0 0 377 376
0 0 381 380
0 0 383 382
0 0 387 386
61 58 60 59
70 66 -1 68
71 67 -1 69
118 116 81 80
122 120 85 84
119 117 99 98
123 121 103 102
156 152 125 124
162 158 127 126
157 153 155 154
163 159 161 160
339 337 221 220
343 341 225 224
338 336 271 270
342 340 275 274
348 344 319 318
354 350 323 322
368 364 325 324
374 370 329 328
380 376 331 330
386 382 335 334
349 345 347 346
355 351 353 352
369 365 367 366
375 371 373 372
381 377 379 378
387 383 385 384
68 59 63 62
69 60 65 64
84 80 -1 82
85 81 -1 83
126 124 91 90
127 125 97 96
102 98 -1 100
103 99 -1 101
160 154 109 108
161 155 115 114
224 220 191 190
225 221 223 222
274 270 245 244
275 271 273 272
322 318 307 306
328 324 311 310
334 330 313 312
323 319 321 320
329 325 327 326
335 331 333 332
352 346 407 406
372 366 411 410
384 378 413 412
353 347 423 422
373 367 427 426
385 379 429 428
82 62 73 72
83 63 75 74
100 64 77 76
101 65 79 78
90 72 87 86
190 188 133 132
91 73 89 88
191 189 139 138
96 74 93 92
222 216 145 144
97 75 95 94
223 217 151 150
108 76 105 104
244 226 169 168
109 77 107 106
245 227 175 174
114 78 111 110
272 228 181 180
115 79 113 112
273 229 187 186
310 306 303 302
316 312 305 304
311 307 309 308
317 313 315 314
326 320 357 356
388 332 361 360
327 321 359 358
389 333 363 362
410 406 403 402
412 392 405 404
411 407 409 408
413 393 415 414
426 422 419 418
428 396 421 420
427 423 425 424
429 397 431 430
132 86 129 128
420 418 197 196
133 87 131 130
421 419 203 202
138 88 135 134
430 424 209 208
139 89 137 136
431 425 215 214
145 93 143 142
305 303 219 218
144 92 141 140
304 302 231 230
150 94 147 146
315 309 237 236
151 95 149 148
314 308 243 242
168 104 165 164
404 402 251 250
169 105 167 166
405 403 257 256
174 106 171 170
414 408 263 262
175 107 173 172
415 409 269 268
180 110 177 176
362 358 281 280
181 111 179 178
363 359 289 288
186 112 183 182
360 356 295 294
187 113 185 184
361 357 301 300
218 142 189 188
197 128 1 1
196 129 1 1
203 130 1 1
202 131 1 1
209 134 1 1
208 135 1 1
215 136 211 1
214 137 1 1
219 143 217 216
237 146 1 1
236 147 1 1
243 148 1 1
242 149 1 1
230 140 227 226
251 164 1 1
250 165 1 1
257 166 1 1
256 167 1 1
263 170 1 1
262 171 1 1
269 172 1 1
268 173 1 1
231 141 229 228
280 176 1 1
289 178 1 1
288 179 1 1
295 182 1 1
294 183 1 1
301 184 1 1
300 185 1 1
-1 177 279 278
-1 281 283 282
-1 211 401 400
283 279 399 398
282 278 417 416
398 390 317 316
400 394 389 388
399 391 393 392
401 395 397 396
-1 416 391 390
-1 417 395 394
