0 0 -1 59
0 0 -1 61
0 0 -1 65
0 0 -1 66
0 0 -1 71
0 0 -1 74
0 0 78 77
0 0 82 81
0 0 -1 123
0 0 -1 126
0 0 128 127
0 0 132 131
0 0 146 145
0 0 148 147
0 0 150 149
0 0 152 151
0 0 -1 200
0 0 -1 203
0 0 209 208
0 0 213 212
0 0 233 232
0 0 235 234
0 0 237 236
0 0 239 238
0 0 283 282
0 0 287 286
0 0 289 288
0 0 293 292
300 0 297 296
65 59 -1 60
66 61 -1 62
74 71 73 72
81 77 -1 79
82 78 -1 80
126 123 125 124
131 127 -1 129
132 128 -1 130
147 145 134 133
151 149 138 137
148 146 140 139
152 150 144 143
203 200 202 201
212 208 -1 210
213 209 -1 211
234 232 221 220
238 236 225 224
235 233 227 226
239 237 231 230
296 294 271 270
297 295 279 278
286 282 -1 284
287 283 -1 285
292 288 -1 290
293 289 -1 291
62 60 64 63
79 72 -1 75
80 73 -1 76
129 124 92 91
130 125 108 107
137 133 -1 135
138 134 -1 136
143 139 -1 141
144 140 -1 142
210 201 205 204
211 202 207 206
224 220 -1 222
225 221 -1 223
230 226 -1 228
231 227 -1 229
290 284 265 264
270 266 -1 268
271 267 -1 269
291 285 273 272
278 274 -1 276
279 275 -1 277
75 63 68 67
76 64 70 69
135 91 -1 93
136 92 -1 94
141 107 -1 109
142 108 -1 110
223 205 170 169
222 204 215 214
228 206 217 216
229 207 219 218
268 264 241 240
269 265 247 246
276 272 253 252
277 273 259 258
93 67 84 83
94 68 86 85
109 69 88 87
110 70 90 89
248 169 154 153
243 215 160 159
242 214 166 165
249 170 168 167
261 219 175 174
260 218 181 180
255 217 191 190
254 216 197 196
244 240 -1 242
245 241 -1 243
250 246 -1 248
251 247 -1 249
256 252 -1 254
257 253 -1 255
262 258 -1 260
263 259 -1 261
153 101 100 99
154 102 106 105
167 103 116 115
168 104 122 121
105 85 102 101
99 83 96 95
160 95 1 1
159 96 1 1
100 84 98 97
166 97 1 1
165 98 1 1
106 86 104 103
115 87 112 111
175 111 -1 171
174 112 1 1
116 88 114 113
121 89 118 117
191 117 1 1
190 118 1 1
122 90 120 119
196 119 1 1
-1 180 183 182
-1 181 185 184
-1 197 199 198
-1 171 281 280
182 176 245 244
184 178 251 250
183 177 257 256
185 179 263 262
198 194 267 266
-1 113 177 176
-1 114 179 178
199 195 275 274
-1 120 195 194
299 280 -1 298
-1 281 300 299
-1 298 295 294
