63 0 -1 59
65 0 -1 61
77 0 -1 73
80 0 -1 76
131 0 -1 126
133 0 -1 129
0 0 137 136
0 0 -1 146
0 0 -1 147
260 0 -1 148
262 0 -1 149
0 0 151 150
0 0 155 154
0 0 159 158
0 0 -1 206
0 0 -1 209
0 0 213 212
0 0 217 216
0 0 -1 218
0 0 -1 221
0 0 225 224
0 0 229 228
0 0 -1 230
0 0 -1 233
0 0 235 234
0 0 239 238
0 0 253 252
0 0 255 254
0 0 257 256
0 0 259 258
0 0 269 268
0 0 271 270
278 0 275 274
64 59 -1 60
66 61 -1 62
76 73 75 74
148 146 -1 83
149 147 -1 84
129 126 128 127
139 136 -1 134
141 137 -1 135
154 150 -1 152
155 151 -1 153
264 158 -1 156
266 159 -1 157
270 268 161 160
274 272 165 164
271 269 171 170
275 273 175 174
209 206 208 207
216 212 -1 214
217 213 -1 215
221 218 220 219
228 224 -1 226
229 225 -1 227
233 230 232 231
238 234 -1 236
239 235 -1 237
254 252 241 240
258 256 245 244
255 253 247 246
259 257 251 250
-1 83 64 63
-1 84 66 65
62 60 68 67
78 74 -1 79
81 75 -1 82
156 152 -1 85
157 153 -1 86
134 127 96 95
135 128 112 111
164 160 -1 162
165 161 -1 163
174 170 -1 172
175 171 -1 173
237 232 193 192
236 231 203 202
214 207 -1 210
215 208 -1 211
226 219 -1 222
227 220 -1 223
244 240 -1 242
245 241 -1 243
250 246 -1 248
251 247 -1 249
-1 85 78 77
-1 86 81 80
79 67 70 69
82 68 72 71
130 95 -1 97
132 96 -1 98
138 111 -1 113
140 112 -1 114
168 162 -1 142
169 163 -1 143
178 172 -1 144
179 173 -1 145
222 210 181 180
248 192 -1 194
249 193 -1 195
223 211 199 198
242 202 -1 204
243 203 -1 205
97 69 88 87
194 180 106 105
-1 70 90 89
-1 98 100 99
113 71 92 91
204 198 120 119
114 72 94 93
205 199 125 124
-1 142 131 130
-1 143 133 132
-1 144 139 138
-1 145 141 140
-1 181 183 182
-1 195 197 196
106 87 1 1
105 88 1 1
120 91 1 1
119 92 1 1
125 93 -1 121
124 94 1 1
99 89 108 107
196 182 189 188
100 90 110 109
197 183 191 190
-1 121 201 200
190 109 167 166
191 110 177 176
189 107 185 184
188 108 187 186
277 200 -1 276
-1 201 278 277
261 166 -1 168
263 167 -1 169
265 176 -1 178
267 177 -1 179
-1 184 261 260
-1 185 263 262
-1 186 265 264
-1 187 267 266
-1 276 273 272
