0 0 60 59
0 0 66 65
0 0 80 79
0 0 82 81
0 0 136 135
0 0 140 139
0 0 142 141
0 0 146 145
0 0 299 298
0 0 303 302
0 0 305 304
0 0 309 308
0 0 311 310
0 0 315 314
0 0 317 316
0 0 321 320
0 0 393 392
0 0 397 396
0 0 403 402
0 0 407 406
0 0 409 408
0 0 413 412
0 0 -1 418
0 0 -1 421
0 0 423 422
0 0 427 426
0 0 -1 434
0 0 -1 437
446 0 443 442
65 59 62 61
81 79 72 71
66 60 64 63
82 80 78 77
139 135 108 107
145 141 110 109
140 136 138 137
146 142 144 143
302 298 198 197
308 304 202 201
314 310 204 203
320 316 208 207
303 299 301 300
309 305 307 306
315 311 313 312
321 317 319 318
396 392 387 386
406 402 389 388
412 408 391 390
397 393 395 394
407 403 405 404
413 409 411 410
421 418 420 419
426 422 -1 424
427 423 -1 425
437 434 436 435
442 438 -1 440
443 439 -1 441
71 61 68 67
109 107 88 87
72 62 70 69
110 108 94 93
77 63 74 73
143 137 100 99
78 64 76 75
144 138 105 104
201 197 170 169
207 203 172 171
202 198 200 199
208 204 206 205
307 301 275 274
319 313 279 278
401 387 289 288
391 389 293 292
414 394 327 326
410 404 331 330
415 395 341 340
411 405 345 344
306 300 351 350
318 312 357 356
424 419 359 358
440 435 363 362
399 386 373 372
390 388 375 374
420 379 -1 416
425 381 -1 417
441 436 431 430
87 67 84 83
171 169 116 115
88 68 86 85
172 170 122 121
93 69 90 89
205 199 128 127
94 70 92 91
206 200 134 133
99 73 96 95
100 74 98 97
104 75 102 101
275 76 -1 103
279 105 -1 106
289 260 -1 261
293 250 -1 262
330 326 323 322
331 327 329 328
344 340 337 336
345 341 343 342
398 358 -1 360
400 359 -1 361
366 362 -1 364
367 363 -1 365
357 351 355 354
375 373 369 368
356 350 353 352
374 372 371 370
278 274 277 276
292 288 291 290
417 416 429 428
430 382 -1 432
431 383 -1 433
115 83 112 111
324 322 178 177
116 84 114 113
325 323 184 183
121 85 118 117
332 328 190 189
122 86 120 119
333 329 196 195
127 89 124 123
338 336 214 213
128 90 126 125
339 337 220 219
133 91 130 129
346 342 226 225
134 92 132 131
347 343 232 231
364 360 234 233
151 95 148 147
370 352 242 241
152 96 150 149
371 353 248 247
157 97 154 153
368 354 252 251
158 98 156 155
369 355 258 257
365 361 260 259
163 101 160 159
290 276 268 267
164 102 162 161
291 277 273 272
-1 103 166 165
-1 106 168 167
-1 261 285 284
-1 262 287 286
432 428 335 334
433 429 349 348
235 233 152 151
236 234 158 157
259 249 164 163
178 111 1 1
177 112 1 1
184 113 1 1
183 114 1 1
190 117 1 1
189 118 1 1
196 119 1 1
195 120 1 1
214 123 1 1
213 124 1 1
220 125 1 1
219 126 1 1
226 129 1 1
225 130 1 1
232 131 1 1
231 132 1 1
251 153 236 235
242 147 1 1
241 148 1 1
248 149 1 1
247 150 1 1
252 154 250 249
268 159 1 1
267 160 1 1
273 161 -1 269
272 162 1 1
334 253 325 324
257 155 254 253
335 254 333 332
348 255 339 338
258 156 256 255
349 256 347 346
167 165 281 280
286 284 295 294
168 166 283 282
287 285 297 296
-1 269 385 384
296 282 367 366
294 280 377 376
-1 281 379 378
-1 295 381 380
297 283 383 382
445 384 -1 444
-1 385 446 445
-1 376 399 398
-1 377 401 400
380 378 415 414
-1 444 439 438
