0 0 -1 59
0 0 -1 61
0 0 -1 65
0 0 -1 66
0 0 -1 71
0 0 -1 74
0 0 78 77
0 0 82 81
0 0 -1 115
0 0 -1 118
0 0 120 119
0 0 124 123
0 0 146 145
0 0 148 147
0 0 204 203
0 0 210 209
0 0 224 223
0 0 226 225
0 0 280 279
0 0 284 283
0 0 286 285
0 0 290 289
0 0 383 382
0 0 387 386
0 0 391 390
0 0 393 392
0 0 399 398
0 0 401 400
408 0 405 404
65 59 -1 60
66 61 -1 62
74 71 73 72
81 77 -1 79
82 78 -1 80
118 115 117 116
123 119 -1 121
124 120 -1 122
147 145 128 127
148 146 132 131
209 203 206 205
225 223 216 215
210 204 208 207
226 224 222 221
283 279 252 251
289 285 254 253
284 280 282 281
290 286 288 287
387 383 365 364
393 391 369 368
401 399 371 370
405 403 375 374
386 382 385 384
392 390 389 388
400 398 395 394
404 402 397 396
62 60 64 63
79 72 -1 75
80 73 -1 76
121 116 92 91
122 117 104 103
133 127 -1 125
135 128 -1 126
134 131 -1 129
136 132 -1 130
215 205 212 211
253 251 232 231
216 206 214 213
254 252 238 237
221 207 218 217
287 281 244 243
222 208 220 219
288 282 250 249
368 364 357 356
374 370 359 358
388 384 361 360
396 394 363 362
369 365 367 366
375 371 373 372
389 385 377 376
397 395 379 378
75 63 68 67
76 64 70 69
125 91 -1 93
126 92 -1 94
129 103 -1 105
130 104 -1 106
358 356 158 157
359 357 164 163
373 367 174 173
372 366 180 179
363 361 186 185
362 360 192 191
379 377 198 197
378 376 202 201
231 211 228 227
232 212 230 229
237 213 234 233
238 214 236 235
243 217 240 239
244 218 242 241
249 219 246 245
250 220 248 247
93 67 84 83
94 68 86 85
105 69 88 87
106 70 90 89
305 245 138 137
201 113 144 143
259 227 256 255
157 95 154 153
260 228 258 257
158 96 156 155
265 229 262 261
163 97 160 159
266 230 264 263
164 98 162 161
271 233 268 267
191 109 188 187
272 234 270 269
192 110 190 189
277 235 274 273
185 107 182 181
278 236 276 275
186 108 184 183
295 239 292 291
179 101 176 175
296 240 294 293
180 102 178 177
301 241 298 297
173 99 170 169
302 242 300 299
174 100 172 171
306 246 304 303
202 114 200 199
311 247 308 307
197 111 194 193
312 248 310 309
198 112 196 195
144 137 140 139
143 138 1 1
149 83 96 95
151 84 98 97
165 85 100 99
167 86 102 101
150 87 108 107
152 88 110 109
166 89 112 111
168 90 114 113
255 153 260 259
256 154 266 265
257 155 272 271
258 156 278 277
261 159 296 295
262 160 302 301
263 161 306 305
264 162 312 311
267 188 1 1
268 187 1 1
269 190 1 1
270 189 1 1
273 182 1 1
274 181 1 1
275 184 1 1
276 183 1 1
291 176 1 1
292 175 1 1
293 178 1 1
294 177 1 1
297 170 1 1
298 169 1 1
299 172 1 1
300 171 1 1
303 200 1 1
304 199 1 1
307 194 350 349
308 193 352 351
309 196 -1 353
310 195 1 1
-1 353 381 380
-1 139 134 133
-1 140 136 135
-1 349 150 149
-1 350 152 151
-1 351 166 165
-1 352 168 167
407 380 -1 406
-1 381 408 407
-1 406 403 402
