0 0 60 59
0 0 66 65
0 0 80 79
0 0 82 81
0 0 136 135
0 0 140 139
0 0 142 141
0 0 146 145
0 0 289 288
0 0 293 292
0 0 295 294
0 0 299 298
0 0 301 300
0 0 305 304
0 0 307 306
0 0 311 310
0 0 409 408
0 0 413 412
0 0 415 414
0 0 419 418
0 0 421 420
0 0 425 424
0 0 -1 426
0 0 -1 429
0 0 431 430
0 0 435 434
0 0 -1 442
0 0 -1 445
454 0 451 450
65 59 62 61
81 79 72 71
66 60 64 63
82 80 78 77
139 135 108 107
145 141 110 109
140 136 138 137
146 142 144 143
292 288 202 201
298 294 206 205
304 300 208 207
310 306 212 211
293 289 291 290
299 295 297 296
305 301 303 302
311 307 309 308
412 408 403 402
418 414 405 404
424 420 407 406
413 409 411 410
419 415 417 416
425 421 423 422
429 426 428 427
434 430 -1 432
435 431 -1 433
445 442 444 443
450 446 -1 448
451 447 -1 449
71 61 68 67
109 107 88 87
72 62 70 69
110 108 94 93
77 63 74 73
143 137 100 99
78 64 76 75
144 138 106 105
205 201 174 173
211 207 176 175
206 202 204 203
212 208 210 209
416 410 317 316
422 398 321 320
417 411 331 330
423 399 335 334
296 290 341 340
308 302 349 348
297 291 343 342
309 303 355 354
432 427 357 356
448 443 367 366
404 402 373 372
406 396 375 374
405 403 391 390
407 397 395 394
428 272 -1 382
433 384 -1 385
449 444 441 440
87 67 84 83
175 173 116 115
88 68 86 85
176 174 122 121
93 69 90 89
209 203 128 127
94 70 92 91
210 204 134 133
99 73 96 95
100 74 98 97
105 75 102 101
106 76 104 103
320 316 313 312
321 317 319 318
334 330 327 326
335 331 333 332
360 356 -1 358
361 357 -1 359
366 362 -1 364
367 363 -1 365
349 341 347 346
375 373 369 368
348 340 345 344
374 372 371 370
354 342 351 350
394 390 379 378
355 343 353 352
395 391 393 392
385 382 437 436
440 386 -1 438
441 387 -1 439
115 83 112 111
314 312 182 181
116 84 114 113
315 313 188 187
121 85 118 117
322 318 194 193
122 86 120 119
323 319 200 199
127 89 124 123
328 326 218 217
128 90 126 125
329 327 224 223
133 91 130 129
336 332 230 229
134 92 132 131
337 333 236 235
364 358 238 237
151 95 148 147
370 344 246 245
152 96 150 149
371 345 252 251
157 97 154 153
368 346 256 255
158 98 156 155
369 347 262 261
365 359 264 263
163 101 160 159
378 350 270 269
-1 102 162 161
171 103 168 167
392 352 280 279
172 104 170 169
393 353 287 286
438 436 325 324
439 437 339 338
-1 351 377 376
-1 379 381 380
239 237 152 151
240 238 158 157
263 253 164 163
264 254 172 171
182 111 1 1
181 112 1 1
188 113 1 1
187 114 1 1
194 117 1 1
193 118 1 1
200 119 1 1
199 120 1 1
218 123 1 1
217 124 1 1
224 125 1 1
223 126 1 1
230 129 1 1
229 130 1 1
236 131 1 1
235 132 1 1
255 153 240 239
246 147 1 1
245 148 1 1
252 149 1 1
251 150 1 1
256 154 254 253
270 159 1 1
269 160 1 1
279 167 1 1
287 169 -1 283
286 170 1 1
324 257 315 314
261 155 258 257
325 258 323 322
338 259 329 328
262 156 260 259
339 260 337 336
165 161 272 271
380 376 384 383
166 162 274 273
381 377 389 388
-1 168 278 277
-1 280 282 281
-1 283 401 400
-1 164 166 165
383 271 361 360
388 273 363 362
281 277 397 396
282 278 399 398
389 274 387 386
453 400 -1 452
-1 401 454 453
-1 452 447 446
