0 0 -1 59
0 0 -1 62
0 0 68 67
0 0 72 71
0 0 118 117
0 0 120 119
0 0 122 121
0 0 124 123
0 0 154 153
0 0 158 157
0 0 160 159
0 0 164 163
0 0 344 343
0 0 346 345
0 0 348 347
0 0 350 349
0 0 352 351
0 0 356 355
0 0 358 357
0 0 362 361
0 0 372 371
0 0 376 375
0 0 378 377
0 0 382 381
0 0 384 383
0 0 388 387
0 0 390 389
0 0 394 393
435 0 402 401
62 59 61 60
71 67 -1 69
72 68 -1 70
119 117 82 81
123 121 86 85
120 118 100 99
124 122 104 103
157 153 126 125
163 159 128 127
158 154 156 155
164 160 162 161
346 344 222 221
350 348 226 225
345 343 272 271
349 347 276 275
355 351 320 319
361 357 324 323
375 371 326 325
381 377 330 329
387 383 332 331
393 389 336 335
401 397 342 341
356 352 354 353
362 358 360 359
376 372 374 373
382 378 380 379
388 384 386 385
394 390 392 391
402 398 400 399
69 60 64 63
70 61 66 65
85 81 -1 83
86 82 -1 84
127 125 92 91
128 126 98 97
103 99 -1 101
104 100 -1 102
161 155 110 109
162 156 116 115
225 221 192 191
226 222 224 223
275 271 246 245
276 272 274 273
323 319 308 307
329 325 312 311
335 331 314 313
341 337 318 317
324 320 322 321
330 326 328 327
336 332 334 333
342 338 340 339
359 353 408 407
379 373 412 411
391 385 414 413
399 395 418 417
360 354 424 423
380 374 428 427
392 386 430 429
400 396 434 433
83 63 74 73
84 64 76 75
101 65 78 77
102 66 80 79
91 73 88 87
191 189 134 133
92 74 90 89
192 190 140 139
97 75 94 93
223 217 146 145
98 76 96 95
224 218 152 151
109 77 106 105
245 227 170 169
110 78 108 107
246 228 176 175
115 79 112 111
273 229 182 181
116 80 114 113
274 230 188 187
311 307 304 303
317 313 306 305
312 308 310 309
318 314 316 315
327 321 364 363
339 333 368 367
328 322 366 365
340 334 370 369
411 407 404 403
417 413 406 405
412 408 410 409
418 414 416 415
427 423 420 419
433 429 422 421
428 424 426 425
434 430 432 431
133 87 130 129
421 419 198 197
134 88 132 131
422 420 204 203
139 89 136 135
431 425 210 209
140 90 138 137
432 426 216 215
146 94 144 143
306 304 220 219
145 93 142 141
305 303 232 231
151 95 148 147
316 310 238 237
152 96 150 149
315 309 244 243
169 105 166 165
405 403 252 251
170 106 168 167
406 404 258 257
175 107 172 171
415 409 264 263
176 108 174 173
416 410 270 269
181 111 178 177
369 365 282 281
182 112 180 179
370 366 290 289
187 113 184 183
367 363 296 295
188 114 186 185
368 364 302 301
219 143 190 189
198 129 1 1
197 130 1 1
204 131 1 1
203 132 1 1
210 135 1 1
209 136 1 1
216 137 212 1
215 138 1 1
220 144 218 217
238 147 1 1
237 148 1 1
244 149 1 1
243 150 1 1
231 141 228 227
252 165 1 1
251 166 1 1
258 167 1 1
257 168 1 1
264 171 1 1
263 172 1 1
270 173 1 1
269 174 1 1
232 142 230 229
281 177 1 1
290 179 1 1
289 180 1 1
296 183 1 1
295 184 1 1
302 185 1 1
301 186 1 1
-1 178 280 279
-1 282 284 283
-1 212 436 435
283 279 338 337
284 280 396 395
-1 436 398 397
