63 0 -1 59
65 0 -1 61
77 0 -1 73
79 0 -1 75
119 0 -1 115
121 0 -1 117
133 0 -1 129
136 0 -1 132
0 0 -1 154
0 0 -1 155
94 0 -1 107
97 0 -1 108
0 0 -1 156
0 0 -1 157
102 0 -1 111
105 0 -1 112
0 0 -1 158
0 0 -1 159
216 0 165 164
0 0 -1 166
0 0 -1 167
0 0 -1 168
0 0 -1 169
0 0 -1 170
0 0 -1 171
0 0 -1 172
0 0 -1 173
0 0 199 198
0 0 201 200
0 0 203 202
0 0 205 204
0 0 207 206
0 0 209 208
0 0 211 210
0 0 213 212
64 59 -1 60
66 61 -1 62
78 73 -1 74
80 75 -1 76
154 107 -1 87
155 108 -1 88
156 111 -1 89
157 112 -1 90
168 166 -1 91
169 167 -1 92
172 170 -1 99
173 171 -1 100
120 115 -1 116
122 117 -1 118
132 129 131 130
158 95 -1 109
159 98 -1 110
164 160 -1 162
165 161 -1 163
200 198 175 174
204 202 179 178
208 206 181 180
212 210 185 184
201 199 187 186
205 203 191 190
209 207 193 192
213 211 197 196
-1 87 64 63
-1 88 66 65
91 60 -1 67
92 62 -1 68
-1 89 78 77
-1 90 80 79
99 74 -1 81
100 76 -1 82
-1 109 120 119
-1 110 122 121
118 116 124 123
134 130 -1 135
137 131 -1 138
162 113 -1 139
163 114 -1 140
178 174 -1 176
179 175 -1 177
184 180 -1 182
185 181 -1 183
190 186 -1 188
191 187 -1 189
196 192 -1 194
197 193 -1 195
-1 67 70 69
-1 68 72 71
-1 81 84 83
-1 82 86 85
-1 139 134 133
-1 140 137 136
135 123 126 125
138 124 128 127
194 188 -1 148
195 189 -1 149
182 176 -1 150
183 177 -1 151
-1 69 94 93
-1 71 97 96
93 70 -1 95
96 72 -1 98
-1 83 102 101
-1 85 105 104
101 84 -1 103
104 86 -1 106
149 125 1 1
148 126 1 1
151 127 -1 145
150 128 1 1
-1 145 153 152
106 103 114 113
215 152 -1 214
-1 153 216 215
-1 214 161 160
