0 0 -1 60
0 0 -1 62
0 0 -1 66
0 0 -1 67
0 0 -1 72
0 0 -1 75
0 0 79 78
0 0 83 82
0 0 -1 124
0 0 -1 127
0 0 129 128
0 0 133 132
0 0 147 146
0 0 149 148
0 0 151 150
0 0 153 152
0 0 -1 198
0 0 -1 201
0 0 207 206
0 0 211 210
0 0 231 230
0 0 233 232
0 0 235 234
0 0 237 236
0 0 281 280
0 0 285 284
0 0 287 286
0 0 291 290
0 0 301 300
66 60 -1 61
67 62 -1 63
75 72 74 73
82 78 -1 80
83 79 -1 81
127 124 126 125
132 128 -1 130
133 129 -1 131
148 146 135 134
152 150 139 138
149 147 141 140
153 151 145 144
201 198 200 199
210 206 -1 208
211 207 -1 209
232 230 219 218
236 234 223 222
233 231 225 224
237 235 229 228
300 298 267 266
301 299 273 272
284 280 -1 282
285 281 -1 283
290 286 -1 288
291 287 -1 289
63 61 65 64
80 73 -1 76
81 74 -1 77
130 125 93 92
131 126 109 108
138 134 -1 136
139 135 -1 137
144 140 -1 142
145 141 -1 143
208 199 203 202
209 200 205 204
222 218 -1 220
223 219 -1 221
228 224 -1 226
229 225 -1 227
288 282 263 262
292 266 -1 264
294 267 -1 265
289 283 269 268
293 272 -1 270
295 273 -1 271
76 64 69 68
77 65 71 70
136 92 -1 94
137 93 -1 95
142 108 -1 110
143 109 -1 111
221 203 171 170
220 202 213 212
226 204 215 214
227 205 217 216
264 262 239 238
265 263 245 244
270 268 251 250
271 269 257 256
94 68 85 84
95 69 87 86
110 70 89 88
111 71 91 90
246 170 155 154
241 213 161 160
240 212 167 166
247 171 169 168
259 217 177 176
258 216 183 182
252 214 193 192
215 91 -1 120
242 238 -1 240
243 239 -1 241
248 244 -1 246
249 245 -1 247
254 250 -1 252
255 251 -1 253
260 256 -1 258
261 257 -1 259
154 102 101 100
155 103 107 106
168 104 117 116
169 105 122 121
106 86 103 102
100 84 97 96
161 96 1 1
160 97 1 1
101 85 99 98
167 98 1 1
166 99 1 1
107 87 105 104
116 88 113 112
177 112 1 1
176 113 1 1
117 89 115 114
121 90 119 118
193 118 1 1
192 119 1 1
253 122 -1 123
-1 182 185 184
-1 183 187 186
-1 120 195 194
184 178 243 242
186 180 249 248
185 179 255 254
187 181 261 260
-1 114 179 178
-1 115 181 180
-1 123 197 196
275 195 -1 276
-1 194 275 274
278 197 -1 279
279 276 297 296
277 274 299 298
-1 196 278 277
-1 296 293 292
-1 297 295 294
