0 0 -1 60
0 0 -1 62
0 0 -1 66
0 0 -1 67
0 0 -1 70
0 0 -1 72
0 0 -1 76
0 0 -1 77
128 0 -1 82
129 0 -1 83
92 0 -1 84
93 0 -1 85
0 0 -1 98
0 0 -1 100
0 0 -1 104
0 0 -1 105
0 0 -1 110
0 0 -1 112
0 0 -1 116
0 0 -1 117
130 0 -1 122
131 0 -1 123
132 0 -1 126
133 0 -1 127
106 0 -1 124
108 0 -1 125
0 0 -1 134
0 0 -1 135
0 0 -1 136
0 0 -1 137
0 0 -1 138
0 0 -1 139
0 0 -1 140
0 0 -1 141
66 60 -1 61
67 62 -1 63
82 61 -1 64
83 63 -1 65
76 70 -1 71
77 72 -1 73
84 71 -1 74
85 73 -1 75
104 98 -1 99
105 100 -1 101
122 99 -1 102
123 101 -1 103
116 110 -1 111
117 112 -1 113
126 111 -1 114
127 113 -1 115
134 124 -1 128
135 125 -1 129
136 88 -1 92
137 91 -1 93
138 94 -1 130
139 96 -1 131
140 95 -1 132
141 97 -1 133
65 64 1 1
-1 74 79 78
-1 75 81 80
-1 102 107 106
-1 103 109 108
-1 114 119 118
-1 115 121 120
118 79 -1 88
120 81 -1 91
-1 78 87 86
-1 80 90 89
107 86 -1 94
109 89 -1 96
119 87 -1 95
121 90 -1 97
