64 0 -1 60
66 0 -1 62
80 0 -1 76
82 0 -1 78
68 0 -1 72
70 0 -1 74
84 0 -1 88
86 0 -1 90
0 0 -1 140
0 0 -1 141
254 0 -1 142
256 0 -1 143
0 0 -1 144
0 0 -1 145
255 0 -1 146
257 0 -1 147
0 0 201 200
0 0 205 204
0 0 207 206
0 0 211 210
0 0 239 238
0 0 241 240
0 0 243 242
0 0 245 244
0 0 247 246
0 0 249 248
0 0 251 250
0 0 253 252
0 0 383 382
0 0 385 384
0 0 387 386
0 0 389 388
0 0 391 390
0 0 393 392
0 0 397 396
65 60 -1 61
67 62 -1 63
81 76 -1 77
83 78 -1 79
142 140 -1 92
143 141 -1 93
146 144 -1 94
147 145 -1 95
72 69 -1 73
74 71 -1 75
88 85 -1 89
90 87 -1 91
240 238 149 148
244 242 153 152
248 246 155 154
252 250 159 158
241 239 161 160
245 243 165 164
249 247 167 166
253 251 171 170
204 200 173 172
210 206 175 174
205 201 203 202
211 207 209 208
384 382 287 286
388 386 291 290
392 390 293 292
396 394 297 296
385 383 347 346
389 387 351 350
393 391 353 352
397 395 357 356
-1 92 65 64
-1 93 67 66
-1 61 69 68
-1 63 71 70
-1 94 81 80
-1 95 83 82
-1 77 85 84
-1 79 87 86
75 73 97 96
91 89 99 98
174 172 119 118
175 173 125 124
208 202 133 132
209 203 139 138
152 148 -1 150
153 149 -1 151
158 154 -1 156
159 155 -1 157
164 160 -1 162
165 161 -1 163
170 166 -1 168
171 167 -1 169
290 286 259 258
296 292 261 260
291 287 289 288
297 293 295 294
350 346 321 320
356 352 323 322
351 347 349 348
357 353 355 354
98 96 101 100
99 97 103 102
156 150 -1 112
157 151 -1 113
168 162 -1 126
169 163 -1 127
118 104 115 114
260 258 181 180
119 105 117 116
261 259 187 186
124 106 121 120
294 288 193 192
125 107 123 122
295 289 199 198
132 108 129 128
322 320 217 216
133 109 131 130
323 321 225 224
138 110 135 134
354 348 231 230
139 111 137 136
355 349 237 236
112 100 105 104
113 101 107 106
126 102 109 108
127 103 111 110
180 114 177 176
181 115 179 178
186 116 183 182
187 117 185 184
192 120 189 188
193 121 191 190
198 122 195 194
199 123 197 196
216 128 213 212
-1 129 215 214
-1 217 219 218
224 130 221 220
225 131 223 222
230 134 227 226
231 135 229 228
236 136 233 232
237 137 235 234
-1 195 255 254
267 176 1 1
266 177 1 1
273 178 1 1
272 179 1 1
279 182 1 1
278 183 1 1
285 184 1 1
284 185 1 1
303 188 1 1
302 189 1 1
309 190 1 1
308 191 1 1
312 194 1 1
319 196 1 1
318 197 1 1
329 212 325 1
328 213 1 1
368 228 365 364
344 222 341 340
369 229 367 366
374 232 371 370
338 220 335 334
375 233 373 372
362 226 359 358
218 214 331 330
219 215 333 332
345 223 343 342
363 227 361 360
339 221 337 336
380 234 377 376
381 235 379 378
-1 325 395 394
398 364 267 266
399 365 273 272
400 366 279 278
401 367 285 284
404 370 303 302
405 371 309 308
406 372 313 312
407 373 319 318
410 358 329 328
424 360 339 338
425 361 345 344
426 376 363 362
427 377 369 368
428 378 375 374
429 379 381 380
402 340 399 398
423 333 403 402
403 341 401 400
408 334 405 404
418 330 409 408
409 335 407 406
420 342 411 410
422 332 421 420
-1 359 415 414
421 343 425 424
419 331 417 416
416 336 427 426
417 337 429 428
-1 313 257 256
414 412 419 418
415 413 423 422
-1 411 413 412
