0 0 -1 60
0 0 -1 63
0 0 69 68
0 0 73 72
0 0 119 118
0 0 121 120
0 0 123 122
0 0 125 124
0 0 155 154
0 0 159 158
0 0 161 160
0 0 165 164
0 0 321 320
0 0 323 322
0 0 325 324
0 0 327 326
0 0 329 328
0 0 331 330
0 0 333 332
0 0 335 334
0 0 -1 374
0 0 -1 377
0 0 383 382
0 0 387 386
0 0 401 400
0 0 403 402
0 0 405 404
0 0 407 406
0 0 413 412
63 60 62 61
72 68 -1 70
73 69 -1 71
120 118 83 82
124 122 87 86
121 119 101 100
125 123 105 104
158 154 127 126
164 160 129 128
159 155 157 156
165 161 163 162
322 320 219 218
326 324 223 222
330 328 225 224
334 332 229 228
323 321 283 282
327 325 287 286
331 329 289 288
335 333 293 292
377 374 376 375
386 382 -1 384
387 383 -1 385
402 400 389 388
406 404 393 392
403 401 395 394
407 405 399 398
412 372 409 408
413 373 411 410
70 61 65 64
71 62 67 66
86 82 -1 84
87 83 -1 85
128 126 93 92
129 127 99 98
104 100 -1 102
105 101 -1 103
162 156 111 110
163 157 117 116
222 218 191 190
228 224 193 192
223 219 221 220
229 225 227 226
286 282 255 254
292 288 257 256
287 283 285 284
293 289 291 290
410 370 347 346
411 371 359 358
408 368 363 362
409 369 367 366
384 375 379 378
385 376 381 380
392 388 -1 390
393 389 -1 391
398 394 -1 396
399 395 -1 397
84 64 75 74
85 65 77 76
102 66 79 78
103 67 81 80
92 74 89 88
192 190 135 134
93 75 91 90
193 191 141 140
98 76 95 94
226 220 147 146
99 77 97 96
227 221 153 152
110 78 107 106
256 254 171 170
111 79 109 108
257 255 177 176
116 80 113 112
290 284 183 182
117 81 115 114
291 285 189 188
346 344 337 336
347 345 339 338
359 357 341 340
358 356 343 342
396 380 345 344
363 361 349 348
362 360 351 350
367 365 353 352
366 364 355 354
397 381 357 356
390 378 361 360
391 379 365 364
134 88 131 130
336 196 199 198
135 89 133 132
337 197 205 204
140 90 137 136
338 194 211 210
141 91 139 138
339 195 217 216
146 94 143 142
342 202 235 234
147 95 145 144
343 203 241 240
152 96 149 148
340 200 247 246
153 97 151 150
341 201 253 252
170 106 167 166
350 208 263 262
171 107 169 168
351 209 269 268
176 108 173 172
348 206 275 274
177 109 175 174
349 207 281 280
182 112 179 178
354 214 299 298
183 113 181 180
355 215 305 304
188 114 185 184
352 212 311 310
189 115 187 186
353 213 319 318
235 142 1 1
234 143 1 1
241 144 1 1
240 145 1 1
247 148 1 1
246 149 1 1
253 150 1 1
252 151 1 1
263 166 1 1
262 167 1 1
269 168 1 1
268 169 1 1
275 172 1 1
274 173 1 1
281 174 1 1
280 175 1 1
299 178 1 1
298 179 1 1
305 180 1 1
304 181 1 1
310 184 1 1
319 186 315 1
318 187 1 1
199 131 197 196
198 130 195 194
204 132 201 200
205 133 203 202
210 136 207 206
211 137 209 208
216 138 213 212
217 139 215 214
-1 185 309 308
-1 311 313 312
-1 315 373 372
312 308 369 368
313 309 371 370
