0 0 61 60
0 0 67 66
0 0 81 80
0 0 83 82
0 0 137 136
0 0 141 140
0 0 143 142
0 0 147 146
0 0 301 300
0 0 305 304
0 0 307 306
0 0 311 310
0 0 313 312
0 0 317 316
0 0 319 318
0 0 323 322
0 0 395 394
0 0 399 398
0 0 405 404
0 0 409 408
0 0 411 410
0 0 415 414
0 0 -1 420
0 0 -1 423
0 0 425 424
0 0 429 428
0 0 -1 436
0 0 -1 439
0 0 443 442
66 60 63 62
82 80 73 72
67 61 65 64
83 81 79 78
140 136 109 108
146 142 111 110
141 137 139 138
147 143 145 144
304 300 199 198
310 306 203 202
316 312 205 204
322 318 209 208
305 301 303 302
311 307 309 308
317 313 315 314
323 319 321 320
398 394 389 388
408 404 391 390
414 410 393 392
399 395 397 396
409 405 407 406
415 411 413 412
423 420 422 421
428 424 -1 426
429 425 -1 427
439 436 438 437
442 386 -1 440
443 387 -1 441
72 62 69 68
110 108 89 88
73 63 71 70
111 109 95 94
78 64 75 74
144 138 101 100
79 65 77 76
145 139 106 105
202 198 171 170
208 204 173 172
203 199 201 200
209 205 207 206
309 303 277 276
321 315 281 280
403 389 291 290
393 391 295 294
416 396 329 328
412 406 333 332
417 397 343 342
413 407 347 346
308 302 353 352
320 314 359 358
426 421 361 360
440 437 365 364
401 388 375 374
392 390 377 376
422 381 -1 418
427 383 -1 419
441 438 433 432
88 68 85 84
172 170 117 116
89 69 87 86
173 171 123 122
94 70 91 90
206 200 129 128
95 71 93 92
207 201 135 134
100 74 97 96
101 75 99 98
105 76 103 102
277 77 -1 104
281 106 -1 107
291 261 -1 262
295 251 -1 263
332 328 325 324
333 329 331 330
346 342 339 338
347 343 345 344
400 360 -1 362
402 361 -1 363
368 364 -1 366
369 365 -1 367
359 353 357 356
377 375 371 370
358 352 355 354
376 374 373 372
280 276 279 278
294 290 293 292
419 418 431 430
432 384 -1 434
433 385 -1 435
116 84 113 112
326 324 179 178
117 85 115 114
327 325 185 184
122 86 119 118
334 330 191 190
123 87 121 120
335 331 197 196
128 90 125 124
340 338 215 214
129 91 127 126
341 339 221 220
134 92 131 130
348 344 227 226
135 93 133 132
349 345 233 232
366 362 235 234
152 96 149 148
372 354 243 242
153 97 151 150
373 355 249 248
158 98 155 154
370 356 253 252
159 99 157 156
371 357 259 258
367 363 261 260
164 102 161 160
292 278 269 268
165 103 163 162
293 279 275 274
-1 104 167 166
-1 107 169 168
-1 262 287 286
-1 263 289 288
434 430 337 336
435 431 351 350
236 234 153 152
237 235 159 158
260 250 165 164
179 112 1 1
178 113 1 1
185 114 1 1
184 115 1 1
191 118 1 1
190 119 1 1
197 120 1 1
196 121 1 1
215 124 1 1
214 125 1 1
221 126 1 1
220 127 1 1
227 130 1 1
226 131 1 1
233 132 1 1
232 133 1 1
252 154 237 236
243 148 1 1
242 149 1 1
249 150 1 1
248 151 1 1
253 155 251 250
269 160 1 1
268 161 1 1
275 162 271 1
274 163 1 1
336 254 327 326
258 156 255 254
337 255 335 334
350 256 341 340
259 157 257 256
351 257 349 348
168 166 283 282
288 286 297 296
169 167 285 284
289 287 299 298
-1 271 387 386
298 284 369 368
296 282 379 378
-1 283 381 380
-1 297 383 382
299 285 385 384
-1 378 401 400
-1 379 403 402
382 380 417 416
