0 0 -1 60
0 0 -1 63
0 0 69 68
0 0 73 72
0 0 119 118
0 0 121 120
0 0 123 122
0 0 125 124
0 0 155 154
0 0 159 158
0 0 161 160
0 0 165 164
0 0 317 316
0 0 319 318
0 0 321 320
0 0 323 322
0 0 325 324
0 0 327 326
0 0 329 328
0 0 331 330
0 0 -1 370
0 0 -1 373
0 0 379 378
0 0 383 382
0 0 397 396
0 0 399 398
0 0 401 400
0 0 403 402
0 0 415 414
63 60 62 61
72 68 -1 70
73 69 -1 71
120 118 83 82
124 122 87 86
121 119 101 100
125 123 105 104
158 154 127 126
164 160 129 128
159 155 157 156
165 161 163 162
318 316 219 218
322 320 223 222
326 324 225 224
330 328 229 228
319 317 283 282
323 321 287 286
327 325 289 288
331 329 293 292
373 370 372 371
382 378 -1 380
383 379 -1 381
398 396 385 384
402 400 389 388
399 397 391 390
403 401 395 394
414 410 405 404
415 411 413 412
70 61 65 64
71 62 67 66
86 82 -1 84
87 83 -1 85
128 126 93 92
129 127 99 98
104 100 -1 102
105 101 -1 103
162 156 111 110
163 157 117 116
222 218 191 190
228 224 193 192
223 219 221 220
229 225 227 226
286 282 255 254
292 288 257 256
287 283 285 284
293 289 291 290
412 407 343 342
413 409 355 354
406 404 359 358
408 405 363 362
380 371 375 374
381 372 377 376
388 384 -1 386
389 385 -1 387
394 390 -1 392
395 391 -1 393
84 64 75 74
85 65 77 76
102 66 79 78
103 67 81 80
92 74 89 88
192 190 135 134
93 75 91 90
193 191 141 140
98 76 95 94
226 220 147 146
99 77 97 96
227 221 153 152
110 78 107 106
256 254 171 170
111 79 109 108
257 255 177 176
116 80 113 112
290 284 183 182
117 81 115 114
291 285 188 187
342 340 333 332
343 341 335 334
355 353 337 336
354 352 339 338
392 376 341 340
359 357 345 344
358 356 347 346
363 361 349 348
362 360 351 350
393 377 353 352
386 374 357 356
387 375 361 360
134 88 131 130
332 196 199 198
135 89 133 132
333 197 205 204
140 90 137 136
334 194 211 210
141 91 139 138
335 195 217 216
146 94 143 142
338 202 235 234
147 95 145 144
339 203 241 240
152 96 149 148
336 200 247 246
153 97 151 150
337 201 253 252
170 106 167 166
346 208 263 262
171 107 169 168
347 209 269 268
176 108 173 172
344 206 275 274
177 109 175 174
345 207 281 280
182 112 179 178
350 214 299 298
183 113 181 180
351 215 305 304
213 115 -1 186
349 188 -1 189
187 114 185 184
348 212 315 314
235 142 1 1
234 143 1 1
241 144 1 1
240 145 1 1
247 148 1 1
246 149 1 1
253 150 1 1
252 151 1 1
263 166 1 1
262 167 1 1
269 168 1 1
268 169 1 1
275 172 1 1
274 173 1 1
281 174 1 1
280 175 1 1
299 178 1 1
298 179 1 1
305 180 1 1
304 181 1 1
315 184 1 1
314 185 1 1
199 131 197 196
198 130 195 194
204 132 201 200
205 133 203 202
210 136 207 206
211 137 209 208
216 138 213 212
217 139 215 214
-1 186 307 306
-1 189 309 308
365 307 -1 366
368 309 -1 369
-1 306 365 364
-1 308 368 367
367 364 411 410
369 366 417 416
-1 416 407 406
-1 417 409 408
