0 0 -1 60
0 0 -1 62
0 0 -1 66
0 0 -1 67
0 0 -1 70
0 0 -1 72
0 0 -1 76
0 0 -1 77
0 0 -1 102
0 0 -1 104
0 0 -1 108
0 0 -1 109
0 0 -1 112
0 0 -1 114
0 0 -1 118
0 0 -1 119
0 0 -1 126
0 0 -1 127
0 0 -1 128
0 0 -1 129
0 0 -1 130
0 0 -1 131
0 0 -1 132
0 0 -1 133
0 0 -1 140
0 0 -1 141
90 0 -1 134
94 0 -1 136
0 0 -1 142
0 0 -1 143
66 60 -1 61
67 62 -1 63
76 70 -1 71
77 72 -1 73
128 126 -1 80
129 127 -1 81
132 130 -1 86
133 131 -1 87
108 102 -1 103
109 104 -1 105
118 112 -1 113
119 114 -1 115
140 134 -1 122
141 136 -1 123
142 135 -1 124
143 137 -1 125
80 61 -1 64
81 63 -1 65
86 71 -1 74
87 73 -1 75
122 103 -1 106
123 105 -1 107
124 113 -1 116
125 115 -1 117
65 64 69 68
75 74 79 78
107 106 111 110
117 116 121 120
78 68 83 82
121 111 93 92
79 69 85 84
120 110 101 100
92 82 1 1
101 84 97 1
100 85 1 1
-1 83 91 90
-1 93 95 94
-1 97 139 138
139 91 -1 135
138 95 -1 137
