0 0 -1 61
0 0 -1 63
0 0 -1 77
0 0 -1 80
105 0 -1 101
108 0 -1 103
101 0 -1 102
103 0 -1 104
115 0 -1 111
118 0 -1 113
111 0 -1 112
113 0 -1 114
0 0 -1 127
0 0 -1 128
0 0 132 131
0 0 136 135
68 0 -1 69
71 0 -1 72
84 0 -1 85
87 0 -1 88
145 0 -1 141
148 0 -1 143
141 0 -1 142
143 0 -1 144
161 0 -1 157
164 0 -1 159
157 0 -1 158
159 0 -1 160
146 0 -1 147
149 0 -1 150
162 0 -1 163
165 0 -1 166
221 0 -1 179
222 0 -1 180
223 0 -1 185
224 0 -1 186
0 0 -1 221
0 0 -1 222
0 0 -1 223
0 0 -1 224
0 0 -1 225
0 0 -1 226
0 0 -1 233
245 0 -1 236
248 69 -1 137
247 72 -1 138
67 61 -1 62
70 63 -1 64
-1 102 68 67
-1 104 71 70
80 77 79 78
114 112 122 121
127 106 -1 107
128 109 -1 110
135 131 -1 133
136 132 -1 134
179 142 -1 151
180 144 -1 152
185 158 -1 167
186 160 -1 168
241 147 -1 171
243 150 -1 172
242 85 -1 139
244 88 -1 140
213 163 -1 175
215 166 -1 176
225 182 -1 217
226 184 -1 218
236 233 235 234
-1 137 146 145
-1 138 149 148
64 62 66 65
83 78 -1 81
86 79 -1 82
-1 121 84 83
-1 122 87 86
110 107 126 125
133 116 -1 117
134 119 -1 120
-1 139 162 161
-1 140 165 164
168 167 170 169
-1 151 154 153
-1 152 156 155
218 217 228 227
234 190 -1 219
235 194 -1 220
172 171 174 173
176 175 178 177
81 65 74 73
125 117 94 93
82 66 76 75
126 120 99 98
181 153 -1 123
183 155 -1 124
-1 169 188 187
-1 170 192 191
-1 154 182 181
-1 156 184 183
227 219 230 229
177 173 238 237
228 220 232 231
178 174 240 239
-1 123 106 105
-1 124 109 108
189 187 -1 129
193 191 -1 130
93 73 90 89
240 232 200 199
94 74 92 91
239 231 206 205
98 75 96 95
237 229 212 211
230 76 -1 97
238 99 -1 100
-1 188 190 189
-1 192 194 193
-1 129 116 115
-1 130 119 118
200 89 196 1
199 90 1 1
206 91 1 1
205 92 1 1
212 95 1 1
211 96 1 1
-1 97 214 213
-1 100 216 215
-1 196 246 245
-1 214 242 241
-1 216 244 243
-1 246 248 247
