65 0 -1 61
66 0 -1 64
0 0 -1 65
0 0 -1 66
0 0 74 73
0 0 83 82
0 0 87 86
0 0 114 113
0 0 116 115
0 0 173 172
0 0 175 174
0 0 177 176
0 0 179 178
0 0 185 184
0 0 189 188
0 0 191 190
0 0 195 194
0 0 291 290
0 0 295 294
0 0 297 296
0 0 301 300
0 0 307 306
0 0 311 310
0 0 313 312
0 0 317 316
0 0 373 372
0 0 375 374
0 0 377 376
0 0 379 378
0 0 381 380
388 0 385 384
64 61 63 62
84 73 -1 71
85 74 -1 72
86 82 -1 84
87 83 -1 85
115 113 89 88
116 114 101 100
174 172 118 117
178 176 122 121
175 173 124 123
179 177 128 127
188 184 181 180
194 190 183 182
189 185 187 186
195 191 193 192
294 290 287 286
300 296 289 288
310 306 303 302
316 312 305 304
295 291 293 292
301 297 299 298
311 307 309 308
317 313 315 314
376 374 323 322
380 378 327 326
372 272 329 328
384 382 333 332
377 375 351 350
381 379 355 354
373 273 357 356
385 383 361 360
71 62 68 67
72 63 70 69
119 88 -1 90
120 89 -1 91
125 100 -1 102
126 101 -1 103
121 117 -1 119
122 118 -1 120
127 123 -1 125
128 124 -1 126
182 180 130 129
183 181 142 141
192 186 154 153
351 342 -1 164
355 344 -1 165
288 286 197 196
304 302 201 200
289 287 203 202
305 303 207 206
236 187 -1 232
237 193 -1 233
309 293 -1 236
315 299 -1 237
298 292 243 242
314 308 247 246
363 357 -1 248
367 361 -1 249
326 322 319 318
332 328 321 320
327 323 325 324
333 329 331 330
354 350 353 352
360 356 359 358
90 67 76 75
91 68 78 77
102 69 80 79
164 70 -1 81
165 103 -1 104
198 129 -1 131
199 130 -1 132
204 141 -1 143
205 142 -1 144
244 153 -1 155
245 154 -1 156
200 196 -1 198
201 197 -1 199
206 202 -1 204
207 203 -1 205
321 319 209 208
320 318 215 214
331 325 221 220
330 324 227 226
248 232 -1 234
249 233 -1 235
246 242 -1 244
247 243 -1 245
359 353 265 264
358 352 279 278
131 75 93 92
132 76 95 94
143 77 97 96
144 78 99 98
155 79 106 105
156 80 108 107
-1 81 110 109
-1 104 112 111
212 208 -1 210
213 209 -1 211
218 214 -1 216
219 215 -1 217
224 220 -1 222
225 221 -1 223
230 226 -1 228
231 227 -1 229
-1 234 239 238
-1 235 241 240
270 264 -1 266
271 265 -1 267
282 278 -1 280
283 279 -1 281
211 92 1 1
210 93 1 1
217 94 1 1
216 95 1 1
223 96 1 1
222 97 1 1
229 98 1 1
228 99 1 1
266 105 1 1
281 107 -1 161
280 108 1 1
-1 109 167 166
-1 111 170 169
167 110 -1 168
170 112 -1 171
-1 238 251 250
-1 240 254 253
251 239 -1 252
254 241 -1 255
-1 106 160 159
-1 267 269 268
-1 161 285 284
169 166 257 256
253 250 261 260
171 168 259 258
255 252 263 262
268 159 273 272
-1 160 275 274
-1 269 277 276
387 284 -1 386
-1 285 388 387
260 256 337 336
276 274 341 340
261 257 363 362
277 275 367 366
263 258 369 368
262 259 371 370
-1 386 383 382
340 336 335 334
-1 370 343 342
-1 371 345 344
341 337 339 338
-1 368 347 346
-1 369 349 348
366 362 365 364
345 335 213 212
343 334 219 218
348 339 225 224
346 338 231 230
365 349 271 270
364 347 283 282
