65 0 -1 61
66 0 -1 64
0 0 -1 65
0 0 -1 66
0 0 74 73
0 0 84 83
0 0 88 87
0 0 113 112
0 0 115 114
0 0 182 181
0 0 184 183
0 0 186 185
0 0 188 187
0 0 194 193
0 0 198 197
0 0 200 199
0 0 204 203
0 0 288 287
0 0 292 291
0 0 294 293
0 0 298 297
0 0 304 303
0 0 308 307
0 0 310 309
0 0 314 313
0 0 380 379
0 0 382 381
0 0 384 383
0 0 386 385
0 0 388 387
281 0 392 391
64 61 63 62
85 73 -1 71
86 74 -1 72
87 83 -1 85
88 84 -1 86
114 112 90 89
115 113 102 101
183 181 117 116
187 185 121 120
184 182 123 122
188 186 127 126
197 193 190 189
203 199 192 191
198 194 196 195
204 200 202 201
291 287 284 283
297 293 286 285
307 303 300 299
313 309 302 301
292 288 290 289
298 294 296 295
308 304 306 305
314 310 312 311
381 379 320 319
385 383 324 323
387 377 326 325
391 389 330 329
382 380 346 345
386 384 350 349
388 378 352 351
392 390 356 355
71 62 68 67
72 63 70 69
118 89 -1 91
119 90 -1 92
124 101 -1 103
125 102 -1 104
120 116 -1 118
121 117 -1 119
126 122 -1 124
127 123 -1 125
191 189 129 128
192 190 141 140
201 195 153 152
202 196 169 168
285 283 206 205
301 299 210 209
286 284 212 211
302 300 216 215
295 289 242 241
311 305 246 245
296 290 248 247
312 306 252 251
323 319 316 315
329 325 318 317
324 320 322 321
330 326 328 327
349 345 340 339
355 351 343 342
350 346 348 347
356 352 354 353
91 67 76 75
92 68 78 77
103 69 80 79
104 70 82 81
207 128 -1 130
208 129 -1 131
213 140 -1 142
214 141 -1 143
243 152 -1 154
244 153 -1 155
249 168 -1 170
250 169 -1 171
209 205 -1 207
210 206 -1 208
215 211 -1 213
216 212 -1 214
318 316 218 217
317 315 224 223
328 322 230 229
327 321 236 235
245 241 -1 243
246 242 -1 244
251 247 -1 249
252 248 -1 250
342 339 254 253
372 348 -1 267
374 354 -1 268
353 347 276 275
360 340 -1 341
362 343 -1 344
130 75 94 93
131 76 96 95
142 77 98 97
143 78 100 99
154 79 106 105
-1 80 108 107
-1 155 157 156
267 82 -1 111
268 170 -1 172
171 81 110 109
221 217 -1 219
222 218 -1 220
227 223 -1 225
228 224 -1 226
233 229 -1 231
234 230 -1 232
239 235 -1 237
240 236 -1 238
257 253 -1 255
258 254 -1 256
279 275 -1 277
280 276 -1 278
344 341 358 357
220 93 1 1
219 94 1 1
226 95 1 1
225 96 1 1
232 97 1 1
231 98 1 1
238 99 1 1
237 100 1 1
256 105 1 1
255 106 1 1
278 109 178 1
277 110 1 1
156 107 163 162
-1 108 165 164
-1 157 167 166
-1 111 174 173
-1 172 176 175
-1 357 364 363
-1 358 368 367
-1 178 282 281
166 164 264 263
363 162 260 259
-1 364 366 365
-1 368 370 369
167 165 266 265
367 163 262 261
270 174 -1 271
273 176 -1 274
-1 173 270 269
-1 175 273 272
-1 282 390 389
365 263 332 331
393 259 334 333
369 264 336 335
395 260 338 337
366 265 360 359
394 261 362 361
370 266 372 371
396 262 374 373
274 271 376 375
272 269 378 377
334 332 222 221
333 331 228 227
338 336 234 233
337 335 240 239
361 359 258 257
373 371 280 279
-1 375 394 393
-1 376 396 395
