0 0 -1 61
0 0 -1 63
0 0 -1 69
0 0 -1 70
0 0 -1 75
0 0 -1 77
0 0 -1 83
0 0 -1 84
65 0 -1 71
67 0 -1 73
79 0 -1 85
81 0 -1 87
0 0 -1 101
0 0 -1 103
0 0 -1 109
0 0 -1 110
0 0 -1 115
0 0 -1 117
0 0 -1 123
0 0 -1 124
0 0 -1 178
0 0 -1 180
0 0 -1 182
0 0 -1 183
0 0 -1 184
0 0 -1 186
0 0 -1 188
0 0 -1 189
0 0 -1 190
0 0 -1 192
0 0 -1 200
209 0 -1 202
69 61 -1 62
70 63 -1 64
83 75 -1 76
84 77 -1 78
71 66 -1 72
73 68 -1 74
85 80 -1 86
87 82 -1 88
109 101 -1 102
110 103 -1 104
123 115 -1 116
124 117 -1 118
182 178 -1 179
183 180 -1 181
188 184 -1 185
189 186 -1 187
198 190 -1 191
199 192 -1 193
200 162 -1 201
202 165 -1 203
-1 62 66 65
-1 64 68 67
-1 76 80 79
-1 78 82 81
150 72 -1 89
151 74 -1 90
154 86 -1 91
155 88 -1 92
-1 102 106 105
-1 104 108 107
-1 116 120 119
-1 118 122 121
-1 185 175 174
-1 187 177 176
-1 191 195 194
-1 193 197 196
-1 201 205 204
-1 203 207 206
-1 179 171 170
-1 181 173 172
134 105 -1 111
137 107 -1 113
111 106 -1 112
113 108 -1 114
144 119 -1 125
147 121 -1 127
125 120 -1 126
127 122 -1 128
194 152 -1 150
196 153 -1 151
-1 89 94 93
-1 90 96 95
204 156 -1 154
206 157 -1 155
-1 91 98 97
-1 92 100 99
174 146 -1 158
176 149 -1 159
195 94 -1 152
197 96 -1 153
205 98 -1 156
207 100 -1 157
175 145 -1 146
177 148 -1 149
170 136 -1 166
172 139 -1 167
171 135 -1 136
173 138 -1 139
-1 93 135 134
-1 95 138 137
158 112 -1 129
159 114 -1 130
-1 97 145 144
-1 99 148 147
167 126 -1 131
166 128 1 1
-1 131 169 168
-1 129 141 140
-1 130 143 142
168 163 -1 199
-1 169 209 208
161 141 -1 162
164 143 -1 165
-1 140 161 160
-1 142 164 163
208 160 -1 198
