0 0 -1 61
0 0 -1 63
61 0 -1 62
63 0 -1 64
0 0 -1 71
0 0 -1 74
0 0 78 77
0 0 -1 115
0 0 -1 118
0 0 120 119
0 0 124 123
0 0 126 125
0 0 128 127
0 0 216 215
0 0 220 219
0 0 222 221
0 0 226 225
0 0 319 318
0 0 323 322
0 0 325 324
0 0 329 328
0 0 331 330
0 0 333 332
0 0 335 334
0 0 337 336
0 0 423 422
0 0 427 426
0 0 431 430
0 0 433 432
0 0 439 438
458 0 445 444
64 62 66 65
74 71 73 72
77 72 -1 75
78 73 -1 76
127 125 92 91
128 126 106 105
118 115 117 116
123 119 -1 121
124 120 -1 122
332 330 206 205
336 334 210 209
219 215 212 211
225 221 214 213
333 331 282 281
337 335 286 285
220 216 218 217
226 222 224 223
322 318 -1 320
323 319 -1 321
328 324 -1 326
329 325 -1 327
426 422 395 394
432 430 399 398
438 434 401 400
444 440 405 404
427 423 425 424
433 431 429 428
439 435 437 436
445 441 443 442
75 65 68 67
76 66 70 69
121 116 88 87
91 87 -1 89
92 88 -1 90
122 117 102 101
105 101 -1 103
106 102 -1 104
213 211 134 133
214 212 152 151
223 217 172 171
224 218 190 189
326 320 204 203
209 205 -1 207
210 206 -1 208
327 321 280 279
285 281 -1 283
286 282 -1 284
398 394 339 338
404 400 341 340
428 424 349 348
442 436 353 352
429 425 369 368
443 437 373 372
399 395 397 396
405 401 403 402
89 67 80 79
90 68 82 81
103 69 84 83
104 70 86 85
207 203 130 129
133 129 -1 131
134 130 -1 132
208 204 148 147
151 147 -1 149
152 148 -1 150
283 279 168 167
171 167 -1 169
172 168 -1 170
284 280 186 185
189 185 -1 187
190 186 -1 188
340 338 254 253
341 339 313 312
352 348 345 344
353 349 351 350
372 368 359 358
373 369 371 370
402 396 413 412
403 397 417 416
131 79 94 93
132 80 96 95
149 81 98 97
150 82 100 99
169 83 108 107
170 84 110 109
187 85 112 111
188 86 114 113
257 253 228 227
346 344 234 233
347 345 240 239
356 350 246 245
357 351 252 251
258 254 256 255
359 98 -1 155
360 358 268 267
376 370 274 273
316 312 288 287
414 412 294 293
415 413 300 299
418 416 306 305
419 417 311 310
317 313 315 314
-1 371 379 378
227 191 140 139
228 192 146 145
255 193 157 156
256 194 164 163
287 197 178 177
288 198 184 183
314 199 196 195
315 200 202 201
195 111 192 191
139 93 136 135
234 135 1 1
233 136 1 1
140 94 138 137
240 137 1 1
239 138 1 1
145 95 142 141
246 141 1 1
245 142 1 1
146 96 144 143
252 143 1 1
251 144 1 1
196 112 194 193
156 97 154 153
268 153 1 1
267 154 1 1
163 99 160 159
274 159 1 1
273 160 1 1
-1 100 162 161
201 113 198 197
177 107 174 173
294 173 1 1
293 174 1 1
178 108 176 175
300 175 1 1
299 176 1 1
183 109 180 179
306 179 1 1
305 180 1 1
184 110 182 181
311 181 -1 307
310 182 1 1
202 114 200 199
-1 155 260 259
380 378 387 386
381 379 393 392
-1 307 421 420
361 157 -1 158
-1 164 166 165
165 161 276 275
387 275 383 382
386 276 385 384
166 162 278 277
392 277 389 388
-1 259 363 362
393 278 391 390
363 260 -1 364
457 420 -1 456
-1 421 458 457
450 388 343 342
451 390 355 354
-1 158 262 261
453 391 375 374
-1 384 409 408
-1 385 411 410
452 389 407 406
365 362 435 434
-1 382 447 446
-1 383 449 448
367 364 455 454
-1 456 441 440
408 342 258 257
410 343 317 316
446 354 347 346
448 355 357 356
409 374 361 360
411 375 377 376
447 406 415 414
449 407 419 418
-1 261 366 365
-1 454 451 450
-1 455 453 452
366 262 -1 367
-1 377 381 380
