0 0 -1 61
0 0 -1 63
61 0 -1 62
63 0 -1 64
0 0 -1 71
0 0 -1 74
0 0 78 77
0 0 -1 114
0 0 -1 117
0 0 119 118
0 0 123 122
0 0 125 124
0 0 127 126
0 0 212 211
0 0 216 215
0 0 218 217
0 0 222 221
0 0 333 332
0 0 337 336
0 0 339 338
0 0 343 342
0 0 345 344
0 0 347 346
0 0 349 348
0 0 351 350
0 0 423 422
0 0 427 426
0 0 431 430
0 0 433 432
0 0 437 436
458 0 443 442
64 62 66 65
74 71 73 72
77 72 -1 75
78 73 -1 76
126 124 92 91
127 125 105 104
117 114 116 115
122 118 -1 120
123 119 -1 121
346 344 202 201
350 348 206 205
215 211 208 207
221 217 210 209
347 345 296 295
351 349 300 299
216 212 214 213
222 218 220 219
336 332 -1 334
337 333 -1 335
342 338 -1 340
343 339 -1 341
426 422 391 390
432 430 395 394
436 372 397 396
442 438 401 400
427 423 425 424
433 431 429 428
437 373 435 434
443 439 441 440
75 65 68 67
76 66 70 69
120 115 88 87
91 87 -1 89
92 88 -1 90
121 116 101 100
104 100 -1 102
105 101 -1 103
209 207 133 132
210 208 152 151
219 213 168 167
220 214 186 185
340 334 200 199
205 201 -1 203
206 202 -1 204
429 425 272 271
441 435 276 275
341 335 294 293
299 295 -1 297
300 296 -1 298
394 390 353 352
400 396 355 354
428 424 363 362
440 434 367 366
395 391 393 392
401 397 399 398
89 67 80 79
90 68 82 81
102 69 84 83
103 70 86 85
203 199 129 128
132 128 -1 130
133 129 -1 131
204 200 147 146
151 146 -1 148
152 147 -1 149
272 82 -1 99
276 149 -1 150
297 293 164 163
167 163 -1 165
168 164 -1 166
298 294 182 181
185 181 -1 183
186 182 -1 184
354 352 250 249
355 353 327 326
366 362 359 358
367 363 365 364
275 271 274 273
398 392 413 412
399 393 417 416
130 79 94 93
131 80 96 95
148 81 98 97
165 83 107 106
166 84 109 108
183 85 111 110
184 86 113 112
253 249 224 223
360 358 230 229
361 359 236 235
370 364 242 241
371 365 248 247
254 250 252 251
287 273 262 261
288 274 270 269
-1 99 160 159
-1 150 162 161
330 326 302 301
414 412 308 307
415 413 314 313
418 416 320 319
419 417 325 324
331 327 329 328
223 187 139 138
224 188 145 144
251 189 158 157
301 193 174 173
302 194 180 179
328 195 192 191
329 196 198 197
191 110 188 187
138 93 135 134
230 134 1 1
229 135 1 1
139 94 137 136
236 136 1 1
235 137 1 1
144 95 141 140
242 140 1 1
241 141 1 1
145 96 143 142
248 142 1 1
247 143 1 1
192 111 190 189
157 97 154 153
261 153 1 1
158 98 156 155
270 155 1 1
269 156 1 1
410 252 -1 255
197 112 194 193
173 106 170 169
308 169 1 1
307 170 1 1
174 107 172 171
314 171 1 1
313 172 1 1
179 108 176 175
320 175 1 1
319 176 1 1
180 109 178 177
325 177 -1 321
324 178 1 1
198 113 196 195
-1 262 264 263
161 159 278 277
379 160 -1 279
383 162 -1 280
-1 321 421 420
286 190 -1 256
-1 255 282 281
-1 154 260 259
263 259 373 372
-1 264 377 376
-1 277 379 378
280 279 387 386
-1 278 381 380
457 420 -1 456
-1 421 458 457
-1 256 284 283
283 281 290 289
381 282 -1 291
376 374 403 402
382 378 407 406
377 375 449 448
384 380 451 450
-1 260 375 374
389 386 453 452
388 387 455 454
-1 456 439 438
451 449 286 285
406 402 357 356
450 448 369 368
385 284 -1 292
-1 454 409 408
-1 455 411 410
407 403 405 404
-1 452 445 444
-1 453 447 446
-1 289 383 382
292 291 389 388
-1 290 385 384
409 356 254 253
411 357 331 330
444 368 361 360
446 369 371 370
408 285 288 287
445 404 415 414
447 405 419 418
