0 0 -1 61
0 0 -1 63
0 0 -1 77
0 0 -1 80
0 0 -1 138
0 0 -1 141
0 0 143 142
0 0 147 146
0 0 377 376
0 0 379 378
0 0 381 380
0 0 383 382
0 0 385 384
0 0 387 386
0 0 389 388
0 0 391 390
0 0 393 392
0 0 395 394
0 0 397 396
0 0 399 398
0 0 401 400
0 0 403 402
0 0 405 404
0 0 407 406
0 0 469 468
0 0 473 472
0 0 475 474
0 0 479 478
0 0 483 482
504 0 489 488
68 61 -1 62
72 63 -1 64
80 77 79 78
141 138 140 139
146 142 -1 144
147 143 -1 145
378 376 224 223
382 380 228 227
386 384 230 229
390 388 234 233
379 377 236 235
383 381 240 239
387 385 242 241
391 389 246 245
394 392 276 275
398 396 280 279
402 400 282 281
406 404 286 285
395 393 324 323
399 397 328 327
403 401 330 329
407 405 334 333
472 468 453 452
478 474 455 454
482 444 457 456
488 484 459 458
473 469 471 470
479 475 477 476
483 445 481 480
489 485 487 486
64 62 66 65
83 78 -1 81
86 79 -1 82
144 139 118 117
145 140 130 129
327 323 210 209
333 329 212 211
476 470 214 213
486 480 218 217
227 223 -1 225
228 224 -1 226
233 229 -1 231
234 230 -1 232
239 235 -1 237
240 236 -1 238
245 241 -1 243
246 242 -1 244
279 275 248 247
285 281 250 249
280 276 278 277
286 282 284 283
328 324 326 325
334 330 332 331
477 471 351 350
487 481 355 354
454 452 413 412
458 456 417 416
455 453 427 426
459 457 431 430
81 65 74 73
82 66 76 75
211 209 102 101
225 69 -1 103
231 84 -1 85
226 70 -1 104
232 87 -1 88
217 213 110 109
148 117 -1 119
151 118 -1 120
154 129 -1 131
157 130 -1 132
243 237 165 164
244 238 168 167
249 247 174 173
250 248 180 179
283 277 186 185
284 278 192 191
212 210 198 197
331 325 204 203
351 96 -1 137
355 159 -1 166
367 326 -1 335
496 332 -1 336
416 412 409 408
417 413 415 414
430 426 423 422
431 427 429 428
218 214 216 215
354 350 353 352
-1 102 72 71
115 109 112 111
119 73 90 89
103 85 106 105
120 74 92 91
104 88 108 107
131 75 94 93
132 76 96 95
101 97 100 99
116 110 114 113
164 149 -1 150
165 152 -1 153
167 155 -1 156
168 158 -1 159
173 121 170 169
410 408 256 255
174 122 172 171
411 409 262 261
179 123 176 175
420 414 268 267
180 124 178 177
421 415 274 273
185 125 182 181
424 422 292 291
186 126 184 183
425 423 298 297
191 127 188 187
434 428 304 303
192 128 190 189
435 429 310 309
197 133 194 193
221 215 316 315
198 134 196 195
222 216 322 321
203 135 200 199
368 352 342 341
204 136 202 201
369 353 349 348
-1 137 206 205
-1 166 208 207
-1 335 363 362
-1 336 365 364
-1 111 84 83
-1 112 87 86
150 93 98 97
71 67 70 69
114 99 161 160
113 100 163 162
105 89 122 121
106 90 124 123
107 91 126 125
108 92 128 127
153 94 134 133
156 95 136 135
256 169 1 1
255 170 1 1
262 171 1 1
261 172 1 1
268 175 1 1
267 176 1 1
274 177 1 1
273 178 1 1
292 181 1 1
291 182 1 1
298 183 1 1
297 184 1 1
304 187 1 1
303 188 1 1
310 189 1 1
309 190 1 1
316 193 1 1
315 194 1 1
322 195 1 1
321 196 1 1
341 199 1 1
349 201 -1 345
348 202 1 1
-1 205 357 356
-1 207 360 359
357 206 -1 358
360 208 -1 361
-1 362 371 370
-1 364 374 373
371 363 -1 372
374 365 -1 375
-1 200 340 339
-1 342 344 343
-1 345 451 450
-1 98 68 67
-1 160 149 148
-1 161 152 151
-1 162 155 154
-1 163 158 157
343 339 445 444
359 356 437 436
373 370 441 440
-1 340 447 446
-1 344 449 448
361 358 439 438
375 372 443 442
503 450 -1 502
-1 451 504 503
440 436 461 460
448 446 463 462
441 437 491 490
449 447 493 492
443 438 499 498
442 439 501 500
-1 502 485 484
492 490 220 219
493 491 367 366
462 460 419 418
463 461 433 432
-1 498 465 464
-1 499 467 466
-1 500 495 494
-1 501 497 496
464 219 116 115
465 418 411 410
467 419 421 420
495 432 425 424
497 433 435 434
466 220 222 221
494 366 369 368
