0 0 -1 61
0 0 -1 63
61 0 -1 62
63 0 -1 64
0 0 -1 71
0 0 -1 74
0 0 78 77
0 0 -1 115
0 0 -1 118
0 0 120 119
0 0 124 123
0 0 126 125
0 0 128 127
0 0 216 215
0 0 220 219
0 0 222 221
0 0 226 225
0 0 323 322
0 0 327 326
0 0 329 328
0 0 333 332
0 0 335 334
0 0 337 336
0 0 339 338
0 0 341 340
0 0 429 428
0 0 433 432
0 0 437 436
0 0 439 438
0 0 443 442
458 0 449 448
64 62 66 65
74 71 73 72
77 72 -1 75
78 73 -1 76
127 125 92 91
128 126 106 105
118 115 117 116
123 119 -1 121
124 120 -1 122
336 334 206 205
340 338 210 209
219 215 212 211
225 221 214 213
337 335 286 285
341 339 290 289
220 216 218 217
226 222 224 223
326 322 -1 324
327 323 -1 325
332 328 -1 330
333 329 -1 331
432 428 399 398
438 436 403 402
442 366 405 404
448 444 409 408
433 429 431 430
439 437 435 434
443 367 441 440
449 445 447 446
75 65 68 67
76 66 70 69
121 116 88 87
91 87 -1 89
92 88 -1 90
122 117 102 101
105 101 -1 103
106 102 -1 104
213 211 134 133
214 212 152 151
223 217 172 171
224 218 190 189
330 324 204 203
209 205 -1 207
210 206 -1 208
331 325 284 283
289 285 -1 287
290 286 -1 288
402 398 343 342
408 404 345 344
434 430 353 352
446 440 357 356
435 431 373 372
447 441 377 376
403 399 401 400
409 405 407 406
89 67 80 79
90 68 82 81
103 69 84 83
104 70 86 85
207 203 130 129
133 129 -1 131
134 130 -1 132
208 204 148 147
151 147 -1 149
152 148 -1 150
287 283 168 167
171 167 -1 169
172 168 -1 170
288 284 186 185
189 185 -1 187
190 186 -1 188
344 342 254 253
345 343 317 316
356 352 349 348
357 353 355 354
376 372 363 362
377 373 375 374
406 400 419 418
407 401 423 422
131 79 94 93
132 80 96 95
149 81 98 97
150 82 100 99
169 83 108 107
170 84 110 109
187 85 112 111
188 86 114 113
257 253 228 227
350 348 234 233
351 349 240 239
360 354 246 245
361 355 252 251
258 254 256 255
364 362 264 263
365 363 272 271
380 374 278 277
320 316 292 291
420 418 298 297
421 419 304 303
424 422 310 309
425 423 315 314
321 317 319 318
-1 375 383 382
227 191 140 139
228 192 146 145
255 193 158 157
256 194 164 163
291 197 178 177
292 198 184 183
318 199 196 195
319 200 202 201
195 111 192 191
139 93 136 135
234 135 1 1
233 136 1 1
140 94 138 137
240 137 1 1
239 138 1 1
145 95 142 141
246 141 1 1
245 142 1 1
146 96 144 143
252 143 1 1
251 144 1 1
196 112 194 193
157 97 154 153
263 153 1 1
158 98 156 155
272 155 1 1
271 156 1 1
163 99 160 159
278 159 1 1
277 160 1 1
-1 100 162 161
201 113 198 197
177 107 174 173
298 173 1 1
297 174 1 1
178 108 176 175
304 175 1 1
303 176 1 1
183 109 180 179
310 179 1 1
309 180 1 1
184 110 182 181
315 181 -1 311
314 182 1 1
202 114 200 199
-1 264 266 265
384 382 391 390
385 383 397 396
-1 311 427 426
-1 164 166 165
-1 154 262 261
165 161 280 279
391 279 387 386
390 280 389 388
166 162 282 281
396 281 393 392
265 261 367 366
397 282 395 394
-1 266 371 370
457 426 -1 456
-1 427 458 457
412 392 347 346
454 394 359 358
455 395 379 378
370 368 413 412
-1 388 415 414
-1 389 417 416
413 393 411 410
-1 386 451 450
-1 387 453 452
371 369 455 454
-1 262 369 368
-1 456 445 444
414 346 258 257
416 347 321 320
450 358 351 350
452 359 361 360
415 378 365 364
417 379 381 380
451 410 421 420
453 411 425 424
-1 381 385 384
