0 0 -1 61
0 0 -1 63
61 0 -1 62
63 0 -1 64
0 0 -1 71
0 0 -1 74
0 0 78 77
0 0 -1 115
0 0 -1 118
0 0 120 119
0 0 124 123
0 0 126 125
0 0 128 127
0 0 216 215
0 0 220 219
0 0 222 221
0 0 226 225
0 0 324 323
0 0 328 327
0 0 330 329
0 0 334 333
0 0 336 335
0 0 338 337
0 0 340 339
0 0 342 341
0 0 430 429
0 0 434 433
0 0 438 437
0 0 440 439
0 0 444 443
427 0 450 449
64 62 66 65
74 71 73 72
77 72 -1 75
78 73 -1 76
127 125 92 91
128 126 106 105
118 115 117 116
123 119 -1 121
124 120 -1 122
337 335 206 205
341 339 210 209
219 215 212 211
225 221 214 213
338 336 286 285
342 340 290 289
220 216 218 217
226 222 224 223
327 323 -1 325
328 324 -1 326
333 329 -1 331
334 330 -1 332
433 429 400 399
439 437 404 403
443 367 406 405
449 445 410 409
434 430 432 431
440 438 436 435
444 368 442 441
450 446 448 447
75 65 68 67
76 66 70 69
121 116 88 87
91 87 -1 89
92 88 -1 90
122 117 102 101
105 101 -1 103
106 102 -1 104
213 211 134 133
214 212 152 151
223 217 172 171
224 218 190 189
331 325 204 203
209 205 -1 207
210 206 -1 208
332 326 284 283
289 285 -1 287
290 286 -1 288
403 399 344 343
409 405 346 345
435 431 354 353
447 441 358 357
436 432 374 373
448 442 378 377
404 400 402 401
410 406 408 407
89 67 80 79
90 68 82 81
103 69 84 83
104 70 86 85
207 203 130 129
133 129 -1 131
134 130 -1 132
208 204 148 147
151 147 -1 149
152 148 -1 150
287 283 168 167
171 167 -1 169
172 168 -1 170
288 284 186 185
189 185 -1 187
190 186 -1 188
345 343 254 253
346 344 318 317
357 353 350 349
358 354 356 355
377 373 364 363
378 374 376 375
407 401 420 419
408 402 424 423
131 79 94 93
132 80 96 95
149 81 98 97
150 82 100 99
169 83 108 107
170 84 110 109
187 85 112 111
188 86 114 113
257 253 228 227
351 349 234 233
352 350 240 239
361 355 246 245
362 356 252 251
258 254 256 255
365 363 264 263
366 364 272 271
381 375 278 277
321 317 292 291
421 419 298 297
422 420 304 303
425 423 310 309
426 424 316 315
322 318 320 319
-1 376 384 383
227 191 140 139
228 192 146 145
255 193 158 157
256 194 164 163
291 197 178 177
292 198 184 183
319 199 196 195
320 200 202 201
195 111 192 191
139 93 136 135
234 135 1 1
233 136 1 1
140 94 138 137
240 137 1 1
239 138 1 1
145 95 142 141
246 141 1 1
245 142 1 1
146 96 144 143
252 143 1 1
251 144 1 1
196 112 194 193
157 97 154 153
263 153 1 1
158 98 156 155
272 155 1 1
271 156 1 1
163 99 160 159
278 159 1 1
277 160 1 1
-1 100 162 161
201 113 198 197
177 107 174 173
298 173 1 1
297 174 1 1
178 108 176 175
304 175 1 1
303 176 1 1
183 109 180 179
310 179 1 1
309 180 1 1
184 110 182 181
316 181 312 1
315 182 1 1
202 114 200 199
-1 264 266 265
385 383 392 391
386 384 398 397
-1 312 428 427
-1 164 166 165
-1 154 262 261
165 161 280 279
392 279 388 387
391 280 390 389
166 162 282 281
397 281 394 393
265 261 368 367
398 282 396 395
-1 266 372 371
-1 428 446 445
413 393 348 347
455 395 360 359
456 396 380 379
371 369 414 413
-1 389 416 415
-1 390 418 417
414 394 412 411
-1 387 452 451
-1 388 454 453
372 370 456 455
-1 262 370 369
415 347 258 257
417 348 322 321
451 359 352 351
453 360 362 361
416 379 366 365
418 380 382 381
452 411 422 421
454 412 426 425
-1 382 386 385
