0 0 -1 61
0 0 -1 63
0 0 -1 69
0 0 -1 70
0 0 -1 75
0 0 -1 77
0 0 -1 83
0 0 -1 84
65 0 -1 71
67 0 -1 73
79 0 -1 85
81 0 -1 87
0 0 -1 97
0 0 -1 99
0 0 -1 105
0 0 -1 106
0 0 -1 111
0 0 -1 113
0 0 -1 119
0 0 -1 120
0 0 -1 191
0 0 -1 193
0 0 -1 199
0 0 -1 200
0 0 -1 201
0 0 -1 203
0 0 -1 209
0 0 -1 210
0 0 -1 217
0 0 -1 219
0 0 -1 227
247 0 -1 229
69 61 -1 62
70 63 -1 64
83 75 -1 76
84 77 -1 78
71 66 -1 72
73 68 -1 74
85 80 -1 86
87 82 -1 88
105 97 -1 98
106 99 -1 100
119 111 -1 112
120 113 -1 114
199 191 -1 192
200 193 -1 194
209 201 -1 202
210 203 -1 204
225 217 -1 218
226 219 -1 220
235 227 -1 228
236 229 -1 230
-1 62 66 65
-1 64 68 67
-1 76 80 79
-1 78 82 81
74 72 90 89
88 86 92 91
-1 98 102 101
-1 100 104 103
-1 112 116 115
-1 114 118 117
-1 192 196 195
-1 194 198 197
-1 202 206 205
-1 204 208 207
-1 218 222 221
-1 220 224 223
-1 228 232 231
-1 230 234 233
129 101 -1 107
133 103 -1 109
107 102 -1 108
109 104 -1 110
141 115 -1 121
145 117 -1 123
121 116 -1 122
123 118 -1 124
91 89 94 93
92 90 96 95
195 131 -1 171
197 135 -1 173
221 132 -1 172
223 136 -1 174
205 143 -1 183
207 147 -1 185
231 144 -1 184
233 148 -1 186
196 171 -1 175
198 173 -1 176
206 183 -1 187
208 185 -1 188
222 172 -1 177
224 174 -1 178
232 184 -1 189
234 186 -1 190
-1 94 130 129
110 108 126 125
124 122 128 127
137 93 150 149
216 96 -1 153
139 95 152 151
176 175 212 211
188 187 214 213
178 177 238 237
190 189 240 239
127 125 138 137
128 126 140 139
160 149 1 1
159 150 1 1
170 151 166 1
169 152 1 1
-1 130 132 131
214 212 180 179
240 238 182 181
-1 153 162 161
213 211 216 215
239 237 246 245
-1 166 248 247
-1 138 134 133
-1 180 142 141
-1 182 146 145
181 179 160 159
246 140 -1 154
245 215 170 169
242 161 -1 235
-1 162 242 241
-1 248 250 249
250 241 -1 225
-1 134 136 135
-1 142 144 143
-1 146 148 147
-1 154 164 163
249 243 -1 226
244 163 -1 236
-1 164 244 243
