0 0 40 39
0 0 42 41
99 0 74 73
41 39 18 17
73 69 26 25
42 40 34 33
74 70 72 71
17 9 8 7
25 21 14 13
-1 18 20 19
-1 33 36 35
-1 34 38 37
-1 26 28 27
72 67 88 87
71 68 90 89
13 7 10 9
14 8 12 11
19 15 44 43
28 24 60 59
20 16 46 45
27 23 66 65
38 32 54 53
35 29 48 47
36 30 50 49
37 31 52 51
-1 87 92 91
-1 88 94 93
-1 89 96 95
-1 90 98 97
95 53 22 21
-1 10 16 15
-1 11 30 29
-1 12 32 31
60 43 1 1
59 44 1 1
66 45 1 1
65 46 1 1
93 47 1 1
91 48 1 1
94 49 80 1
92 50 1 1
98 51 1 1
96 52 1 1
97 54 68 67
-1 80 100 99
-1 22 24 23
-1 100 70 69
