0 0 8 7
0 0 14 13
115 0 38 37
13 7 10 9
37 35 20 19
14 8 12 11
38 36 30 29
-1 9 16 15
-1 19 22 21
-1 10 18 17
-1 20 24 23
-1 11 26 25
-1 29 32 31
-1 12 28 27
-1 30 34 33
21 15 40 39
22 16 42 41
23 17 44 43
24 18 46 45
31 25 48 47
32 26 50 49
33 27 52 51
34 28 54 53
95 39 1 1
93 40 1 1
96 41 1 1
94 42 1 1
109 43 1 1
107 44 1 1
110 45 1 1
108 46 1 1
99 47 1 1
97 48 1 1
100 49 1 1
98 50 1 1
114 53 84 1
112 54 1 1
-1 51 80 79
-1 52 82 81
-1 84 116 115
92 79 88 87
91 80 90 89
106 81 102 101
105 82 104 103
-1 116 36 35
-1 87 94 93
-1 88 96 95
-1 89 98 97
-1 90 100 99
-1 101 108 107
-1 102 110 109
-1 103 112 111
-1 104 114 113
-1 111 92 91
-1 113 106 105
