0 0 8 7
0 0 14 13
127 0 58 57
-1 7 10 9
-1 13 16 15
-1 8 12 11
-1 14 18 17
-1 57 60 59
-1 58 62 61
-1 9 20 19
-1 15 24 23
-1 10 22 21
-1 16 26 25
-1 11 28 27
-1 17 32 31
-1 12 30 29
-1 18 34 33
-1 59 68 67
-1 60 70 69
-1 61 76 75
-1 62 78 77
23 19 36 35
68 64 82 81
24 20 38 37
67 63 80 79
25 21 40 39
70 66 86 85
26 22 42 41
69 65 84 83
31 27 44 43
76 72 90 89
32 28 46 45
75 71 88 87
33 29 48 47
78 74 94 93
34 30 50 49
77 73 92 91
82 35 1 1
81 36 1 1
80 37 1 1
79 38 1 1
86 39 1 1
85 40 1 1
84 41 1 1
83 42 1 1
90 43 1 1
89 44 1 1
88 45 1 1
87 46 1 1
94 47 1 1
93 48 1 1
92 49 124 1
91 50 1 1
-1 124 128 127
-1 128 52 51
-1 51 54 53
-1 52 56 55
-1 53 64 63
-1 54 66 65
-1 55 72 71
-1 56 74 73
