0 0 90 89
0 0 94 93
239 0 100 99
93 89 82 81
99 95 88 87
94 90 92 91
100 96 98 97
97 91 50 49
88 81 84 83
87 82 86 85
-1 92 110 109
-1 98 112 111
-1 49 52 51
-1 83 102 101
-1 84 104 103
-1 85 106 105
-1 86 108 107
-1 50 54 53
111 109 124 123
112 110 130 129
51 45 60 59
101 37 66 65
103 38 68 67
102 39 70 69
104 40 72 71
105 41 74 73
107 42 76 75
106 43 78 77
108 44 80 79
123 55 120 119
124 56 122 121
129 57 126 125
130 58 128 127
-1 52 64 63
53 47 114 113
-1 54 118 117
-1 59 28 27
-1 60 32 31
217 65 1 1
215 66 1 1
221 67 1 1
219 68 1 1
218 69 1 1
216 70 1 1
222 71 1 1
220 72 1 1
225 73 1 1
223 74 1 1
229 75 1 1
227 76 1 1
226 77 1 1
224 78 1 1
230 79 1 1
228 80 1 1
233 119 1 1
231 120 1 1
237 121 1 1
235 122 1 1
234 125 1 1
232 126 1 1
238 127 176 1
236 128 1 1
63 61 180 179
64 62 182 181
203 113 1 1
199 114 1 1
117 115 196 195
118 116 198 197
-1 176 240 239
-1 27 30 29
-1 31 34 33
28 14 18 17
-1 32 36 35
205 179 184 183
201 180 186 185
206 181 188 187
202 182 190 189
195 25 208 207
196 21 210 209
197 26 212 211
198 22 214 213
-1 240 96 95
-1 209 20 19
-1 210 24 23
-1 17 46 45
29 9 38 37
30 10 40 39
33 15 42 41
34 16 44 43
-1 18 48 47
35 11 56 55
36 12 58 57
-1 207 200 199
-1 208 204 203
-1 189 216 215
-1 190 218 217
-1 187 220 219
-1 188 222 221
-1 213 224 223
-1 214 226 225
-1 211 228 227
-1 212 230 229
-1 185 232 231
-1 186 234 233
-1 183 236 235
-1 184 238 237
-1 19 8 7
-1 23 14 13
-1 46 62 61
-1 48 116 115
-1 200 202 201
-1 204 206 205
-1 20 22 21
-1 24 26 25
-1 7 10 9
-1 13 16 15
-1 8 12 11
