0 0 8 7
0 0 14 13
275 0 144 143
13 7 10 9
14 8 12 11
143 139 126 125
144 140 142 141
-1 9 16 15
-1 10 18 17
-1 11 20 19
-1 12 22 21
131 126 130 129
135 125 128 127
142 132 134 133
141 136 138 137
25 15 36 35
26 16 38 37
31 17 40 39
32 18 42 41
-1 129 146 145
-1 130 148 147
-1 127 150 149
-1 128 152 151
45 19 56 55
46 20 58 57
51 21 60 59
100 22 -1 61
-1 133 168 167
-1 134 170 169
-1 137 172 171
-1 138 175 174
62 61 166 165
181 172 -1 173
182 175 -1 176
171 59 162 161
145 35 110 109
147 36 112 111
146 37 114 113
148 38 116 115
149 39 118 117
151 40 120 119
150 41 122 121
152 42 124 123
167 55 154 153
169 56 156 155
168 57 158 157
170 58 160 159
174 60 164 163
188 161 184 183
187 162 1 1
194 109 1 1
193 110 1 1
200 111 1 1
199 112 1 1
206 113 1 1
205 114 1 1
212 115 1 1
211 116 1 1
218 117 1 1
217 118 1 1
224 119 1 1
223 120 1 1
230 121 1 1
229 122 1 1
236 123 1 1
235 124 1 1
242 153 1 1
241 154 1 1
248 155 1 1
247 156 1 1
254 157 1 1
253 158 1 1
260 159 1 1
259 160 1 1
266 163 262 1
265 164 1 1
-1 165 268 267
-1 166 272 271
-1 173 178 177
-1 176 180 179
-1 262 276 275
267 179 64 63
271 177 88 87
272 178 66 65
-1 183 132 131
-1 184 136 135
-1 180 274 273
-1 268 270 269
-1 276 140 139
-1 63 24 23
-1 64 30 29
-1 87 44 43
-1 88 50 49
-1 65 68 67
-1 66 70 69
274 270 98 97
273 269 104 103
-1 23 26 25
-1 29 32 31
-1 43 46 45
-1 49 52 51
-1 24 28 27
-1 30 34 33
-1 44 48 47
-1 50 54 53
-1 97 100 99
-1 98 102 101
-1 69 80 79
-1 67 72 71
-1 104 108 107
-1 103 106 105
-1 70 82 81
-1 68 74 73
90 52 -1 62
101 93 182 181
102 94 188 187
83 79 194 193
75 71 200 199
84 80 206 205
76 72 212 211
107 95 218 217
105 91 224 223
108 96 230 229
106 92 236 235
85 81 242 241
77 73 248 247
86 82 254 253
78 74 260 259
99 89 266 265
-1 47 90 89
-1 53 94 93
-1 33 84 83
-1 27 76 75
-1 54 96 95
-1 48 92 91
-1 34 86 85
-1 28 78 77
