0 0 8 7
0 0 14 13
372 0 142 141
13 7 10 9
14 8 12 11
141 137 116 115
142 138 140 139
23 9 16 15
133 115 36 35
27 10 18 17
135 116 46 45
51 11 20 19
139 134 64 63
55 12 22 21
140 136 70 69
-1 15 32 31
-1 35 38 37
-1 16 34 33
-1 36 40 39
-1 17 42 41
-1 45 48 47
-1 18 44 43
-1 46 50 49
63 19 60 59
64 20 62 61
69 21 66 65
-1 22 68 67
-1 70 72 71
83 59 90 89
87 61 96 95
84 60 106 105
88 62 112 111
37 31 118 117
38 32 120 119
39 33 122 121
40 34 124 123
47 41 126 125
48 42 128 127
49 43 130 129
50 44 132 131
-1 65 144 143
-1 66 146 145
71 67 152 151
72 68 154 153
223 151 74 73
95 26 84 83
96 30 88 87
111 58 104 103
227 153 156 155
-1 89 92 91
-1 90 94 93
-1 105 108 107
-1 106 110 109
-1 112 114 113
167 117 164 163
168 118 166 165
173 119 170 169
174 120 172 171
179 121 176 175
180 122 178 177
185 123 182 181
186 124 184 183
191 125 188 187
192 126 190 189
197 127 194 193
198 128 196 195
203 129 200 199
204 130 202 201
209 131 206 205
210 132 208 207
147 143 212 211
148 144 214 213
149 145 216 215
-1 146 218 217
224 152 222 221
228 154 226 225
80 73 76 75
79 74 78 77
162 155 158 157
161 156 1 1
91 81 168 167
92 82 174 173
93 85 180 179
94 86 186 185
107 97 192 191
108 98 198 197
109 101 204 203
110 102 210 209
-1 103 148 147
-1 104 150 149
113 99 224 223
114 100 228 227
338 163 1 1
336 164 1 1
342 165 1 1
340 166 1 1
339 169 1 1
337 170 1 1
343 171 1 1
341 172 1 1
346 175 1 1
344 176 1 1
350 177 1 1
348 178 1 1
347 181 1 1
345 182 1 1
351 183 1 1
349 184 1 1
354 187 1 1
352 188 1 1
358 189 1 1
356 190 1 1
355 193 1 1
353 194 1 1
359 195 1 1
357 196 1 1
362 199 1 1
360 200 1 1
366 201 1 1
364 202 1 1
363 205 286 285
361 206 288 287
367 207 290 289
365 208 292 291
313 211 294 293
311 212 296 295
312 213 298 297
306 215 302 301
305 216 304 303
-1 214 300 299
330 221 1 1
329 222 1 1
335 225 -1 331
334 226 1 1
219 217 308 307
220 218 310 309
-1 331 369 368
-1 75 24 23
-1 76 28 27
-1 77 52 51
-1 78 56 55
323 309 80 79
-1 157 134 133
-1 158 136 135
321 307 162 161
315 299 306 305
-1 150 220 219
-1 297 312 311
-1 298 314 313
-1 300 318 317
324 310 330 329
322 308 335 334
-1 295 337 336
-1 296 339 338
-1 293 341 340
-1 294 343 342
-1 303 345 344
-1 304 347 346
-1 301 349 348
-1 302 351 350
-1 287 353 352
-1 288 355 354
-1 285 357 356
-1 286 359 358
-1 291 361 360
-1 292 363 362
-1 289 365 364
-1 290 367 366
371 368 -1 370
-1 369 372 371
-1 24 26 25
-1 28 30 29
-1 52 54 53
-1 56 58 57
-1 314 316 315
319 317 322 321
320 318 324 323
-1 370 138 137
-1 25 82 81
-1 29 86 85
-1 53 98 97
-1 57 102 101
-1 54 100 99
-1 316 320 319
