66 0 -1 62
68 0 -1 64
80 0 -1 76
83 0 -1 79
137 0 -1 132
139 0 -1 135
0 0 143 142
0 0 -1 152
0 0 -1 153
93 0 -1 112
103 0 -1 113
0 0 155 154
0 0 159 158
0 0 163 162
0 0 -1 206
0 0 -1 209
0 0 213 212
0 0 217 216
0 0 -1 218
0 0 -1 221
0 0 225 224
0 0 229 228
0 0 -1 230
0 0 -1 233
0 0 235 234
0 0 239 238
0 0 253 252
0 0 255 254
0 0 257 256
0 0 259 258
0 0 261 260
0 0 263 262
0 0 265 264
0 0 267 266
67 62 -1 63
69 64 -1 65
79 76 78 77
152 112 -1 86
153 113 -1 87
135 132 134 133
145 142 -1 140
147 143 -1 141
158 154 -1 156
159 155 -1 157
196 162 -1 160
198 163 -1 161
262 260 165 164
266 264 169 168
263 261 177 176
267 265 181 180
209 206 208 207
216 212 -1 214
217 213 -1 215
221 218 220 219
228 224 -1 226
229 225 -1 227
233 230 232 231
238 234 -1 236
239 235 -1 237
254 252 241 240
258 256 245 244
255 253 247 246
259 257 251 250
-1 86 67 66
-1 87 69 68
65 63 71 70
81 77 -1 82
84 78 -1 85
160 156 -1 88
161 157 -1 89
140 133 99 98
141 134 115 114
168 164 -1 166
169 165 -1 167
180 176 -1 178
181 177 -1 179
237 232 193 192
236 231 203 202
214 207 -1 210
215 208 -1 211
226 219 -1 222
227 220 -1 223
244 240 -1 242
245 241 -1 243
250 246 -1 248
251 247 -1 249
-1 88 81 80
-1 89 84 83
82 70 73 72
85 71 75 74
136 98 -1 100
138 99 -1 101
144 114 -1 116
146 115 -1 117
172 166 -1 148
173 167 -1 149
184 178 -1 150
185 179 -1 151
222 210 189 188
248 192 -1 194
249 193 -1 195
223 211 201 200
242 202 -1 204
243 203 -1 205
100 72 91 90
195 189 109 108
-1 73 93 92
-1 101 103 102
116 74 95 94
204 200 123 122
117 75 97 96
205 201 131 130
-1 148 137 136
-1 149 139 138
-1 150 145 144
-1 151 147 146
194 188 191 190
109 90 1 1
108 91 1 1
122 94 1 1
131 96 1 1
130 97 1 1
102 92 111 110
-1 190 197 196
-1 191 199 198
-1 95 121 120
-1 123 125 124
197 110 171 170
124 120 175 174
199 111 183 182
125 121 187 186
174 170 -1 172
175 171 -1 173
186 182 -1 184
187 183 -1 185
