0 0 -1 62
0 0 -1 64
0 0 -1 68
0 0 -1 69
0 0 -1 74
0 0 -1 77
0 0 81 80
0 0 85 84
0 0 -1 128
0 0 -1 131
0 0 133 132
0 0 137 136
0 0 151 150
0 0 153 152
0 0 155 154
0 0 157 156
0 0 -1 174
0 0 -1 177
0 0 181 180
0 0 185 184
0 0 -1 186
0 0 -1 189
0 0 193 192
0 0 197 196
0 0 -1 198
0 0 -1 201
0 0 203 202
0 0 207 206
0 0 217 216
0 0 219 218
68 62 -1 63
69 64 -1 65
77 74 76 75
84 80 -1 82
85 81 -1 83
131 128 130 129
136 132 -1 134
137 133 -1 135
152 150 139 138
156 154 143 142
153 151 145 144
157 155 149 148
177 174 176 175
184 180 -1 182
185 181 -1 183
189 186 188 187
196 192 -1 194
197 193 -1 195
201 198 200 199
206 202 -1 204
207 203 -1 205
218 216 211 210
219 217 215 214
65 63 67 66
82 75 -1 78
83 76 -1 79
134 129 95 94
135 130 111 110
142 138 -1 140
143 139 -1 141
148 144 -1 146
149 145 -1 147
205 200 161 160
204 199 171 170
182 175 -1 178
183 176 -1 179
194 187 -1 190
195 188 -1 191
210 166 -1 208
211 167 -1 209
214 168 -1 212
215 169 -1 213
78 66 71 70
79 67 73 72
140 94 -1 96
141 95 -1 97
146 110 -1 112
147 111 -1 113
190 178 159 158
212 160 -1 162
213 161 -1 163
191 179 165 164
208 170 -1 172
209 171 -1 173
96 70 87 86
162 158 103 102
97 71 89 88
163 159 109 108
112 72 91 90
172 164 119 118
113 73 93 92
173 165 127 126
103 86 1 1
102 87 1 1
109 88 1 1
108 89 1 1
118 90 1 1
127 92 1 1
126 93 1 1
-1 91 117 116
-1 119 121 120
120 116 167 166
121 117 169 168
