0 0 -1 62
0 0 -1 65
0 0 71 70
0 0 75 74
0 0 113 112
0 0 115 114
0 0 117 116
0 0 119 118
0 0 199 198
0 0 203 202
0 0 205 204
0 0 209 208
0 0 217 216
0 0 221 220
0 0 -1 234
0 0 -1 236
0 0 -1 240
0 0 -1 241
0 0 -1 242
0 0 -1 245
0 0 249 248
0 0 253 252
0 0 -1 262
0 0 -1 265
0 0 267 266
0 0 271 270
0 0 285 284
0 0 287 286
0 0 289 288
0 0 291 290
65 62 64 63
74 70 -1 72
75 71 -1 73
114 112 85 84
118 116 89 88
115 113 99 98
119 117 103 102
202 198 195 194
208 204 197 196
220 216 213 212
203 199 201 200
209 205 207 206
221 217 219 218
240 234 -1 235
241 236 -1 237
245 242 244 243
252 248 -1 250
253 249 -1 251
265 262 264 263
270 266 -1 268
271 267 -1 269
286 284 273 272
290 288 277 276
287 285 279 278
291 289 283 282
72 63 67 66
73 64 69 68
88 84 -1 86
89 85 -1 87
102 98 -1 100
103 99 -1 101
196 194 121 120
212 210 125 124
197 195 139 138
213 211 143 142
206 200 157 156
218 214 161 160
207 201 177 176
219 215 181 180
237 235 239 238
250 243 -1 246
251 244 -1 247
268 263 255 254
269 264 259 258
276 272 -1 274
277 273 -1 275
282 278 -1 280
283 279 -1 281
86 66 77 76
87 67 79 78
100 68 81 80
101 69 83 82
124 120 -1 122
125 121 -1 123
142 138 -1 140
143 139 -1 141
160 156 -1 158
161 157 -1 159
180 176 -1 178
181 177 -1 179
246 238 225 224
247 239 231 230
274 254 -1 256
275 255 -1 257
280 258 -1 260
281 259 -1 261
122 76 91 90
123 77 93 92
140 78 95 94
141 79 97 96
158 80 105 104
159 81 107 106
178 82 109 108
179 83 111 110
256 224 223 222
257 225 227 226
260 230 229 228
261 231 233 232
131 90 1 1
130 91 1 1
222 182 131 130
137 92 1 1
136 93 1 1
223 183 137 136
149 94 1 1
148 95 1 1
226 184 149 148
155 96 1 1
154 97 1 1
227 185 155 154
166 104 1 1
228 188 167 166
175 106 1 1
174 107 1 1
229 189 175 174
232 190 187 186
233 191 193 192
-1 105 165 164
186 108 183 182
187 109 185 184
192 110 189 188
193 111 191 190
168 164 211 210
-1 167 169 168
169 165 215 214
