0 0 -1 62
0 0 -1 65
0 0 71 70
0 0 75 74
0 0 112 111
0 0 114 113
0 0 116 115
0 0 118 117
0 0 195 194
0 0 199 198
0 0 201 200
0 0 205 204
0 0 211 210
0 0 215 214
0 0 217 216
0 0 221 220
0 0 487 486
0 0 499 498
0 0 503 502
0 0 505 504
0 0 509 508
0 0 515 514
0 0 517 516
0 0 519 518
0 0 521 520
0 0 523 522
0 0 525 524
0 0 527 526
0 0 529 528
0 0 531 530
65 62 64 63
74 70 -1 72
75 71 -1 73
113 111 85 84
117 115 89 88
114 112 98 97
118 116 102 101
198 194 191 190
204 200 193 192
214 210 207 206
220 216 209 208
199 195 197 196
205 201 203 202
215 211 213 212
221 217 219 218
518 516 407 406
522 520 411 410
526 524 413 412
530 528 417 416
519 517 449 448
523 521 453 452
527 525 455 454
531 529 459 458
502 498 495 494
508 504 497 496
486 378 483 482
514 384 511 510
503 499 501 500
509 505 507 506
487 379 485 484
515 385 513 512
72 63 67 66
73 64 69 68
88 84 -1 86
89 85 -1 87
101 97 -1 99
102 98 -1 100
192 190 120 119
208 206 124 123
193 191 138 137
209 207 143 142
202 196 155 154
218 212 161 160
203 197 173 172
219 213 177 176
496 494 365 364
510 482 369 368
410 406 -1 408
411 407 -1 409
416 412 -1 414
417 413 -1 415
497 495 419 418
511 483 425 424
506 500 443 442
512 484 447 446
452 448 -1 450
453 449 -1 451
458 454 -1 456
459 455 -1 457
507 501 461 460
513 485 465 464
86 66 77 76
87 67 79 78
99 68 81 80
100 69 83 82
123 119 -1 121
124 120 -1 122
142 137 -1 139
143 138 -1 140
160 154 -1 156
161 155 -1 157
176 172 -1 174
177 173 -1 175
457 451 267 266
414 408 325 324
456 450 335 334
368 364 -1 366
369 365 -1 367
415 409 387 386
424 418 -1 420
425 419 -1 421
446 442 -1 444
447 443 -1 445
464 460 -1 462
465 461 -1 463
121 76 91 90
122 77 93 92
139 78 95 94
267 79 -1 96
463 140 -1 141
156 80 104 103
-1 81 106 105
-1 157 159 158
174 82 108 107
175 83 110 109
366 324 249 248
367 325 321 320
444 334 333 332
445 335 337 336
462 266 269 268
420 386 377 376
-1 387 389 388
-1 421 423 422
182 107 179 178
328 248 223 222
129 90 126 125
340 332 229 228
130 91 128 127
341 333 235 234
135 92 132 131
346 336 241 240
136 93 134 133
347 337 247 246
183 108 181 180
329 249 251 250
148 94 145 144
360 268 259 258
149 95 147 146
361 269 265 264
-1 96 151 150
-1 141 153 152
188 109 185 184
372 320 291 290
166 103 163 162
392 376 299 298
167 104 165 164
393 377 307 306
158 105 169 168
159 106 171 170
189 110 187 186
373 321 323 322
423 389 429 428
422 388 427 426
222 178 130 129
223 179 136 135
250 180 149 148
290 184 167 166
322 186 183 182
323 187 189 188
229 125 1 1
228 126 1 1
235 127 1 1
234 128 1 1
241 131 1 1
240 132 1 1
247 133 1 1
246 134 1 1
259 144 1 1
258 145 1 1
265 146 1 1
264 147 1 1
280 181 -1 252
281 251 -1 253
298 162 1 1
307 164 303 1
306 165 1 1
-1 185 289 288
-1 291 293 292
-1 150 271 270
-1 152 274 273
271 151 -1 272
274 153 -1 275
-1 163 297 296
-1 299 301 300
312 168 309 308
491 427 397 396
313 169 311 310
489 426 399 398
318 170 315 314
488 428 401 400
319 171 317 316
490 429 404 403
-1 303 385 384
471 309 -1 280
435 397 -1 281
-1 252 277 276
-1 253 279 278
292 288 313 312
293 289 319 318
400 314 327 326
398 310 339 338
399 311 345 344
396 308 359 358
401 315 371 370
403 316 391 390
273 270 351 350
275 272 353 352
300 296 379 378
-1 297 381 380
-1 301 383 382
477 317 -1 402
439 404 -1 405
330 326 -1 328
331 327 -1 329
342 338 -1 340
343 339 -1 341
348 344 -1 346
349 345 -1 347
-1 276 283 282
-1 278 286 285
283 277 -1 284
286 279 -1 287
362 358 -1 360
363 359 -1 361
374 370 -1 372
375 371 -1 373
394 390 -1 392
395 391 -1 393
355 351 437 436
383 381 441 440
354 350 469 468
382 380 473 472
357 352 479 478
356 353 481 480
405 402 493 492
440 436 431 430
-1 478 433 432
-1 479 435 434
472 468 467 466
-1 480 475 474
-1 481 477 476
285 282 355 354
287 284 357 356
473 469 471 470
-1 492 489 488
-1 493 491 490
441 437 439 438
432 430 331 330
474 466 343 342
476 467 349 348
470 433 363 362
434 431 375 374
475 438 395 394
