66 0 -1 62
67 0 -1 65
0 0 -1 66
0 0 -1 67
0 0 75 74
0 0 85 84
0 0 89 88
0 0 115 114
0 0 117 116
0 0 183 182
0 0 185 184
0 0 187 186
0 0 189 188
0 0 195 194
0 0 199 198
0 0 201 200
0 0 205 204
0 0 295 294
0 0 299 298
0 0 301 300
0 0 305 304
0 0 311 310
0 0 315 314
0 0 317 316
0 0 321 320
0 0 387 386
0 0 389 388
0 0 391 390
0 0 393 392
0 0 395 394
0 0 397 396
65 62 64 63
86 74 -1 72
87 75 -1 73
88 84 -1 86
89 85 -1 87
116 114 91 90
117 115 103 102
184 182 119 118
188 186 123 122
185 183 125 124
189 187 129 128
198 194 191 190
204 200 193 192
199 195 197 196
205 201 203 202
298 294 291 290
304 300 293 292
314 310 307 306
320 316 309 308
299 295 297 296
305 301 303 302
315 311 313 312
321 317 319 318
390 388 327 326
394 392 331 330
386 276 333 332
396 288 337 336
391 389 355 354
395 393 359 358
387 277 361 360
397 289 365 364
72 63 69 68
73 64 71 70
120 90 -1 92
121 91 -1 93
126 102 -1 104
127 103 -1 105
122 118 -1 120
123 119 -1 121
128 124 -1 126
129 125 -1 127
192 190 131 130
193 191 143 142
202 196 155 154
203 197 171 170
292 290 207 206
308 306 211 210
293 291 213 212
309 307 217 216
302 296 243 242
318 312 247 246
303 297 249 248
319 313 253 252
330 326 323 322
336 332 325 324
331 327 329 328
337 333 335 334
358 354 349 348
364 360 352 351
359 355 357 356
365 361 363 362
92 68 77 76
93 69 79 78
104 70 81 80
105 71 83 82
208 130 -1 132
209 131 -1 133
214 142 -1 144
215 143 -1 145
244 154 -1 156
245 155 -1 157
250 170 -1 172
251 171 -1 173
210 206 -1 208
211 207 -1 209
216 212 -1 214
217 213 -1 215
325 323 219 218
324 322 225 224
335 329 231 230
334 328 237 236
246 242 -1 244
247 243 -1 245
252 248 -1 250
253 249 -1 251
351 348 255 254
363 357 269 268
362 356 283 282
369 349 -1 350
371 352 -1 353
132 76 95 94
133 77 97 96
144 78 99 98
145 79 101 100
156 80 107 106
-1 81 109 108
-1 157 159 158
172 82 111 110
173 83 113 112
222 218 -1 220
223 219 -1 221
228 224 -1 226
229 225 -1 227
234 230 -1 232
235 231 -1 233
240 236 -1 238
241 237 -1 239
258 254 -1 256
259 255 -1 257
274 268 -1 270
275 269 -1 271
286 282 -1 284
287 283 -1 285
353 350 367 366
221 94 1 1
220 95 1 1
227 96 1 1
226 97 1 1
233 98 1 1
232 99 1 1
239 100 1 1
238 101 1 1
257 106 1 1
256 107 1 1
270 110 1 1
285 112 179 1
284 113 1 1
158 108 165 164
-1 109 167 166
-1 159 169 168
-1 111 177 176
-1 271 273 272
-1 366 373 372
-1 367 377 376
-1 179 289 288
168 166 265 264
372 164 261 260
-1 373 375 374
-1 377 379 378
169 167 267 266
376 165 263 262
272 176 277 276
-1 177 279 278
-1 273 281 280
374 264 339 338
346 260 341 340
280 278 347 346
378 265 343 342
347 261 345 344
375 266 369 368
384 262 371 370
281 279 385 384
379 267 381 380
385 263 383 382
341 339 223 222
340 338 229 228
345 343 235 234
344 342 241 240
370 368 259 258
383 381 275 274
382 380 287 286
