66 0 -1 62
67 0 -1 65
0 0 -1 66
0 0 -1 67
0 0 75 74
0 0 85 84
0 0 89 88
0 0 114 113
0 0 116 115
0 0 183 182
0 0 185 184
0 0 187 186
0 0 189 188
0 0 195 194
0 0 199 198
0 0 201 200
0 0 205 204
0 0 289 288
0 0 293 292
0 0 295 294
0 0 299 298
0 0 305 304
0 0 309 308
0 0 311 310
0 0 315 314
0 0 381 380
0 0 383 382
0 0 385 384
0 0 387 386
0 0 389 388
0 0 391 390
65 62 64 63
86 74 -1 72
87 75 -1 73
88 84 -1 86
89 85 -1 87
115 113 91 90
116 114 103 102
184 182 118 117
188 186 122 121
185 183 124 123
189 187 128 127
198 194 191 190
204 200 193 192
199 195 197 196
205 201 203 202
292 288 285 284
298 294 287 286
308 304 301 300
314 310 303 302
293 289 291 290
299 295 297 296
309 305 307 306
315 311 313 312
382 380 321 320
386 384 325 324
388 378 327 326
390 282 331 330
383 381 347 346
387 385 351 350
389 379 353 352
391 283 357 356
72 63 69 68
73 64 71 70
119 90 -1 92
120 91 -1 93
125 102 -1 104
126 103 -1 105
121 117 -1 119
122 118 -1 120
127 123 -1 125
128 124 -1 126
192 190 130 129
193 191 142 141
202 196 154 153
203 197 170 169
286 284 207 206
302 300 211 210
287 285 213 212
303 301 217 216
296 290 243 242
312 306 247 246
297 291 249 248
313 307 253 252
324 320 317 316
330 326 319 318
325 321 323 322
331 327 329 328
350 346 341 340
356 352 344 343
351 347 349 348
357 353 355 354
92 68 77 76
93 69 79 78
104 70 81 80
105 71 83 82
208 129 -1 131
209 130 -1 132
214 141 -1 143
215 142 -1 144
244 153 -1 155
245 154 -1 156
250 169 -1 171
251 170 -1 172
210 206 -1 208
211 207 -1 209
216 212 -1 214
217 213 -1 215
319 317 219 218
318 316 225 224
329 323 231 230
328 322 237 236
246 242 -1 244
247 243 -1 245
252 248 -1 250
253 249 -1 251
343 340 255 254
373 349 -1 268
375 355 -1 269
354 348 277 276
361 341 -1 342
363 344 -1 345
131 76 95 94
132 77 97 96
143 78 99 98
144 79 101 100
155 80 107 106
-1 81 109 108
-1 156 158 157
268 83 -1 112
269 171 -1 173
172 82 111 110
222 218 -1 220
223 219 -1 221
228 224 -1 226
229 225 -1 227
234 230 -1 232
235 231 -1 233
240 236 -1 238
241 237 -1 239
258 254 -1 256
259 255 -1 257
280 276 -1 278
281 277 -1 279
345 342 359 358
221 94 1 1
220 95 1 1
227 96 1 1
226 97 1 1
233 98 1 1
232 99 1 1
239 100 1 1
238 101 1 1
257 106 1 1
256 107 1 1
279 110 179 1
278 111 1 1
157 108 164 163
-1 109 166 165
-1 158 168 167
-1 112 175 174
-1 173 177 176
-1 358 365 364
-1 359 369 368
-1 179 283 282
167 165 265 264
364 163 261 260
-1 365 367 366
-1 369 371 370
168 166 267 266
368 164 263 262
271 175 -1 272
274 177 -1 275
-1 174 271 270
-1 176 274 273
366 264 333 332
392 260 335 334
370 265 337 336
394 261 339 338
367 266 361 360
393 262 363 362
371 267 373 372
395 263 375 374
275 272 377 376
273 270 379 378
335 333 223 222
334 332 229 228
339 337 235 234
338 336 241 240
362 360 259 258
374 372 281 280
-1 376 393 392
-1 377 395 394
