66 0 -1 62
68 0 -1 64
82 0 -1 78
84 0 -1 80
70 0 -1 74
72 0 -1 76
86 0 -1 90
88 0 -1 92
0 0 -1 142
0 0 -1 143
216 0 -1 144
220 0 -1 145
0 0 -1 146
0 0 -1 147
260 0 -1 148
264 0 -1 149
0 0 203 202
0 0 207 206
0 0 209 208
0 0 213 212
0 0 241 240
0 0 243 242
0 0 245 244
0 0 247 246
0 0 249 248
0 0 251 250
0 0 253 252
0 0 255 254
0 0 391 390
0 0 393 392
0 0 395 394
0 0 397 396
0 0 399 398
0 0 401 400
0 0 403 402
0 0 405 404
67 62 -1 63
69 64 -1 65
83 78 -1 79
85 80 -1 81
144 142 -1 94
145 143 -1 95
148 146 -1 96
149 147 -1 97
74 71 -1 75
76 73 -1 77
90 87 -1 91
92 89 -1 93
242 240 151 150
246 244 155 154
250 248 157 156
254 252 161 160
243 241 163 162
247 245 167 166
251 249 169 168
255 253 173 172
206 202 175 174
212 208 177 176
207 203 205 204
213 209 211 210
392 390 297 296
396 394 301 300
400 398 303 302
404 402 307 306
393 391 355 354
397 395 359 358
401 399 361 360
405 403 365 364
-1 94 67 66
-1 95 69 68
-1 63 71 70
-1 65 73 72
-1 96 83 82
-1 97 85 84
-1 79 87 86
-1 81 89 88
77 75 99 98
93 91 101 100
176 174 121 120
177 175 127 126
210 204 135 134
211 205 141 140
154 150 -1 152
155 151 -1 153
160 156 -1 158
161 157 -1 159
166 162 -1 164
167 163 -1 165
172 168 -1 170
173 169 -1 171
300 296 269 268
306 302 271 270
301 297 299 298
307 303 305 304
358 354 333 332
364 360 335 334
359 355 357 356
365 361 363 362
100 98 103 102
101 99 105 104
158 152 -1 114
159 153 -1 115
170 164 -1 128
171 165 -1 129
120 106 117 116
270 268 183 182
121 107 119 118
271 269 189 188
126 108 123 122
304 298 195 194
127 109 125 124
305 299 201 200
134 110 131 130
334 332 219 218
135 111 133 132
335 333 227 226
140 112 137 136
362 356 233 232
141 113 139 138
363 357 239 238
114 102 107 106
115 103 109 108
128 104 111 110
129 105 113 112
-1 131 217 216
-1 219 221 220
182 116 179 178
183 117 181 180
188 118 185 184
189 119 187 186
194 122 191 190
195 123 193 192
200 124 197 196
201 125 199 198
218 130 215 214
226 132 223 222
227 133 225 224
232 136 229 228
233 137 231 230
238 138 235 234
239 139 237 236
277 178 1 1
276 179 1 1
283 180 1 1
282 181 1 1
289 184 1 1
288 185 1 1
295 186 1 1
294 187 1 1
313 190 1 1
312 191 1 1
319 192 1 1
318 193 1 1
325 196 1 1
324 197 1 1
331 198 1 1
330 199 1 1
341 214 1 1
340 215 1 1
376 230 373 372
352 224 349 348
377 231 375 374
382 234 379 378
346 222 343 342
383 235 381 380
370 228 367 366
-1 217 257 256
-1 221 259 258
353 225 351 350
371 229 369 368
347 223 345 344
388 236 385 384
389 237 387 386
-1 367 265 264
406 372 277 276
407 373 283 282
408 374 289 288
409 375 295 294
412 378 313 312
413 379 319 318
414 380 325 324
415 381 331 330
418 366 341 340
424 368 347 346
425 369 353 352
432 384 371 370
433 385 377 376
434 386 383 382
435 387 389 388
410 348 407 406
411 349 409 408
416 342 413 412
417 343 415 414
426 350 419 418
427 351 425 424
436 344 433 432
437 345 435 434
258 256 421 420
259 257 423 422
-1 419 261 260
431 423 411 410
428 420 417 416
430 422 427 426
-1 265 267 266
429 421 437 436
-1 261 263 262
266 262 429 428
267 263 431 430
