0 0 -1 62
0 0 -1 64
0 0 -1 68
0 0 -1 69
0 0 -1 74
0 0 -1 77
0 0 81 80
0 0 85 84
0 0 -1 118
0 0 -1 121
0 0 123 122
0 0 127 126
0 0 137 136
0 0 139 138
0 0 205 204
0 0 211 210
0 0 225 224
0 0 227 226
0 0 281 280
0 0 285 284
0 0 287 286
0 0 291 290
0 0 389 388
0 0 393 392
0 0 397 396
0 0 399 398
0 0 405 404
0 0 407 406
0 0 409 408
0 0 411 410
68 62 -1 63
69 64 -1 65
77 74 76 75
84 80 -1 82
85 81 -1 83
121 118 120 119
126 122 -1 124
127 123 -1 125
138 136 129 128
139 137 133 132
210 204 207 206
226 224 217 216
211 205 209 208
227 225 223 222
284 280 253 252
290 286 255 254
285 281 283 282
291 287 289 288
393 389 373 372
399 397 377 376
407 405 379 378
411 409 383 382
392 388 391 390
398 396 395 394
406 404 401 400
410 408 403 402
65 63 67 66
82 75 -1 78
83 76 -1 79
124 119 95 94
125 120 107 106
140 128 -1 130
144 129 -1 131
148 132 -1 134
152 133 -1 135
216 206 213 212
254 252 233 232
217 207 215 214
255 253 239 238
222 208 219 218
288 282 245 244
223 209 221 220
289 283 251 250
376 372 365 364
382 378 367 366
394 390 369 368
402 400 371 370
377 373 375 374
383 379 381 380
395 391 385 384
403 401 387 386
78 66 71 70
79 67 73 72
130 94 -1 96
131 95 -1 97
134 106 -1 108
135 107 -1 109
366 364 161 160
367 365 167 166
381 375 173 172
380 374 179 178
371 369 185 184
370 368 191 190
387 385 197 196
386 384 203 202
232 212 229 228
233 213 231 230
238 214 235 234
239 215 237 236
244 218 241 240
245 219 243 242
250 220 247 246
251 221 249 248
96 70 87 86
97 71 89 88
108 72 91 90
109 73 93 92
260 228 257 256
160 98 157 156
261 229 259 258
161 99 159 158
266 230 263 262
166 100 163 162
267 231 265 264
167 101 165 164
272 234 269 268
190 112 187 186
273 235 271 270
191 113 189 188
278 236 275 274
184 110 181 180
279 237 277 276
185 111 183 182
296 240 293 292
178 104 175 174
297 241 295 294
179 105 177 176
302 242 299 298
172 102 169 168
303 243 301 300
173 103 171 170
308 246 305 304
202 116 199 198
309 247 307 306
203 117 201 200
314 248 311 310
196 114 193 192
315 249 313 312
197 115 195 194
142 86 99 98
146 87 101 100
150 88 103 102
154 89 105 104
143 90 111 110
147 91 113 112
151 92 115 114
155 93 117 116
256 156 261 260
257 157 267 266
258 158 273 272
259 159 279 278
262 162 297 296
263 163 303 302
264 164 309 308
265 165 315 314
268 187 1 1
269 186 1 1
270 189 1 1
271 188 1 1
274 181 1 1
275 180 1 1
276 183 1 1
277 182 1 1
292 175 1 1
293 174 1 1
294 177 1 1
295 176 1 1
298 169 1 1
299 168 1 1
300 171 1 1
301 170 1 1
304 199 1 1
305 198 1 1
306 201 1 1
307 200 1 1
310 193 357 356
311 192 359 358
312 195 1 1
313 194 1 1
-1 356 141 140
-1 357 145 144
-1 358 149 148
-1 359 153 152
-1 141 143 142
-1 145 147 146
-1 149 151 150
-1 153 155 154
