66 0 -1 62
68 0 -1 64
80 0 -1 76
82 0 -1 78
122 0 -1 118
124 0 -1 120
136 0 -1 132
139 0 -1 135
0 0 -1 156
0 0 -1 157
97 0 -1 110
100 0 -1 111
0 0 -1 158
0 0 -1 159
105 0 -1 114
108 0 -1 115
0 0 -1 160
0 0 -1 161
0 0 163 162
0 0 167 166
0 0 -1 168
0 0 -1 169
0 0 -1 170
0 0 -1 171
0 0 -1 172
0 0 -1 173
0 0 -1 174
0 0 -1 175
0 0 201 200
0 0 203 202
0 0 205 204
0 0 207 206
0 0 209 208
0 0 211 210
0 0 213 212
0 0 215 214
67 62 -1 63
69 64 -1 65
81 76 -1 77
83 78 -1 79
156 110 -1 90
157 111 -1 91
158 114 -1 92
159 115 -1 93
170 168 -1 94
171 169 -1 95
174 172 -1 102
175 173 -1 103
123 118 -1 119
125 120 -1 121
135 132 134 133
160 98 -1 112
161 101 -1 113
166 162 -1 164
167 163 -1 165
202 200 177 176
206 204 181 180
210 208 183 182
214 212 187 186
203 201 189 188
207 205 193 192
211 209 195 194
215 213 199 198
-1 90 67 66
-1 91 69 68
94 63 -1 70
95 65 -1 71
-1 92 81 80
-1 93 83 82
102 77 -1 84
103 79 -1 85
-1 112 123 122
-1 113 125 124
121 119 127 126
137 133 -1 138
140 134 -1 141
164 116 -1 142
165 117 -1 143
180 176 -1 178
181 177 -1 179
186 182 -1 184
187 183 -1 185
192 188 -1 190
193 189 -1 191
198 194 -1 196
199 195 -1 197
-1 70 73 72
-1 71 75 74
-1 84 87 86
-1 85 89 88
-1 142 137 136
-1 143 140 139
138 126 129 128
141 127 131 130
196 190 -1 152
197 191 -1 153
184 178 -1 154
185 179 -1 155
-1 72 97 96
-1 74 100 99
96 73 -1 98
99 75 -1 101
-1 86 105 104
-1 88 108 107
104 87 -1 106
107 89 -1 109
153 128 1 1
152 129 1 1
155 130 1 1
154 131 1 1
109 106 117 116
