0 0 -1 63
0 0 -1 65
0 0 -1 69
0 0 -1 70
0 0 -1 75
0 0 -1 78
0 0 82 81
0 0 86 85
0 0 -1 127
0 0 -1 130
0 0 132 131
0 0 136 135
0 0 150 149
0 0 152 151
0 0 154 153
0 0 156 155
0 0 -1 203
0 0 -1 206
0 0 212 211
0 0 216 215
0 0 236 235
0 0 238 237
0 0 240 239
0 0 242 241
0 0 286 285
0 0 290 289
0 0 292 291
0 0 296 295
0 0 298 297
0 0 300 299
283 0 304 303
69 63 -1 64
70 65 -1 66
78 75 77 76
85 81 -1 83
86 82 -1 84
130 127 129 128
135 131 -1 133
136 132 -1 134
151 149 138 137
155 153 142 141
152 150 144 143
156 154 148 147
206 203 205 204
215 211 -1 213
216 212 -1 214
237 235 224 223
241 239 228 227
238 236 230 229
242 240 234 233
299 297 270 269
303 301 274 273
300 298 278 277
304 302 282 281
289 285 -1 287
290 286 -1 288
295 291 -1 293
296 292 -1 294
66 64 68 67
83 76 -1 79
84 77 -1 80
133 128 96 95
134 129 112 111
141 137 -1 139
142 138 -1 140
147 143 -1 145
148 144 -1 146
213 204 208 207
214 205 210 209
227 223 -1 225
228 224 -1 226
233 229 -1 231
234 230 -1 232
293 287 268 267
273 269 -1 271
274 270 -1 272
294 288 276 275
281 277 -1 279
282 278 -1 280
79 67 72 71
80 68 74 73
139 95 -1 97
140 96 -1 98
145 111 -1 113
146 112 -1 114
226 208 174 173
225 207 218 217
231 209 220 219
232 210 222 221
271 267 244 243
272 268 250 249
279 275 256 255
280 276 262 261
97 71 88 87
98 72 90 89
113 73 92 91
114 74 94 93
251 173 158 157
246 218 164 163
245 217 170 169
252 174 172 171
264 222 180 179
263 221 186 185
258 220 196 195
257 219 202 201
247 243 -1 245
248 244 -1 246
253 249 -1 251
254 250 -1 252
259 255 -1 257
260 256 -1 258
265 261 -1 263
266 262 -1 264
157 105 104 103
158 106 110 109
171 107 120 119
172 108 126 125
109 89 106 105
103 87 100 99
164 99 1 1
163 100 1 1
104 88 102 101
170 101 1 1
169 102 1 1
110 90 108 107
119 91 116 115
180 115 176 1
179 116 1 1
120 92 118 117
125 93 122 121
196 121 1 1
195 122 1 1
126 94 124 123
202 123 1 1
201 124 1 1
-1 185 188 187
-1 186 190 189
-1 176 284 283
187 181 248 247
189 183 254 253
188 182 260 259
190 184 266 265
-1 117 182 181
-1 118 184 183
-1 284 302 301
