0 0 -1 63
0 0 -1 65
0 0 -1 69
0 0 -1 70
0 0 -1 75
0 0 -1 78
0 0 82 81
0 0 86 85
0 0 -1 127
0 0 -1 130
0 0 132 131
0 0 136 135
0 0 150 149
0 0 152 151
0 0 154 153
0 0 156 155
0 0 -1 171
0 0 -1 174
0 0 178 177
0 0 182 181
0 0 -1 183
0 0 -1 186
0 0 190 189
0 0 194 193
0 0 -1 195
0 0 -1 198
0 0 200 199
0 0 204 203
0 0 218 217
0 0 220 219
165 0 224 223
69 63 -1 64
70 65 -1 66
78 75 77 76
85 81 -1 83
86 82 -1 84
130 127 129 128
135 131 -1 133
136 132 -1 134
151 149 138 137
155 153 142 141
152 150 144 143
156 154 148 147
174 171 173 172
181 177 -1 179
182 178 -1 180
186 183 185 184
193 189 -1 191
194 190 -1 192
198 195 197 196
203 199 -1 201
204 200 -1 202
219 217 206 205
223 221 210 209
220 218 212 211
224 222 216 215
66 64 68 67
83 76 -1 79
84 77 -1 80
133 128 96 95
134 129 112 111
141 137 -1 139
142 138 -1 140
147 143 -1 145
148 144 -1 146
202 197 160 159
201 196 168 167
179 172 -1 175
180 173 -1 176
191 184 -1 187
192 185 -1 188
209 205 -1 207
210 206 -1 208
215 211 -1 213
216 212 -1 214
79 67 72 71
80 68 74 73
139 95 -1 97
140 96 -1 98
145 111 -1 113
146 112 -1 114
187 175 158 157
213 159 -1 161
214 160 -1 162
188 176 164 163
207 167 -1 169
208 168 -1 170
97 71 88 87
161 157 104 103
98 72 90 89
162 158 110 109
113 73 92 91
169 163 120 119
114 74 94 93
170 164 126 125
104 87 1 1
103 88 1 1
110 89 1 1
109 90 1 1
120 91 1 1
119 92 1 1
126 93 122 1
125 94 1 1
-1 122 166 165
-1 166 222 221
