0 0 -1 63
0 0 -1 66
0 0 72 71
0 0 76 75
0 0 113 112
0 0 115 114
0 0 117 116
0 0 119 118
0 0 196 195
0 0 200 199
0 0 202 201
0 0 206 205
0 0 212 211
0 0 216 215
0 0 218 217
0 0 222 221
0 0 480 479
0 0 484 483
0 0 486 485
0 0 490 489
0 0 496 495
0 0 500 499
383 0 506 505
0 0 508 507
0 0 510 509
0 0 512 511
0 0 514 513
0 0 516 515
0 0 518 517
0 0 520 519
0 0 522 521
66 63 65 64
75 71 -1 73
76 72 -1 74
114 112 86 85
118 116 90 89
115 113 99 98
119 117 103 102
199 195 192 191
205 201 194 193
215 211 208 207
221 217 210 209
200 196 198 197
206 202 204 203
216 212 214 213
222 218 220 219
509 507 406 405
513 511 410 409
517 515 412 411
521 519 416 415
510 508 444 443
514 512 448 447
518 516 450 449
522 520 454 453
483 479 476 475
489 485 478 477
499 495 492 491
505 501 494 493
484 480 482 481
490 486 488 487
500 496 498 497
506 502 504 503
73 64 68 67
74 65 70 69
89 85 -1 87
90 86 -1 88
102 98 -1 100
103 99 -1 101
193 191 121 120
209 207 125 124
194 192 139 138
210 208 144 143
203 197 156 155
219 213 162 161
204 198 174 173
220 214 178 177
477 475 366 365
493 491 370 369
409 405 -1 407
410 406 -1 408
415 411 -1 413
416 412 -1 414
478 476 418 417
494 492 424 423
487 481 438 437
503 497 442 441
447 443 -1 445
448 444 -1 446
453 449 -1 451
454 450 -1 452
488 482 456 455
504 498 460 459
87 67 78 77
88 68 80 79
100 69 82 81
101 70 84 83
124 120 -1 122
125 121 -1 123
143 138 -1 140
144 139 -1 141
161 155 -1 157
162 156 -1 158
177 173 -1 175
178 174 -1 176
452 446 268 267
413 407 326 325
451 445 336 335
369 365 -1 367
370 366 -1 368
414 408 386 385
423 417 -1 419
424 418 -1 420
441 437 -1 439
442 438 -1 440
459 455 -1 457
460 456 -1 458
122 77 92 91
123 78 94 93
140 79 96 95
268 80 -1 97
458 141 -1 142
157 81 105 104
-1 82 107 106
-1 158 160 159
175 83 109 108
176 84 111 110
367 325 250 249
368 326 322 321
439 335 334 333
440 336 338 337
457 267 270 269
419 385 378 377
-1 386 388 387
-1 420 422 421
183 108 180 179
329 249 224 223
130 91 127 126
341 333 230 229
131 92 129 128
342 334 236 235
136 93 133 132
347 337 242 241
137 94 135 134
348 338 248 247
184 109 182 181
330 250 252 251
149 95 146 145
361 269 260 259
150 96 148 147
362 270 266 265
-1 97 152 151
-1 142 154 153
189 110 186 185
373 321 292 291
167 104 164 163
391 377 300 299
168 105 166 165
392 378 308 307
159 106 170 169
160 107 172 171
190 111 188 187
374 322 324 323
422 388 428 427
421 387 426 425
223 179 131 130
224 180 137 136
251 181 150 149
291 185 168 167
323 187 184 183
324 188 190 189
230 126 1 1
229 127 1 1
236 128 1 1
235 129 1 1
242 132 1 1
241 133 1 1
248 134 1 1
247 135 1 1
260 145 1 1
259 146 1 1
266 147 1 1
265 148 1 1
281 182 -1 253
282 252 -1 254
299 163 1 1
308 165 304 1
307 166 1 1
-1 186 290 289
-1 292 294 293
-1 151 272 271
-1 153 275 274
272 152 -1 273
275 154 -1 276
-1 164 298 297
-1 300 302 301
313 169 310 309
472 426 396 395
314 170 312 311
470 425 398 397
319 171 316 315
469 427 400 399
320 172 318 317
471 428 403 402
-1 304 384 383
434 310 -1 281
436 396 -1 282
-1 253 278 277
-1 254 280 279
293 289 314 313
294 290 320 319
399 315 328 327
397 311 340 339
398 312 346 345
395 309 360 359
400 316 372 371
402 317 390 389
274 271 352 351
301 297 380 379
276 273 354 353
302 298 382 381
382 318 -1 401
464 403 -1 404
-1 384 502 501
331 327 -1 329
332 328 -1 330
343 339 -1 341
344 340 -1 342
461 379 344 343
349 345 -1 347
350 346 -1 348
463 380 350 349
-1 277 284 283
-1 279 287 286
284 278 -1 285
287 280 -1 288
363 359 -1 361
364 360 -1 362
375 371 -1 373
376 372 -1 374
393 389 -1 391
394 390 -1 392
462 381 394 393
355 351 430 429
358 353 466 465
357 354 468 467
356 352 436 435
404 401 474 473
431 429 332 331
435 432 364 363
433 430 376 375
-1 465 432 431
-1 466 434 433
286 283 356 355
-1 467 462 461
-1 468 464 463
288 285 358 357
-1 473 470 469
-1 474 472 471
