0 0 -1 63
0 0 -1 66
0 0 72 71
0 0 76 75
0 0 114 113
0 0 116 115
0 0 118 117
0 0 120 119
0 0 198 197
0 0 202 201
0 0 204 203
0 0 208 207
0 0 214 213
0 0 218 217
233 0 224 223
0 0 -1 239
0 0 -1 241
0 0 -1 245
0 0 -1 246
0 0 -1 247
0 0 -1 250
0 0 254 253
0 0 258 257
0 0 -1 267
0 0 -1 270
0 0 272 271
0 0 276 275
0 0 290 289
0 0 292 291
0 0 294 293
0 0 296 295
66 63 65 64
75 71 -1 73
76 72 -1 74
115 113 86 85
119 117 90 89
116 114 100 99
120 118 104 103
201 197 194 193
207 203 196 195
217 213 210 209
223 219 212 211
202 198 200 199
208 204 206 205
218 214 216 215
224 220 222 221
245 239 -1 240
246 241 -1 242
250 247 249 248
257 253 -1 255
258 254 -1 256
270 267 269 268
275 271 -1 273
276 272 -1 274
291 289 278 277
295 293 282 281
292 290 284 283
296 294 288 287
73 64 68 67
74 65 70 69
89 85 -1 87
90 86 -1 88
103 99 -1 101
104 100 -1 102
195 193 122 121
211 209 126 125
196 194 140 139
212 210 144 143
205 199 158 157
221 215 162 161
206 200 176 175
222 216 180 179
242 240 244 243
255 248 -1 251
256 249 -1 252
273 268 260 259
274 269 264 263
281 277 -1 279
282 278 -1 280
287 283 -1 285
288 284 -1 286
87 67 78 77
88 68 80 79
101 69 82 81
102 70 84 83
125 121 -1 123
126 122 -1 124
143 139 -1 141
144 140 -1 142
161 157 -1 159
162 158 -1 160
179 175 -1 177
180 176 -1 178
251 243 228 227
252 244 236 235
279 259 -1 261
280 260 -1 262
285 263 -1 265
286 264 -1 266
123 77 92 91
124 78 94 93
141 79 96 95
142 80 98 97
159 81 106 105
160 82 108 107
177 83 110 109
178 84 112 111
261 227 226 225
262 228 230 229
265 235 232 231
266 236 238 237
132 91 1 1
131 92 1 1
225 181 132 131
138 93 1 1
137 94 1 1
226 182 138 137
150 95 1 1
149 96 1 1
229 183 150 149
156 97 1 1
155 98 1 1
230 184 156 155
168 105 1 1
167 106 1 1
231 187 168 167
174 107 170 1
173 108 1 1
232 188 174 173
237 189 186 185
238 190 192 191
185 109 182 181
186 110 184 183
191 111 188 187
192 112 190 189
-1 170 234 233
-1 234 220 219
