67 0 -1 63
68 0 -1 66
0 0 -1 67
0 0 -1 68
0 0 76 75
0 0 85 84
0 0 89 88
0 0 116 115
0 0 118 117
0 0 175 174
0 0 177 176
0 0 179 178
0 0 181 180
0 0 187 186
0 0 191 190
0 0 193 192
0 0 197 196
0 0 289 288
0 0 293 292
0 0 295 294
0 0 299 298
0 0 305 304
0 0 309 308
0 0 311 310
0 0 315 314
0 0 361 360
0 0 363 362
0 0 365 364
0 0 367 366
0 0 369 368
0 0 371 370
378 0 375 374
66 63 65 64
86 75 -1 73
87 76 -1 74
88 84 -1 86
89 85 -1 87
117 115 91 90
118 116 103 102
176 174 120 119
180 178 124 123
177 175 126 125
181 179 130 129
190 186 183 182
196 192 185 184
191 187 189 188
197 193 195 194
292 288 285 284
298 294 287 286
308 304 301 300
314 310 303 302
293 289 291 290
299 295 297 296
309 305 307 306
315 311 313 312
362 360 321 320
366 364 325 324
370 368 327 326
374 372 331 330
363 361 345 344
367 365 349 348
371 369 351 350
375 373 355 354
73 64 70 69
74 65 72 71
121 90 -1 92
122 91 -1 93
127 102 -1 104
128 103 -1 105
123 119 -1 121
124 120 -1 122
129 125 -1 127
130 126 -1 128
184 182 132 131
185 183 144 143
194 188 156 155
345 332 -1 166
349 334 -1 167
286 284 199 198
302 300 203 202
287 285 205 204
303 301 209 208
238 189 -1 234
239 195 -1 235
307 291 -1 238
313 297 -1 239
296 290 245 244
312 306 249 248
351 162 -1 250
355 271 -1 251
324 320 317 316
330 326 319 318
325 321 323 322
331 327 329 328
348 344 347 346
354 350 353 352
92 69 78 77
93 70 80 79
104 71 82 81
166 72 -1 83
167 105 -1 106
200 131 -1 133
201 132 -1 134
206 143 -1 145
207 144 -1 146
246 155 -1 157
247 156 -1 158
202 198 -1 200
203 199 -1 201
208 204 -1 206
209 205 -1 207
319 317 211 210
318 316 217 216
329 323 223 222
328 322 229 228
250 234 -1 236
251 235 -1 237
248 244 -1 246
249 245 -1 247
353 347 267 266
352 346 277 276
133 77 95 94
134 78 97 96
145 79 99 98
146 80 101 100
157 81 108 107
158 82 110 109
-1 83 112 111
-1 106 114 113
214 210 -1 212
215 211 -1 213
220 216 -1 218
221 217 -1 219
226 222 -1 224
227 223 -1 225
232 228 -1 230
233 229 -1 231
-1 236 241 240
-1 237 243 242
272 266 -1 268
273 267 -1 269
280 276 -1 278
281 277 -1 279
213 94 1 1
212 95 1 1
219 96 1 1
218 97 1 1
225 98 1 1
224 99 1 1
231 100 1 1
230 101 1 1
268 107 1 1
279 109 -1 163
278 110 1 1
-1 111 169 168
-1 113 172 171
169 112 -1 170
172 114 -1 173
-1 240 253 252
-1 242 256 255
253 241 -1 254
256 243 -1 257
-1 108 162 161
-1 269 271 270
-1 163 283 282
270 161 275 274
171 168 259 258
255 252 263 262
173 170 261 260
257 254 265 264
377 282 -1 376
-1 283 378 377
335 275 215 214
333 274 221 220
262 258 337 336
265 260 357 356
264 261 359 358
263 259 343 342
-1 376 373 372
340 337 227 226
338 336 233 232
343 341 273 272
342 339 281 280
-1 358 333 332
-1 359 335 334
-1 356 339 338
-1 357 341 340
