0 0 64 63
0 0 68 67
0 0 76 75
0 0 79 78
0 0 86 85
0 0 89 88
0 0 96 95
0 0 102 101
0 0 112 111
0 0 116 115
0 0 118 117
0 0 122 121
0 0 148 147
0 0 152 151
0 0 160 159
0 0 162 161
0 0 172 171
0 0 178 177
303 0 190 189
0 0 216 215
0 0 218 217
0 0 224 223
0 0 230 229
0 0 236 235
0 0 240 239
0 0 248 247
0 0 250 249
0 0 252 251
0 0 258 257
0 0 268 267
0 0 270 269
75 63 -1 65
78 67 -1 69
85 64 -1 66
88 68 -1 70
101 95 98 97
115 111 106 105
102 96 100 99
121 117 110 109
159 147 -1 149
161 151 -1 153
160 148 -1 150
162 152 -1 154
177 171 174 173
189 187 182 181
178 172 176 175
190 188 186 185
215 76 -1 77
217 79 -1 80
216 86 -1 87
218 89 -1 90
229 223 226 225
116 112 114 113
230 224 228 227
122 118 120 119
247 235 -1 237
249 239 -1 241
248 236 -1 238
250 240 -1 242
257 251 254 253
269 267 262 261
258 252 256 255
270 268 266 265
69 65 72 71
70 66 74 73
105 97 -1 103
106 98 -1 104
109 99 -1 107
110 100 -1 108
153 149 156 155
154 150 158 157
181 173 -1 179
182 174 -1 180
185 175 -1 183
186 176 -1 184
80 77 220 219
90 87 222 221
225 113 -1 231
226 114 -1 232
227 119 -1 233
228 120 -1 234
241 237 244 243
242 238 246 245
261 253 -1 259
262 254 -1 260
265 255 -1 263
266 256 -1 264
103 71 82 81
263 245 128 127
104 72 84 83
264 246 134 133
107 73 92 91
259 243 140 139
108 74 94 93
260 244 146 145
179 155 164 163
233 221 196 195
180 156 166 165
234 222 202 201
183 157 168 167
231 219 208 207
184 158 170 169
232 220 214 213
127 81 124 123
195 163 192 191
128 82 126 125
196 164 194 193
133 83 130 129
201 165 198 197
134 84 132 131
202 166 200 199
139 91 136 135
207 167 204 203
140 92 138 137
208 168 206 205
145 93 142 141
213 169 210 209
146 94 144 143
214 170 212 211
192 123 1 1
191 124 1 1
194 125 1 1
193 126 1 1
198 129 1 1
197 130 1 1
200 131 1 1
199 132 1 1
204 135 1 1
203 136 1 1
206 137 1 1
205 138 1 1
210 141 1 1
209 142 1 1
212 143 300 1
211 144 1 1
-1 300 304 303
-1 304 188 187
