0 0 -1 63
0 0 -1 65
0 0 -1 69
0 0 -1 70
0 0 -1 75
0 0 -1 78
0 0 82 81
0 0 86 85
0 0 -1 127
0 0 -1 130
0 0 132 131
0 0 136 135
0 0 150 149
0 0 152 151
0 0 154 153
0 0 156 155
0 0 186 185
0 0 190 189
0 0 192 191
0 0 196 195
0 0 290 289
0 0 294 293
0 0 296 295
0 0 300 299
0 0 364 363
0 0 368 367
0 0 370 369
0 0 374 373
0 0 380 379
0 0 384 383
405 0 390 389
69 63 -1 64
70 65 -1 66
78 75 77 76
85 81 -1 83
86 82 -1 84
130 127 129 128
135 131 -1 133
136 132 -1 134
151 149 138 137
155 153 142 141
152 150 144 143
156 154 148 147
189 185 158 157
195 191 160 159
190 186 188 187
196 192 194 193
293 289 256 255
299 295 258 257
367 363 272 271
373 369 276 275
383 379 278 277
389 385 282 281
294 290 292 291
300 296 298 297
368 364 366 365
374 370 372 371
384 380 382 381
390 386 388 387
66 64 68 67
83 76 -1 79
84 77 -1 80
133 128 96 95
159 157 104 103
160 158 110 109
134 129 112 111
193 187 120 119
194 188 126 125
141 137 -1 139
142 138 -1 140
147 143 -1 145
148 144 -1 146
257 255 224 223
258 256 240 239
297 291 242 241
298 292 244 243
275 271 246 245
281 277 250 249
276 272 274 273
282 278 280 279
371 365 392 391
387 381 396 395
372 366 402 401
388 382 404 403
79 67 72 71
80 68 74 73
139 95 -1 97
140 96 -1 98
145 111 -1 113
146 112 -1 114
103 87 100 99
241 229 166 165
104 88 102 101
242 230 172 171
109 89 106 105
243 231 178 177
110 90 108 107
244 232 184 183
119 91 116 115
223 221 202 201
120 92 118 117
224 222 208 207
125 93 122 121
239 225 214 213
126 94 124 123
240 226 220 219
249 245 236 235
250 246 248 247
395 391 284 283
279 273 376 375
280 274 378 377
396 392 394 393
404 402 398 397
403 401 400 399
97 71 88 87
98 72 90 89
113 73 92 91
114 74 94 93
201 115 198 197
237 235 228 227
202 116 200 199
238 236 234 233
171 101 168 167
287 283 254 253
207 117 204 203
252 248 264 263
208 118 206 205
251 247 270 269
213 121 210 209
377 337 306 305
214 122 212 211
378 338 312 311
219 123 216 215
375 335 318 317
220 124 218 217
376 336 324 323
165 99 162 161
393 325 328 327
166 100 164 163
394 326 334 333
172 102 170 169
288 284 286 285
177 105 174 173
399 331 344 343
178 106 176 175
400 332 350 349
183 107 180 179
397 329 356 355
184 108 182 181
398 330 362 361
228 198 222 221
253 167 238 237
227 197 226 225
233 199 230 229
234 200 232 231
264 203 1 1
263 204 1 1
270 205 1 1
269 206 1 1
254 168 252 251
327 161 288 287
306 209 1 1
305 210 1 1
312 211 1 1
311 212 1 1
318 215 1 1
317 216 1 1
324 217 1 1
323 218 1 1
344 173 1 1
343 174 1 1
350 175 1 1
349 176 1 1
356 179 1 1
355 180 1 1
362 181 358 1
361 182 1 1
285 169 336 335
286 170 338 337
328 162 326 325
333 163 330 329
334 164 332 331
-1 358 406 405
-1 406 386 385
