0 0 -1 63
0 0 -1 65
0 0 -1 79
0 0 -1 82
0 0 -1 141
0 0 -1 144
0 0 146 145
0 0 150 149
0 0 365 364
0 0 367 366
0 0 369 368
0 0 371 370
0 0 373 372
0 0 375 374
0 0 377 376
0 0 379 378
0 0 381 380
0 0 383 382
0 0 385 384
0 0 387 386
0 0 389 388
0 0 391 390
0 0 393 392
0 0 395 394
0 0 465 464
0 0 469 468
0 0 471 470
0 0 475 474
0 0 477 476
0 0 481 480
494 0 487 486
70 63 -1 64
74 65 -1 66
82 79 81 80
144 141 143 142
149 145 -1 147
150 146 -1 148
366 364 230 229
370 368 234 233
374 372 236 235
378 376 240 239
367 365 242 241
371 369 246 245
375 373 248 247
379 377 252 251
382 380 282 281
386 384 286 285
390 388 288 287
394 392 292 291
383 381 330 329
387 385 334 333
391 389 336 335
395 393 340 339
468 464 453 452
474 470 455 454
480 476 457 456
486 482 459 458
469 465 467 466
475 471 473 472
481 477 479 478
487 483 485 484
66 64 68 67
85 80 -1 83
88 81 -1 84
147 142 120 119
148 143 132 131
333 329 216 215
339 335 218 217
472 466 220 219
484 478 224 223
233 229 -1 231
234 230 -1 232
239 235 -1 237
240 236 -1 238
245 241 -1 243
246 242 -1 244
251 247 -1 249
252 248 -1 250
285 281 254 253
291 287 256 255
286 282 284 283
292 288 290 289
334 330 332 331
340 336 338 337
454 452 401 400
458 456 405 404
455 453 415 414
459 457 419 418
473 467 441 440
485 479 445 444
83 67 76 75
84 68 78 77
217 215 104 103
231 71 -1 105
237 86 -1 87
232 72 -1 106
238 89 -1 90
223 219 112 111
151 119 -1 121
154 120 -1 122
157 131 -1 133
160 132 -1 134
249 243 168 167
250 244 170 169
255 253 176 175
256 254 182 181
289 283 188 187
290 284 194 193
218 216 200 199
337 331 206 205
338 332 214 213
404 400 397 396
405 401 403 402
418 414 411 410
419 415 417 416
224 220 222 221
444 440 425 424
445 441 443 442
-1 104 74 73
117 111 114 113
121 75 92 91
105 87 108 107
122 76 94 93
106 90 110 109
133 77 96 95
134 78 98 97
103 99 102 101
118 112 116 115
167 152 -1 153
168 155 -1 156
169 158 -1 159
170 161 -1 162
175 123 172 171
398 396 262 261
176 124 174 173
399 397 268 267
181 125 178 177
408 402 274 273
182 126 180 179
409 403 280 279
187 127 184 183
412 410 298 297
188 128 186 185
413 411 304 303
193 129 190 189
422 416 310 309
194 130 192 191
423 417 316 315
199 135 196 195
227 221 322 321
200 136 198 197
228 222 328 327
205 137 202 201
428 424 346 345
-1 206 208 207
213 139 210 209
448 442 356 355
214 140 212 211
449 443 363 362
-1 425 427 426
-1 113 86 85
-1 114 89 88
153 95 100 99
73 69 72 71
116 101 164 163
115 102 166 165
107 91 124 123
108 92 126 125
109 93 128 127
110 94 130 129
156 96 136 135
159 97 138 137
162 98 140 139
262 171 1 1
261 172 1 1
268 173 1 1
267 174 1 1
274 177 1 1
273 178 1 1
280 179 1 1
279 180 1 1
298 183 1 1
297 184 1 1
304 185 1 1
303 186 1 1
310 189 1 1
309 190 1 1
316 191 1 1
315 192 1 1
322 195 1 1
321 196 1 1
328 197 1 1
327 198 1 1
346 201 1 1
345 202 1 1
355 209 1 1
363 211 -1 359
362 212 1 1
207 203 348 347
430 426 437 436
208 204 350 349
431 427 439 438
-1 210 354 353
-1 356 358 357
-1 359 451 450
-1 100 70 69
-1 163 152 151
-1 164 155 154
-1 165 158 157
-1 166 161 160
439 350 226 225
-1 138 204 203
438 349 407 406
357 353 421 420
437 347 433 432
436 348 435 434
358 354 447 446
493 450 -1 492
-1 451 494 493
460 225 118 117
461 406 399 398
463 407 409 408
488 420 413 412
490 421 423 422
462 226 228 227
489 446 429 428
491 447 449 448
-1 432 461 460
-1 433 463 462
-1 434 489 488
-1 435 491 490
-1 492 483 482
-1 429 431 430
