0 0 -1 63
0 0 -1 66
0 0 72 71
0 0 76 75
0 0 122 121
0 0 124 123
0 0 126 125
0 0 128 127
0 0 158 157
0 0 162 161
0 0 164 163
0 0 168 167
0 0 321 320
0 0 323 322
0 0 325 324
0 0 327 326
0 0 329 328
0 0 331 330
0 0 333 332
0 0 335 334
0 0 -1 370
0 0 -1 373
0 0 379 378
0 0 383 382
0 0 397 396
0 0 399 398
0 0 401 400
0 0 403 402
0 0 409 408
0 0 413 412
422 0 419 418
66 63 65 64
75 71 -1 73
76 72 -1 74
123 121 86 85
127 125 90 89
124 122 104 103
128 126 108 107
161 157 130 129
167 163 132 131
162 158 160 159
168 164 166 165
322 320 222 221
326 324 226 225
330 328 228 227
334 332 232 231
323 321 286 285
327 325 290 289
331 329 292 291
335 333 296 295
373 370 372 371
382 378 -1 380
383 379 -1 381
398 396 385 384
402 400 389 388
399 397 391 390
403 401 395 394
412 408 405 404
418 414 407 406
413 409 411 410
419 415 417 416
73 64 68 67
74 65 70 69
89 85 -1 87
90 86 -1 88
131 129 96 95
132 130 102 101
107 103 -1 105
108 104 -1 106
165 159 114 113
166 160 120 119
225 221 194 193
231 227 196 195
226 222 224 223
232 228 230 229
289 285 258 257
295 291 260 259
290 286 288 287
296 292 294 293
416 410 347 346
417 411 359 358
406 404 363 362
407 405 367 366
380 371 375 374
381 372 377 376
388 384 -1 386
389 385 -1 387
394 390 -1 392
395 391 -1 393
87 67 78 77
88 68 80 79
105 69 82 81
106 70 84 83
95 77 92 91
195 193 138 137
96 78 94 93
196 194 144 143
101 79 98 97
229 223 150 149
102 80 100 99
230 224 156 155
113 81 110 109
259 257 174 173
114 82 112 111
260 258 180 179
119 83 116 115
293 287 186 185
120 84 118 117
294 288 192 191
346 344 337 336
347 345 339 338
359 357 341 340
358 356 343 342
392 376 345 344
363 361 349 348
362 360 351 350
367 365 353 352
366 364 355 354
393 377 357 356
386 374 361 360
387 375 365 364
137 91 134 133
336 199 202 201
138 92 136 135
337 200 208 207
143 93 140 139
338 197 214 213
144 94 142 141
339 198 220 219
149 97 146 145
342 205 238 237
150 98 148 147
343 206 244 243
155 99 152 151
340 203 250 249
156 100 154 153
341 204 256 255
173 109 170 169
350 211 266 265
174 110 172 171
351 212 272 271
179 111 176 175
348 209 278 277
180 112 178 177
349 210 284 283
185 115 182 181
354 217 302 301
186 116 184 183
355 218 308 307
191 117 188 187
352 215 314 313
192 118 190 189
353 216 319 318
238 145 1 1
237 146 1 1
244 147 1 1
243 148 1 1
250 151 1 1
249 152 1 1
256 153 1 1
255 154 1 1
266 169 1 1
265 170 1 1
272 171 1 1
271 172 1 1
278 175 1 1
277 176 1 1
284 177 1 1
283 178 1 1
302 181 1 1
301 182 1 1
308 183 1 1
307 184 1 1
314 187 1 1
313 188 1 1
319 189 -1 315
318 190 1 1
202 134 200 199
201 133 198 197
207 135 204 203
208 136 206 205
213 139 210 209
214 140 212 211
219 141 216 215
220 142 218 217
-1 315 369 368
421 368 -1 420
-1 369 422 421
-1 420 415 414
