0 0 64 63
0 0 70 69
0 0 84 83
0 0 86 85
0 0 138 137
0 0 142 141
0 0 144 143
0 0 148 147
0 0 357 356
0 0 363 362
0 0 369 368
0 0 371 370
0 0 393 392
0 0 397 396
0 0 399 398
0 0 403 402
0 0 449 448
0 0 453 452
0 0 455 454
0 0 459 458
0 0 465 464
0 0 469 468
494 0 475 474
0 0 477 476
0 0 479 478
0 0 481 480
0 0 483 482
0 0 485 484
0 0 487 486
0 0 489 488
0 0 491 490
69 63 66 65
85 83 76 75
70 64 68 67
86 84 82 81
141 137 112 111
147 143 114 113
142 138 140 139
148 144 146 145
362 356 359 358
370 368 365 364
363 357 361 360
371 369 367 366
396 392 389 388
402 398 391 390
478 476 417 416
482 480 419 418
486 484 421 420
490 488 423 422
397 393 395 394
403 399 401 400
479 477 437 436
483 481 439 438
487 485 441 440
491 489 443 442
452 448 445 444
458 454 447 446
468 464 461 460
474 470 463 462
453 449 451 450
459 455 457 456
469 465 467 466
475 471 473 472
75 65 72 71
113 111 92 91
76 66 74 73
114 112 97 96
81 67 78 77
145 139 104 103
82 68 80 79
146 140 110 109
367 361 218 217
439 437 240 239
443 441 244 243
366 360 305 304
438 436 309 308
442 440 313 312
365 359 331 330
419 417 335 334
423 421 339 338
364 358 345 344
418 416 349 348
422 420 353 352
390 388 373 372
391 389 377 376
400 394 381 380
401 395 385 384
446 444 405 404
462 460 409 408
447 445 411 410
463 461 415 414
456 450 425 424
472 466 429 428
457 451 431 430
473 467 435 434
91 71 88 87
92 72 90 89
96 73 94 93
218 74 -1 95
387 97 -1 98
103 77 100 99
104 78 102 101
109 79 106 105
110 80 108 107
240 227 -1 229
244 232 -1 234
382 304 301 300
312 308 303 302
383 305 307 306
313 309 311 310
386 217 220 219
243 239 242 241
378 330 327 326
338 334 329 328
379 331 333 332
339 335 337 336
374 344 341 340
352 348 343 342
375 345 347 346
353 349 351 350
406 372 -1 374
407 373 -1 375
412 376 -1 378
413 377 -1 379
426 380 -1 382
427 381 -1 383
432 384 -1 386
433 385 -1 387
408 404 -1 406
409 405 -1 407
414 410 -1 412
415 411 -1 413
428 424 -1 426
429 425 -1 427
434 430 -1 432
435 431 -1 433
119 87 116 115
302 300 178 177
120 88 118 117
303 301 184 183
125 89 122 121
310 306 190 189
126 90 124 123
311 307 196 195
131 93 128 127
241 219 210 209
132 94 130 129
242 220 216 215
-1 95 134 133
-1 98 136 135
-1 229 236 235
-1 234 238 237
153 99 150 149
328 326 254 253
154 100 152 151
329 327 260 259
159 101 156 155
336 332 266 265
160 102 158 157
337 333 272 271
165 105 162 161
342 340 278 277
166 106 164 163
343 341 284 283
171 107 168 167
350 346 290 289
172 108 170 169
351 347 295 294
178 115 1 1
177 116 1 1
184 117 1 1
183 118 1 1
190 121 1 1
189 122 1 1
196 123 1 1
195 124 1 1
210 127 1 1
209 128 1 1
216 129 1 1
215 130 1 1
254 149 1 1
253 150 1 1
260 151 1 1
259 152 1 1
266 155 1 1
265 156 1 1
272 157 1 1
271 158 1 1
278 161 1 1
277 162 1 1
284 163 1 1
283 164 1 1
290 167 286 285
289 168 1 1
295 169 -1 291
294 170 1 1
135 133 222 221
237 235 246 245
231 134 -1 223
233 136 -1 224
297 236 -1 247
299 238 -1 248
-1 291 355 354
-1 285 202 201
-1 286 204 203
246 221 315 314
245 222 317 316
224 223 319 318
248 247 321 320
493 354 -1 492
-1 355 494 493
201 197 120 119
203 199 126 125
202 198 154 153
204 200 160 159
-1 314 231 230
-1 315 233 232
-1 316 297 296
-1 317 299 298
321 318 323 322
320 319 325 324
-1 492 471 470
230 225 132 131
296 226 166 165
298 228 172 171
-1 322 198 197
-1 323 200 199
-1 324 226 225
-1 325 228 227
