0 0 -1 63
0 0 -1 65
0 0 -1 69
0 0 -1 70
0 0 -1 73
0 0 -1 75
0 0 -1 79
0 0 -1 80
0 0 -1 102
0 0 -1 104
0 0 -1 108
0 0 -1 109
0 0 -1 112
0 0 -1 114
0 0 -1 118
0 0 -1 119
0 0 -1 126
0 0 -1 127
0 0 -1 128
0 0 -1 129
0 0 -1 130
0 0 -1 131
0 0 -1 132
0 0 -1 133
0 0 -1 136
0 0 -1 137
0 0 -1 138
0 0 -1 139
0 0 -1 140
0 0 -1 141
144 0 -1 142
69 63 -1 64
70 65 -1 66
79 73 -1 74
80 75 -1 76
128 126 -1 83
129 127 -1 84
132 130 -1 89
133 131 -1 90
108 102 -1 103
109 104 -1 105
118 112 -1 113
119 114 -1 115
138 136 -1 122
139 137 -1 123
142 140 -1 124
143 141 -1 125
83 64 -1 67
84 66 -1 68
89 74 -1 77
90 76 -1 78
122 103 -1 106
123 105 -1 107
124 113 -1 116
125 115 -1 117
68 67 72 71
78 77 82 81
107 106 111 110
117 116 121 120
81 71 86 85
121 111 96 95
82 72 88 87
120 110 101 100
96 85 1 1
95 86 1 1
101 87 -1 97
100 88 1 1
-1 97 135 134
145 134 -1 143
-1 135 145 144
