0 0 -1 64
0 0 -1 66
0 0 -1 72
0 0 -1 73
0 0 -1 78
0 0 -1 80
0 0 -1 86
0 0 -1 87
68 0 -1 74
70 0 -1 76
82 0 -1 88
84 0 -1 90
0 0 -1 100
0 0 -1 102
0 0 -1 108
0 0 -1 109
0 0 -1 114
0 0 -1 116
0 0 -1 122
0 0 -1 123
0 0 -1 198
0 0 -1 200
0 0 -1 206
0 0 -1 207
0 0 -1 208
0 0 -1 210
0 0 -1 216
0 0 -1 217
0 0 -1 224
0 0 -1 226
248 0 -1 232
250 0 -1 233
0 0 -1 234
0 0 -1 236
72 64 -1 65
73 66 -1 67
86 78 -1 79
87 80 -1 81
74 69 -1 75
76 71 -1 77
88 83 -1 89
90 85 -1 91
108 100 -1 101
109 102 -1 103
122 114 -1 115
123 116 -1 117
206 198 -1 199
207 200 -1 201
216 208 -1 209
217 210 -1 211
232 224 -1 225
233 226 -1 227
242 234 -1 235
243 236 -1 237
-1 65 69 68
-1 67 71 70
-1 79 83 82
-1 81 85 84
77 75 93 92
91 89 95 94
-1 101 105 104
-1 103 107 106
-1 115 119 118
-1 117 121 120
-1 199 203 202
-1 201 205 204
-1 209 213 212
-1 211 215 214
-1 225 229 228
-1 227 231 230
-1 235 239 238
-1 237 241 240
132 104 -1 110
136 106 -1 112
110 105 -1 111
112 107 -1 113
144 118 -1 124
148 120 -1 126
124 119 -1 125
126 121 -1 127
94 92 97 96
95 93 99 98
202 134 -1 178
204 138 -1 180
228 135 -1 179
230 139 -1 181
212 146 -1 190
214 150 -1 192
238 147 -1 191
240 151 -1 193
203 178 -1 182
205 180 -1 183
213 190 -1 194
215 192 -1 195
229 179 -1 184
231 181 -1 185
239 191 -1 196
241 193 -1 197
-1 97 133 132
113 111 129 128
127 125 131 130
140 96 153 152
142 98 155 154
143 99 157 156
183 182 219 218
195 194 221 220
185 184 245 244
197 196 247 246
130 128 141 140
131 129 143 142
163 152 1 1
162 153 1 1
168 154 1 1
177 156 1 1
176 157 1 1
-1 133 135 134
221 219 187 186
247 245 189 188
-1 155 167 166
220 218 223 222
246 244 253 252
-1 141 137 136
-1 187 145 144
-1 189 149 148
188 186 163 162
253 223 169 168
252 222 177 176
249 166 -1 242
-1 167 249 248
-1 137 139 138
-1 145 147 146
-1 149 151 150
-1 169 171 170
251 170 -1 243
-1 171 251 250
