68 0 -1 64
69 0 -1 67
0 0 -1 68
0 0 -1 69
0 0 77 76
0 0 87 86
0 0 91 90
0 0 117 116
0 0 119 118
0 0 185 184
0 0 187 186
0 0 189 188
0 0 191 190
0 0 197 196
0 0 201 200
0 0 203 202
0 0 207 206
0 0 295 294
0 0 299 298
0 0 301 300
0 0 305 304
0 0 311 310
0 0 315 314
0 0 317 316
0 0 321 320
0 0 375 374
0 0 377 376
0 0 379 378
0 0 381 380
0 0 383 382
0 0 385 384
0 0 387 386
67 64 66 65
88 76 -1 74
89 77 -1 75
90 86 -1 88
91 87 -1 89
118 116 93 92
119 117 105 104
186 184 121 120
190 188 125 124
187 185 127 126
191 189 131 130
200 196 193 192
206 202 195 194
201 197 199 198
207 203 205 204
298 294 291 290
304 300 293 292
314 310 307 306
320 316 309 308
299 295 297 296
305 301 303 302
315 311 313 312
321 317 319 318
376 374 327 326
380 378 331 330
384 382 333 332
386 288 337 336
377 375 349 348
381 379 353 352
385 383 355 354
387 289 359 358
74 65 71 70
75 66 73 72
122 92 -1 94
123 93 -1 95
128 104 -1 106
129 105 -1 107
124 120 -1 122
125 121 -1 123
130 126 -1 128
131 127 -1 129
194 192 133 132
195 193 145 144
204 198 157 156
205 199 173 172
292 290 209 208
308 306 213 212
293 291 215 214
309 307 219 218
302 296 245 244
318 312 249 248
303 297 251 250
319 313 255 254
330 326 323 322
336 332 325 324
331 327 329 328
337 333 335 334
352 348 343 342
358 354 346 345
353 349 351 350
359 355 357 356
94 70 79 78
95 71 81 80
106 72 83 82
107 73 85 84
210 132 -1 134
211 133 -1 135
216 144 -1 146
217 145 -1 147
246 156 -1 158
247 157 -1 159
252 172 -1 174
253 173 -1 175
212 208 -1 210
213 209 -1 211
218 214 -1 216
219 215 -1 217
325 323 221 220
324 322 227 226
335 329 233 232
334 328 239 238
248 244 -1 246
249 245 -1 247
254 250 -1 252
255 251 -1 253
345 342 257 256
357 351 271 270
356 350 283 282
343 281 -1 344
363 346 -1 347
134 78 97 96
135 79 99 98
146 80 101 100
147 81 103 102
158 82 109 108
-1 83 111 110
-1 159 161 160
174 84 113 112
175 85 115 114
224 220 -1 222
225 221 -1 223
230 226 -1 228
231 227 -1 229
236 232 -1 234
237 233 -1 235
242 238 -1 240
243 239 -1 241
260 256 -1 258
261 257 -1 259
276 270 -1 272
277 271 -1 273
286 282 -1 284
287 283 -1 285
347 344 361 360
223 96 1 1
222 97 1 1
229 98 1 1
228 99 1 1
235 100 1 1
234 101 1 1
241 102 1 1
240 103 1 1
259 108 1 1
258 109 1 1
272 112 1 1
285 114 181 1
284 115 1 1
160 110 167 166
-1 111 169 168
-1 161 171 170
-1 113 179 178
-1 273 275 274
-1 360 365 364
-1 361 369 368
-1 181 289 288
274 178 279 278
170 168 267 266
364 166 263 262
275 179 281 280
-1 365 367 366
-1 369 371 370
171 169 269 268
368 167 265 264
339 279 225 224
338 278 231 230
341 263 237 236
340 262 243 242
362 280 261 260
373 265 277 276
372 264 287 286
366 266 339 338
370 267 341 340
367 268 363 362
371 269 373 372
