0 0 -1 64
0 0 -1 67
0 0 73 72
0 0 77 76
0 0 114 113
0 0 116 115
0 0 118 117
0 0 120 119
0 0 197 196
0 0 201 200
0 0 203 202
0 0 207 206
0 0 213 212
0 0 217 216
0 0 219 218
0 0 223 222
0 0 481 480
0 0 485 484
0 0 487 486
0 0 491 490
0 0 497 496
0 0 501 500
0 0 505 504
0 0 507 506
0 0 509 508
0 0 511 510
0 0 513 512
0 0 515 514
0 0 517 516
0 0 519 518
0 0 521 520
67 64 66 65
76 72 -1 74
77 73 -1 75
115 113 87 86
119 117 91 90
116 114 100 99
120 118 104 103
200 196 193 192
206 202 195 194
216 212 209 208
222 218 211 210
201 197 199 198
207 203 205 204
217 213 215 214
223 219 221 220
508 506 407 406
512 510 411 410
516 514 413 412
520 518 417 416
509 507 445 444
513 511 449 448
517 515 451 450
521 519 455 454
484 480 477 476
490 486 479 478
500 496 493 492
504 384 495 494
485 481 483 482
491 487 489 488
501 497 499 498
505 385 503 502
74 65 69 68
75 66 71 70
90 86 -1 88
91 87 -1 89
103 99 -1 101
104 100 -1 102
194 192 122 121
210 208 126 125
195 193 140 139
211 209 145 144
204 198 157 156
220 214 163 162
205 199 175 174
221 215 179 178
478 476 367 366
494 492 371 370
410 406 -1 408
411 407 -1 409
416 412 -1 414
417 413 -1 415
479 477 419 418
495 493 425 424
488 482 439 438
502 498 443 442
448 444 -1 446
449 445 -1 447
454 450 -1 452
455 451 -1 453
489 483 457 456
503 499 461 460
88 68 79 78
89 69 81 80
101 70 83 82
102 71 85 84
125 121 -1 123
126 122 -1 124
144 139 -1 141
145 140 -1 142
162 156 -1 158
163 157 -1 159
178 174 -1 176
179 175 -1 177
453 447 269 268
414 408 327 326
452 446 337 336
370 366 -1 368
371 367 -1 369
415 409 387 386
424 418 -1 420
425 419 -1 421
442 438 -1 440
443 439 -1 441
460 456 -1 458
461 457 -1 459
123 78 93 92
124 79 95 94
141 80 97 96
269 81 -1 98
459 142 -1 143
158 82 106 105
-1 83 108 107
-1 159 161 160
176 84 110 109
177 85 112 111
368 326 251 250
369 327 323 322
440 336 335 334
441 337 339 338
458 268 271 270
420 386 379 378
-1 387 389 388
-1 421 423 422
184 109 181 180
330 250 225 224
131 92 128 127
342 334 231 230
132 93 130 129
343 335 237 236
137 94 134 133
348 338 243 242
138 95 136 135
349 339 249 248
185 110 183 182
331 251 253 252
150 96 147 146
362 270 261 260
151 97 149 148
363 271 267 266
-1 98 153 152
-1 143 155 154
190 111 187 186
374 322 293 292
168 105 165 164
392 378 301 300
169 106 167 166
393 379 309 308
160 107 171 170
161 108 173 172
191 112 189 188
375 323 325 324
423 389 429 428
422 388 427 426
224 180 132 131
225 181 138 137
252 182 151 150
292 186 169 168
324 188 185 184
325 189 191 190
231 127 1 1
230 128 1 1
237 129 1 1
236 130 1 1
243 133 1 1
242 134 1 1
249 135 1 1
248 136 1 1
261 146 1 1
260 147 1 1
267 148 1 1
266 149 1 1
282 183 -1 254
283 253 -1 255
300 164 1 1
309 166 305 1
308 167 1 1
-1 187 291 290
-1 293 295 294
-1 152 273 272
-1 154 276 275
273 153 -1 274
276 155 -1 277
-1 165 299 298
-1 301 303 302
314 170 311 310
473 427 397 396
315 171 313 312
471 426 399 398
320 172 317 316
470 428 401 400
321 173 319 318
472 429 404 403
-1 305 385 384
435 311 -1 282
437 397 -1 283
-1 254 279 278
-1 255 281 280
294 290 315 314
295 291 321 320
400 316 329 328
398 312 341 340
399 313 347 346
396 310 361 360
401 317 373 372
403 318 391 390
275 272 353 352
302 298 381 380
277 274 355 354
303 299 383 382
383 319 -1 402
465 404 -1 405
332 328 -1 330
333 329 -1 331
344 340 -1 342
345 341 -1 343
462 380 345 344
350 346 -1 348
351 347 -1 349
464 381 351 350
-1 278 285 284
-1 280 288 287
285 279 -1 286
288 281 -1 289
364 360 -1 362
365 361 -1 363
376 372 -1 374
377 373 -1 375
394 390 -1 392
395 391 -1 393
463 382 395 394
356 352 431 430
359 354 467 466
358 355 469 468
357 353 437 436
405 402 475 474
432 430 333 332
436 433 365 364
434 431 377 376
-1 466 433 432
-1 467 435 434
287 284 357 356
-1 468 463 462
-1 469 465 464
289 286 359 358
-1 474 471 470
-1 475 473 472
