68 0 -1 64
69 0 -1 67
0 0 -1 68
0 0 -1 69
0 0 77 76
0 0 86 85
0 0 90 89
0 0 116 115
0 0 118 117
0 0 177 176
0 0 179 178
0 0 181 180
0 0 183 182
0 0 189 188
0 0 193 192
0 0 195 194
0 0 199 198
0 0 287 286
0 0 291 290
0 0 293 292
0 0 297 296
0 0 303 302
0 0 307 306
0 0 309 308
0 0 313 312
0 0 369 368
0 0 371 370
0 0 373 372
0 0 375 374
0 0 377 376
0 0 379 378
0 0 381 380
67 64 66 65
87 76 -1 74
88 77 -1 75
89 85 -1 87
90 86 -1 88
117 115 92 91
118 116 104 103
178 176 120 119
182 180 124 123
179 177 126 125
183 181 130 129
192 188 185 184
198 194 187 186
193 189 191 190
199 195 197 196
290 286 283 282
296 292 285 284
306 302 299 298
312 308 301 300
291 287 289 288
297 293 295 294
307 303 305 304
313 309 311 310
370 368 319 318
374 372 323 322
376 366 325 324
380 378 329 328
371 369 345 344
375 373 349 348
377 367 351 350
381 379 355 354
74 65 71 70
75 66 73 72
121 91 -1 93
122 92 -1 94
127 103 -1 105
128 104 -1 106
123 119 -1 121
124 120 -1 122
129 125 -1 127
130 126 -1 128
186 184 132 131
187 185 144 143
196 190 156 155
345 336 -1 168
349 338 -1 169
284 282 201 200
300 298 205 204
285 283 207 206
301 299 211 210
240 191 -1 236
241 197 -1 237
305 289 -1 240
311 295 -1 241
294 288 247 246
310 304 251 250
357 351 -1 252
385 355 -1 253
322 318 315 314
328 324 317 316
323 319 321 320
329 325 327 326
348 344 347 346
354 350 353 352
93 70 79 78
94 71 81 80
105 72 83 82
168 73 -1 84
169 106 -1 107
202 131 -1 133
203 132 -1 134
208 143 -1 145
209 144 -1 146
248 155 -1 157
249 156 -1 158
204 200 -1 202
205 201 -1 203
210 206 -1 208
211 207 -1 209
317 315 213 212
316 314 219 218
327 321 225 224
326 320 231 230
252 236 -1 238
253 237 -1 239
250 246 -1 248
251 247 -1 249
347 343 -1 268
359 353 -1 269
352 346 277 276
133 78 96 95
134 79 98 97
145 80 100 99
146 81 102 101
268 83 -1 110
269 157 -1 159
158 82 109 108
-1 84 112 111
-1 107 114 113
216 212 -1 214
217 213 -1 215
222 218 -1 220
223 219 -1 221
228 224 -1 226
229 225 -1 227
234 230 -1 232
235 231 -1 233
-1 238 243 242
-1 239 245 244
280 276 -1 278
281 277 -1 279
215 95 1 1
214 96 1 1
221 97 1 1
220 98 1 1
227 99 1 1
226 100 1 1
233 101 1 1
232 102 1 1
279 108 1 1
278 109 1 1
-1 111 171 170
-1 113 174 173
171 112 -1 172
174 114 -1 175
-1 242 255 254
-1 244 258 257
255 243 -1 256
258 245 -1 259
-1 110 161 160
-1 159 163 162
173 170 261 260
257 254 265 264
175 172 263 262
259 256 267 266
271 161 -1 272
274 163 -1 275
-1 160 271 270
-1 162 274 273
264 260 333 332
265 261 357 356
267 262 361 360
266 263 363 362
275 272 365 364
273 270 367 366
382 332 331 330
-1 362 337 336
-1 363 339 338
384 333 335 334
-1 360 341 340
-1 361 343 342
383 356 359 358
-1 364 383 382
-1 365 385 384
339 331 217 216
337 330 223 222
342 335 229 228
340 334 235 234
358 341 281 280
