0 0 -1 64
0 0 -1 66
0 0 -1 78
0 0 -1 80
130 0 -1 94
131 0 -1 95
132 0 -1 96
133 0 -1 97
0 0 -1 112
0 0 -1 113
0 0 -1 122
0 0 -1 123
144 0 -1 130
146 0 -1 131
152 0 -1 132
154 0 -1 133
168 0 -1 134
170 0 -1 135
178 0 -1 136
180 0 -1 137
0 0 -1 138
0 0 -1 140
138 0 -1 139
140 0 -1 141
0 0 -1 148
0 0 -1 150
148 0 -1 149
150 0 -1 151
158 0 -1 156
159 0 -1 157
145 0 -1 158
147 0 -1 159
153 0 -1 160
155 0 -1 161
0 0 -1 162
0 0 -1 164
162 0 -1 163
164 0 -1 165
0 0 -1 172
0 0 -1 174
172 0 -1 173
174 0 -1 175
169 0 -1 182
171 0 -1 183
179 0 -1 184
181 0 -1 185
70 64 -1 65
73 66 -1 67
94 65 -1 68
95 67 -1 69
84 78 -1 79
87 80 -1 81
96 79 -1 82
97 81 -1 83
112 71 -1 72
113 74 -1 75
122 85 -1 86
123 88 -1 89
160 91 -1 100
161 93 -1 103
134 105 -1 106
135 108 -1 109
136 115 -1 116
137 118 -1 119
156 139 -1 142
157 141 -1 143
149 100 -1 124
151 103 -1 125
163 126 -1 166
165 128 -1 167
173 127 -1 176
175 129 -1 177
182 98 -1 126
183 101 -1 128
184 99 -1 127
185 102 -1 129
69 68 1 1
-1 82 91 90
-1 83 93 92
106 72 -1 110
109 75 -1 111
116 86 -1 120
119 89 -1 121
-1 142 145 144
-1 143 147 146
-1 124 153 152
-1 125 155 154
-1 166 169 168
-1 167 171 170
-1 176 179 178
-1 177 181 180
-1 110 105 104
-1 111 108 107
-1 120 115 114
-1 121 118 117
-1 90 99 98
-1 92 102 101
-1 104 71 70
-1 107 74 73
-1 114 85 84
-1 117 88 87
