0 0 65 64
0 0 69 68
0 0 77 76
0 0 80 79
0 0 87 86
0 0 90 89
0 0 97 96
0 0 103 102
0 0 113 112
0 0 117 116
0 0 119 118
0 0 123 122
0 0 149 148
0 0 153 152
0 0 161 160
0 0 163 162
0 0 173 172
0 0 179 178
0 0 191 190
0 0 217 216
0 0 219 218
0 0 225 224
0 0 231 230
0 0 237 236
0 0 241 240
0 0 249 248
0 0 251 250
0 0 253 252
0 0 259 258
0 0 269 268
0 0 271 270
76 64 -1 66
79 68 -1 70
86 65 -1 67
89 69 -1 71
102 96 99 98
116 112 107 106
103 97 101 100
122 118 111 110
160 148 -1 150
162 152 -1 154
161 149 -1 151
163 153 -1 155
178 172 175 174
190 188 183 182
179 173 177 176
191 189 187 186
216 77 -1 78
218 80 -1 81
217 87 -1 88
219 90 -1 91
230 224 227 226
117 113 115 114
231 225 229 228
123 119 121 120
248 236 -1 238
250 240 -1 242
249 237 -1 239
251 241 -1 243
258 252 255 254
270 268 263 262
259 253 257 256
271 269 267 266
70 66 73 72
71 67 75 74
106 98 -1 104
107 99 -1 105
110 100 -1 108
111 101 -1 109
154 150 157 156
155 151 159 158
182 174 -1 180
183 175 -1 181
186 176 -1 184
187 177 -1 185
81 78 221 220
91 88 223 222
226 114 -1 232
227 115 -1 233
228 120 -1 234
229 121 -1 235
242 238 245 244
243 239 247 246
262 254 -1 260
263 255 -1 261
266 256 -1 264
267 257 -1 265
104 72 83 82
264 246 129 128
105 73 85 84
265 247 135 134
108 74 93 92
260 244 141 140
109 75 95 94
261 245 147 146
180 156 165 164
234 222 197 196
181 157 167 166
235 223 203 202
184 158 169 168
232 220 209 208
185 159 171 170
233 221 215 214
128 82 125 124
196 164 193 192
129 83 127 126
197 165 195 194
134 84 131 130
202 166 199 198
135 85 133 132
203 167 201 200
140 92 137 136
208 168 205 204
141 93 139 138
209 169 207 206
146 94 143 142
214 170 211 210
147 95 145 144
215 171 213 212
193 124 1 1
192 125 1 1
195 126 1 1
194 127 1 1
199 130 1 1
198 131 1 1
201 132 1 1
200 133 1 1
205 136 1 1
204 137 1 1
207 138 1 1
206 139 1 1
211 142 1 1
210 143 1 1
213 144 301 1
212 145 1 1
-1 301 189 188
