0 0 -1 64
0 0 -1 66
0 0 -1 80
0 0 -1 83
0 0 -1 142
0 0 -1 145
0 0 147 146
0 0 151 150
0 0 363 362
0 0 365 364
0 0 367 366
0 0 369 368
0 0 371 370
0 0 373 372
0 0 375 374
0 0 377 376
0 0 379 378
0 0 381 380
0 0 383 382
0 0 385 384
0 0 387 386
0 0 389 388
0 0 391 390
0 0 393 392
0 0 471 470
0 0 475 474
0 0 477 476
0 0 481 480
0 0 487 486
0 0 489 488
0 0 493 492
71 64 -1 65
75 66 -1 67
83 80 82 81
145 142 144 143
150 146 -1 148
151 147 -1 149
364 362 231 230
368 366 235 234
372 370 237 236
376 374 241 240
365 363 243 242
369 367 247 246
373 371 249 248
377 375 253 252
380 378 283 282
384 382 287 286
388 386 289 288
392 390 293 292
381 379 331 330
385 383 335 334
389 387 337 336
393 391 341 340
474 470 459 458
480 476 461 460
486 482 463 462
492 488 465 464
475 471 473 472
481 477 479 478
487 483 485 484
493 489 491 490
67 65 69 68
86 81 -1 84
89 82 -1 85
148 143 121 120
149 144 133 132
334 330 217 216
340 336 219 218
478 472 221 220
490 484 225 224
234 230 -1 232
235 231 -1 233
240 236 -1 238
241 237 -1 239
246 242 -1 244
247 243 -1 245
252 248 -1 250
253 249 -1 251
286 282 255 254
292 288 257 256
287 283 285 284
293 289 291 290
335 331 333 332
341 337 339 338
460 458 399 398
464 462 403 402
461 459 413 412
465 463 417 416
479 473 443 442
491 485 447 446
84 68 77 76
85 69 79 78
218 216 105 104
232 72 -1 106
238 87 -1 88
233 73 -1 107
239 90 -1 91
224 220 113 112
152 120 -1 122
155 121 -1 123
158 132 -1 134
161 133 -1 135
250 244 169 168
251 245 171 170
256 254 177 176
257 255 183 182
290 284 189 188
291 285 195 194
219 217 201 200
338 332 207 206
339 333 214 213
402 398 395 394
403 399 401 400
416 412 409 408
417 413 415 414
225 221 223 222
446 442 423 422
447 443 445 444
-1 105 75 74
118 112 115 114
122 76 93 92
106 88 109 108
123 77 95 94
107 91 111 110
134 78 97 96
135 79 99 98
104 100 103 102
119 113 117 116
168 153 -1 154
169 156 -1 157
170 159 -1 160
171 162 -1 163
176 124 173 172
396 394 263 262
177 125 175 174
397 395 269 268
182 126 179 178
406 400 275 274
183 127 181 180
407 401 281 280
188 128 185 184
410 408 299 298
189 129 187 186
411 409 305 304
194 130 191 190
420 414 311 310
195 131 193 192
421 415 317 316
200 136 197 196
228 222 323 322
201 137 199 198
229 223 329 328
206 138 203 202
426 422 347 346
-1 207 209 208
445 141 -1 212
451 214 -1 215
213 140 211 210
450 444 361 360
-1 423 425 424
-1 114 87 86
-1 115 90 89
154 96 101 100
74 70 73 72
117 102 165 164
116 103 167 166
108 92 125 124
109 93 127 126
110 94 129 128
111 95 131 130
157 97 137 136
160 98 139 138
163 99 141 140
263 172 1 1
262 173 1 1
269 174 1 1
268 175 1 1
275 178 1 1
274 179 1 1
281 180 1 1
280 181 1 1
299 184 1 1
298 185 1 1
305 186 1 1
304 187 1 1
311 190 1 1
310 191 1 1
317 192 1 1
316 193 1 1
323 196 1 1
322 197 1 1
329 198 1 1
328 199 1 1
347 202 1 1
346 203 1 1
361 210 1 1
360 211 1 1
208 204 349 348
428 424 435 434
209 205 351 350
429 425 441 440
-1 212 353 352
-1 215 355 354
-1 101 71 70
-1 164 153 152
-1 165 156 155
-1 166 159 158
-1 167 162 161
-1 139 205 204
435 348 431 430
434 349 433 432
440 350 437 436
441 351 439 438
453 353 -1 454
456 355 -1 457
-1 352 453 452
-1 354 456 455
495 438 227 226
494 436 405 404
496 437 419 418
497 439 449 448
-1 430 467 466
-1 431 469 468
455 452 483 482
-1 432 499 498
-1 433 501 500
457 454 503 502
466 226 119 118
467 404 397 396
469 405 407 406
498 418 411 410
500 419 421 420
468 227 229 228
499 448 427 426
501 449 451 450
-1 502 495 494
-1 503 497 496
-1 427 429 428
