0 0 -1 65
0 0 -1 67
75 0 -1 71
78 0 -1 73
71 0 -1 72
73 0 -1 74
0 0 -1 85
0 0 -1 87
95 0 -1 91
98 0 -1 93
91 0 -1 92
93 0 -1 94
208 0 -1 139
209 0 -1 140
96 0 -1 97
99 0 -1 100
76 0 -1 77
79 0 -1 80
216 0 -1 151
217 0 -1 152
0 0 -1 163
0 0 -1 165
114 0 -1 115
117 0 -1 118
115 0 -1 169
118 0 -1 170
0 0 -1 175
0 0 -1 176
104 0 -1 105
107 0 -1 108
105 0 -1 177
108 0 -1 178
124 0 -1 161
172 0 -1 179
174 0 -1 180
0 0 -1 208
0 0 -1 209
0 0 -1 210
0 0 -1 212
210 0 -1 211
212 0 -1 213
0 0 -1 216
0 0 -1 217
0 0 -1 218
0 0 -1 220
218 0 -1 219
220 0 -1 221
234 179 -1 145
232 180 -1 146
113 65 -1 66
116 67 -1 68
103 85 -1 86
106 87 -1 88
-1 139 96 95
-1 140 99 98
-1 161 104 103
-1 177 114 113
-1 178 117 116
151 92 -1 101
152 94 -1 102
-1 72 82 81
-1 74 84 83
204 97 -1 141
206 100 -1 142
153 77 -1 147
156 80 -1 148
175 81 -1 123
176 83 -1 125
171 163 -1 164
173 165 -1 166
-1 169 172 171
-1 170 174 173
221 219 223 222
213 211 215 214
-1 145 76 75
-1 146 79 78
88 86 90 89
68 66 70 69
-1 101 120 119
-1 102 122 121
205 82 -1 124
207 84 -1 126
125 123 160 159
166 164 168 167
222 214 225 224
223 215 227 226
142 141 144 143
148 147 150 149
235 126 -1 162
89 69 110 109
167 159 132 131
90 70 112 111
168 160 138 137
231 227 185 184
230 226 191 190
229 225 197 196
228 224 203 202
149 143 229 228
150 144 231 230
154 120 -1 155
157 122 -1 158
-1 119 154 153
-1 121 157 156
-1 162 107 106
131 109 128 127
185 127 -1 181
184 128 1 1
132 110 130 129
191 129 1 1
190 130 1 1
137 111 134 133
197 133 1 1
196 134 1 1
138 112 136 135
203 135 1 1
202 136 1 1
-1 155 205 204
-1 158 207 206
-1 181 233 232
-1 233 235 234
