69 0 -1 65
70 0 -1 68
0 0 -1 69
0 0 -1 70
0 0 78 77
0 0 88 87
0 0 92 91
0 0 117 116
0 0 119 118
0 0 183 182
0 0 185 184
0 0 187 186
0 0 189 188
0 0 195 194
0 0 199 198
0 0 201 200
0 0 205 204
0 0 289 288
0 0 293 292
0 0 295 294
0 0 299 298
0 0 305 304
0 0 309 308
0 0 311 310
0 0 315 314
0 0 373 372
0 0 375 374
0 0 377 376
0 0 379 378
0 0 381 380
0 0 383 382
396 0 385 384
0 0 387 386
68 65 67 66
89 77 -1 75
90 78 -1 76
91 87 -1 89
92 88 -1 90
118 116 94 93
119 117 106 105
184 182 121 120
188 186 125 124
185 183 127 126
189 187 131 130
198 194 191 190
204 200 193 192
199 195 197 196
205 201 203 202
292 288 285 284
298 294 287 286
308 304 301 300
314 310 303 302
293 289 291 290
299 295 297 296
309 305 307 306
315 311 313 312
374 372 321 320
378 376 325 324
382 380 327 326
386 384 331 330
375 373 345 344
379 377 349 348
383 381 351 350
387 385 355 354
75 66 72 71
76 67 74 73
122 93 -1 95
123 94 -1 96
128 105 -1 107
129 106 -1 108
124 120 -1 122
125 121 -1 123
130 126 -1 128
131 127 -1 129
192 190 133 132
193 191 145 144
202 196 157 156
203 197 171 170
286 284 207 206
302 300 211 210
287 285 213 212
303 301 217 216
296 290 243 242
312 306 247 246
297 291 249 248
313 307 253 252
324 320 317 316
330 326 319 318
325 321 323 322
331 327 329 328
348 344 339 338
354 350 342 341
349 345 347 346
355 351 353 352
95 71 80 79
96 72 82 81
107 73 84 83
108 74 86 85
208 132 -1 134
209 133 -1 135
214 144 -1 146
215 145 -1 147
244 156 -1 158
245 157 -1 159
250 170 -1 172
251 171 -1 173
210 206 -1 208
211 207 -1 209
216 212 -1 214
217 213 -1 215
319 317 219 218
318 316 225 224
329 323 231 230
328 322 237 236
246 242 -1 244
247 243 -1 245
252 248 -1 250
253 249 -1 251
341 338 255 254
347 267 -1 268
367 353 -1 269
352 346 277 276
339 265 -1 340
359 342 -1 343
134 79 98 97
135 80 100 99
146 81 102 101
147 82 104 103
158 83 110 109
-1 84 112 111
-1 159 161 160
268 86 -1 115
269 172 -1 174
173 85 114 113
222 218 -1 220
223 219 -1 221
228 224 -1 226
229 225 -1 227
234 230 -1 232
235 231 -1 233
240 236 -1 238
241 237 -1 239
258 254 -1 256
259 255 -1 257
280 276 -1 278
281 277 -1 279
343 340 357 356
221 97 1 1
220 98 1 1
227 99 1 1
226 100 1 1
233 101 1 1
232 102 1 1
239 103 1 1
238 104 1 1
257 109 1 1
256 110 1 1
279 113 -1 179
278 114 1 1
160 111 167 166
161 112 169 168
-1 115 176 175
-1 174 178 177
-1 356 361 360
-1 357 363 362
-1 179 283 282
360 166 261 260
362 167 263 262
361 168 265 264
363 169 267 266
271 176 -1 272
274 178 -1 275
-1 175 271 270
-1 177 274 273
395 282 -1 394
333 261 223 222
332 260 229 228
337 263 235 234
336 262 241 240
358 264 259 258
366 266 281 280
-1 283 396 395
275 272 369 368
273 270 371 370
-1 394 393 392
392 370 335 334
393 371 365 364
-1 368 389 388
-1 369 391 390
388 334 333 332
390 335 337 336
389 364 359 358
391 365 367 366
