0 0 -1 65
0 0 -1 67
0 0 -1 71
0 0 -1 72
0 0 -1 77
0 0 -1 80
0 0 84 83
0 0 88 87
0 0 -1 129
0 0 -1 132
0 0 134 133
0 0 138 137
0 0 152 151
0 0 154 153
0 0 156 155
0 0 158 157
0 0 -1 202
0 0 -1 205
0 0 211 210
0 0 215 214
0 0 235 234
0 0 237 236
0 0 239 238
0 0 241 240
0 0 299 298
0 0 303 302
0 0 305 304
0 0 309 308
0 0 311 310
0 0 313 312
320 0 315 314
0 0 317 316
71 65 -1 66
72 67 -1 68
80 77 79 78
87 83 -1 85
88 84 -1 86
132 129 131 130
137 133 -1 135
138 134 -1 136
153 151 140 139
157 155 144 143
154 152 146 145
158 156 150 149
205 202 204 203
214 210 -1 212
215 211 -1 213
236 234 223 222
240 238 227 226
237 235 229 228
241 239 233 232
312 310 269 268
316 314 273 272
313 311 289 288
317 315 293 292
302 298 -1 300
303 299 -1 301
308 304 -1 306
309 305 -1 307
68 66 70 69
85 78 -1 81
86 79 -1 82
135 130 98 97
136 131 114 113
143 139 -1 141
144 140 -1 142
149 145 -1 147
150 146 -1 148
212 203 207 206
213 204 209 208
226 222 -1 224
227 223 -1 225
232 228 -1 230
233 229 -1 231
306 300 267 266
272 268 -1 270
273 269 -1 271
307 301 287 286
292 288 -1 290
293 289 -1 291
81 69 74 73
82 70 76 75
141 97 -1 99
142 98 -1 100
147 113 -1 115
148 114 -1 116
225 207 176 175
224 206 217 216
230 208 219 218
231 209 221 220
270 266 243 242
271 267 249 248
290 286 255 254
291 287 261 260
246 242 -1 244
247 243 -1 245
252 248 -1 250
253 249 -1 251
258 254 -1 256
259 255 -1 257
264 260 -1 262
265 261 -1 263
99 73 90 89
100 74 92 91
115 75 94 93
116 76 96 95
250 175 160 159
245 217 166 165
244 216 172 171
251 176 174 173
263 221 181 180
262 220 187 186
257 219 193 192
256 218 199 198
159 107 106 105
160 108 112 111
173 109 122 121
174 110 128 127
111 91 108 107
105 89 102 101
166 101 1 1
165 102 1 1
106 90 104 103
172 103 1 1
171 104 1 1
112 92 110 109
121 93 118 117
181 117 -1 177
180 118 1 1
122 94 120 119
187 119 1 1
186 120 1 1
127 95 124 123
193 123 1 1
192 124 1 1
128 96 126 125
198 125 1 1
-1 199 201 200
-1 177 297 296
201 197 281 280
-1 126 197 196
200 196 295 294
319 296 -1 318
284 280 275 274
285 281 283 282
-1 297 320 319
-1 294 277 276
-1 295 279 278
-1 318 285 284
276 274 247 246
278 275 253 252
282 277 259 258
283 279 265 264
