0 0 -1 65
0 0 -1 67
65 0 -1 66
67 0 -1 68
0 0 -1 75
0 0 -1 78
0 0 82 81
0 0 -1 119
0 0 -1 122
0 0 124 123
0 0 128 127
0 0 130 129
0 0 132 131
0 0 220 219
0 0 224 223
0 0 226 225
0 0 230 229
0 0 328 327
0 0 332 331
0 0 334 333
0 0 338 337
0 0 340 339
0 0 342 341
0 0 344 343
0 0 346 345
0 0 432 431
0 0 436 435
0 0 440 439
0 0 442 441
0 0 444 443
0 0 448 447
429 0 450 449
0 0 454 453
68 66 70 69
78 75 77 76
81 76 -1 79
82 77 -1 80
131 129 96 95
132 130 110 109
122 119 121 120
127 123 -1 125
128 124 -1 126
341 339 210 209
345 343 214 213
223 219 216 215
229 225 218 217
342 340 290 289
346 344 294 293
224 220 222 221
230 226 228 227
331 327 -1 329
332 328 -1 330
337 333 -1 335
338 334 -1 336
435 431 404 403
441 439 408 407
447 443 410 409
453 449 414 413
436 432 434 433
442 440 438 437
448 444 446 445
454 450 452 451
79 69 72 71
80 70 74 73
125 120 92 91
95 91 -1 93
96 92 -1 94
126 121 106 105
109 105 -1 107
110 106 -1 108
217 215 138 137
218 216 156 155
227 221 176 175
228 222 194 193
335 329 208 207
213 209 -1 211
214 210 -1 212
336 330 288 287
293 289 -1 291
294 290 -1 292
407 403 348 347
413 409 350 349
437 433 360 359
451 445 364 363
438 434 382 381
452 446 386 385
408 404 406 405
414 410 412 411
93 71 84 83
94 72 86 85
107 73 88 87
108 74 90 89
211 207 134 133
137 133 -1 135
138 134 -1 136
212 208 152 151
155 151 -1 153
156 152 -1 154
291 287 172 171
175 171 -1 173
176 172 -1 174
292 288 190 189
193 189 -1 191
194 190 -1 192
349 347 258 257
350 348 322 321
363 359 356 355
364 360 362 361
385 381 372 371
386 382 384 383
411 405 422 421
412 406 426 425
135 83 98 97
136 84 100 99
153 85 102 101
154 86 104 103
173 87 112 111
174 88 114 113
191 89 116 115
192 90 118 117
261 257 232 231
357 355 238 237
358 356 244 243
367 361 250 249
368 362 256 255
262 258 260 259
373 371 268 267
374 372 276 275
389 383 282 281
325 321 296 295
423 421 302 301
424 422 308 307
427 425 314 313
428 426 320 319
326 322 324 323
-1 384 394 393
231 195 144 143
232 196 150 149
259 197 162 161
260 198 168 167
295 201 182 181
296 202 188 187
323 203 200 199
324 204 206 205
199 115 196 195
143 97 140 139
238 139 1 1
237 140 1 1
144 98 142 141
244 141 1 1
243 142 1 1
149 99 146 145
250 145 1 1
249 146 1 1
150 100 148 147
256 147 1 1
255 148 1 1
200 116 198 197
161 101 158 157
267 157 1 1
162 102 160 159
276 159 1 1
275 160 1 1
167 103 164 163
282 163 1 1
281 164 1 1
-1 104 166 165
205 117 202 201
181 111 178 177
302 177 1 1
301 178 1 1
182 112 180 179
308 179 1 1
307 180 1 1
187 113 184 183
314 183 1 1
313 184 1 1
188 114 186 185
320 185 316 1
319 186 1 1
206 118 204 203
-1 268 270 269
395 393 400 399
396 394 402 401
-1 316 430 429
-1 168 170 169
399 283 352 351
401 285 366 365
-1 158 266 265
402 286 388 387
169 165 284 283
170 166 286 285
400 284 398 397
-1 270 380 379
269 265 376 375
-1 430 460 459
459 375 420 419
460 376 458 457
353 351 262 261
354 352 326 325
369 365 358 357
370 366 368 367
391 387 374 373
392 388 390 389
417 397 424 423
418 398 428 427
379 377 416 415
380 378 456 455
-1 266 378 377
419 415 354 353
457 455 370 369
458 456 392 391
420 416 418 417
-1 390 396 395
