0 0 -1 65
0 0 -1 67
0 0 -1 71
0 0 -1 72
0 0 -1 75
0 0 -1 77
0 0 -1 81
0 0 -1 82
131 0 -1 85
132 0 -1 86
133 0 -1 91
134 0 -1 92
0 0 -1 107
0 0 -1 109
0 0 -1 113
0 0 -1 114
0 0 -1 117
0 0 -1 119
0 0 -1 123
0 0 -1 124
143 0 -1 127
144 0 -1 128
145 0 -1 129
146 0 -1 130
0 0 -1 147
0 0 -1 148
0 0 -1 149
0 0 -1 150
0 0 -1 151
0 0 -1 152
0 0 -1 153
0 0 -1 154
0 0 -1 155
0 0 -1 156
0 0 -1 159
141 0 -1 160
71 65 -1 66
72 67 -1 68
85 66 -1 69
86 68 -1 70
81 75 -1 76
82 77 -1 78
91 76 -1 79
92 78 -1 80
113 107 -1 108
114 109 -1 110
127 108 -1 111
128 110 -1 112
123 117 -1 118
124 119 -1 120
129 118 -1 121
130 120 -1 122
149 147 -1 131
150 148 -1 132
153 151 -1 133
154 152 -1 134
157 155 -1 143
158 156 -1 144
159 137 -1 145
160 140 -1 146
70 69 74 73
80 79 84 83
112 111 116 115
122 121 126 125
83 73 88 87
126 116 98 97
84 74 90 89
125 115 106 105
97 87 1 1
106 89 102 1
105 90 1 1
-1 88 96 95
-1 98 100 99
-1 102 142 141
136 96 -1 137
139 100 -1 140
-1 95 136 135
-1 99 139 138
-1 142 162 161
162 135 -1 157
161 138 -1 158
