0 0 -1 66
0 0 -1 68
0 0 -1 74
0 0 -1 75
0 0 -1 80
0 0 -1 82
0 0 -1 88
0 0 -1 89
70 0 -1 76
72 0 -1 78
84 0 -1 90
86 0 -1 92
0 0 -1 102
0 0 -1 104
0 0 -1 110
0 0 -1 111
0 0 -1 116
0 0 -1 118
0 0 -1 124
0 0 -1 125
0 0 -1 200
0 0 -1 202
0 0 -1 208
0 0 -1 209
0 0 -1 210
0 0 -1 212
0 0 -1 218
0 0 -1 219
0 0 -1 226
0 0 -1 228
168 0 -1 234
172 0 -1 235
0 0 -1 236
0 0 -1 238
169 0 -1 244
173 0 -1 245
74 66 -1 67
75 68 -1 69
88 80 -1 81
89 82 -1 83
76 71 -1 77
78 73 -1 79
90 85 -1 91
92 87 -1 93
110 102 -1 103
111 104 -1 105
124 116 -1 117
125 118 -1 119
208 200 -1 201
209 202 -1 203
218 210 -1 211
219 212 -1 213
234 226 -1 227
235 228 -1 229
244 236 -1 237
245 238 -1 239
-1 67 71 70
-1 69 73 72
-1 81 85 84
-1 83 87 86
79 77 95 94
93 91 97 96
-1 103 107 106
-1 105 109 108
-1 117 121 120
-1 119 123 122
-1 201 205 204
-1 203 207 206
-1 211 215 214
-1 213 217 216
-1 227 231 230
-1 229 233 232
-1 237 241 240
-1 239 243 242
134 106 -1 112
138 108 -1 114
112 107 -1 113
114 109 -1 115
146 120 -1 126
150 122 -1 128
126 121 -1 127
128 123 -1 129
96 94 99 98
97 95 101 100
204 136 -1 180
206 140 -1 182
230 137 -1 181
232 141 -1 183
214 148 -1 192
216 152 -1 194
240 149 -1 193
242 153 -1 195
205 180 -1 184
207 182 -1 185
215 192 -1 196
217 194 -1 197
231 181 -1 186
233 183 -1 187
241 193 -1 198
243 195 -1 199
-1 99 135 134
115 113 131 130
129 127 133 132
142 98 155 154
144 100 157 156
145 101 159 158
185 184 221 220
197 196 223 222
187 186 247 246
199 198 249 248
132 130 143 142
133 131 145 144
165 154 1 1
164 155 1 1
170 156 1 1
179 158 1 1
178 159 1 1
-1 135 137 136
223 221 189 188
249 247 191 190
-1 157 169 168
222 220 225 224
248 246 251 250
-1 143 139 138
-1 189 147 146
-1 191 151 150
190 188 165 164
251 225 171 170
250 224 179 178
-1 139 141 140
-1 147 149 148
-1 151 153 152
-1 171 173 172
