70 0 -1 66
72 0 -1 68
84 0 -1 80
87 0 -1 83
139 0 -1 134
141 0 -1 137
0 0 145 144
0 0 -1 154
0 0 -1 155
97 0 -1 116
107 0 -1 117
0 0 157 156
0 0 161 160
0 0 165 164
0 0 -1 208
0 0 -1 211
0 0 215 214
0 0 219 218
0 0 -1 220
0 0 -1 223
0 0 227 226
0 0 231 230
0 0 -1 232
0 0 -1 235
0 0 237 236
0 0 241 240
0 0 255 254
0 0 257 256
0 0 259 258
0 0 261 260
0 0 263 262
0 0 265 264
0 0 267 266
0 0 269 268
0 0 271 270
0 0 273 272
71 66 -1 67
73 68 -1 69
83 80 82 81
154 116 -1 90
155 117 -1 91
137 134 136 135
147 144 -1 142
149 145 -1 143
160 156 -1 158
161 157 -1 159
198 164 -1 162
200 165 -1 163
264 262 167 166
268 266 171 170
272 270 177 176
265 263 179 178
269 267 183 182
273 271 189 188
211 208 210 209
218 214 -1 216
219 215 -1 217
223 220 222 221
230 226 -1 228
231 227 -1 229
235 232 234 233
240 236 -1 238
241 237 -1 239
256 254 243 242
260 258 247 246
257 255 249 248
261 259 253 252
-1 90 71 70
-1 91 73 72
69 67 75 74
85 81 -1 86
88 82 -1 89
162 158 -1 92
163 159 -1 93
142 135 103 102
143 136 119 118
170 166 -1 168
171 167 -1 169
176 172 -1 174
177 173 -1 175
182 178 -1 180
183 179 -1 181
188 184 -1 186
189 185 -1 187
239 234 195 194
238 233 205 204
216 209 -1 212
217 210 -1 213
228 221 -1 224
229 222 -1 225
246 242 -1 244
247 243 -1 245
252 248 -1 250
253 249 -1 251
-1 92 85 84
-1 93 88 87
86 74 77 76
89 75 79 78
138 102 -1 104
140 103 -1 105
146 118 -1 120
148 119 -1 121
174 168 -1 150
175 169 -1 151
186 180 -1 152
187 181 -1 153
224 212 191 190
250 194 -1 196
251 195 -1 197
225 213 203 202
244 204 -1 206
245 205 -1 207
104 76 95 94
197 191 113 112
-1 77 97 96
-1 105 107 106
120 78 99 98
206 202 127 126
121 79 101 100
207 203 133 132
-1 150 139 138
-1 151 141 140
-1 152 147 146
-1 153 149 148
196 190 193 192
113 94 1 1
112 95 1 1
127 98 1 1
126 99 1 1
133 100 1 1
132 101 1 1
106 96 115 114
-1 192 199 198
-1 193 201 200
199 114 173 172
201 115 185 184
