0 0 -1 66
0 0 -1 68
0 0 -1 82
0 0 -1 85
0 0 -1 144
0 0 -1 147
0 0 149 148
0 0 153 152
0 0 367 366
0 0 369 368
0 0 371 370
0 0 373 372
0 0 375 374
0 0 377 376
0 0 379 378
0 0 381 380
0 0 383 382
0 0 385 384
0 0 387 386
0 0 389 388
0 0 391 390
0 0 393 392
0 0 395 394
0 0 397 396
0 0 471 470
0 0 475 474
0 0 477 476
0 0 481 480
0 0 483 482
0 0 487 486
0 0 489 488
0 0 493 492
73 66 -1 67
77 68 -1 69
85 82 84 83
147 144 146 145
152 148 -1 150
153 149 -1 151
368 366 235 234
372 370 239 238
376 374 241 240
380 378 245 244
369 367 247 246
373 371 251 250
377 375 253 252
381 379 257 256
384 382 287 286
388 386 291 290
392 390 293 292
396 394 297 296
385 383 335 334
389 387 339 338
393 391 341 340
397 395 345 344
474 470 463 462
480 476 465 464
486 482 467 466
492 488 469 468
475 471 473 472
481 477 479 478
487 483 485 484
493 489 491 490
69 67 71 70
88 83 -1 86
91 84 -1 87
150 145 123 122
151 146 135 134
338 334 219 218
344 340 221 220
478 472 223 222
490 484 227 226
238 234 -1 236
239 235 -1 237
244 240 -1 242
245 241 -1 243
250 246 -1 248
251 247 -1 249
256 252 -1 254
257 253 -1 255
290 286 259 258
296 292 261 260
291 287 289 288
297 293 295 294
339 335 337 336
345 341 343 342
464 462 403 402
468 466 407 406
465 463 419 418
469 467 423 422
479 473 445 444
491 485 449 448
86 70 79 78
87 71 81 80
220 218 107 106
236 74 -1 108
242 89 -1 90
237 75 -1 109
243 92 -1 93
226 222 115 114
154 122 -1 124
157 123 -1 125
160 134 -1 136
163 135 -1 137
254 248 171 170
255 249 173 172
260 258 179 178
261 259 185 184
294 288 191 190
295 289 197 196
221 219 203 202
342 336 209 208
343 337 216 215
406 402 399 398
407 403 405 404
422 418 415 414
423 419 421 420
227 223 225 224
448 444 431 430
449 445 447 446
-1 107 77 76
120 114 117 116
124 78 95 94
108 90 111 110
125 79 97 96
109 93 113 112
136 80 99 98
137 81 101 100
106 102 105 104
121 115 119 118
170 155 -1 156
171 158 -1 159
172 161 -1 162
173 164 -1 165
178 126 175 174
400 398 267 266
179 127 177 176
401 399 273 272
184 128 181 180
410 404 279 278
185 129 183 182
411 405 285 284
190 130 187 186
416 414 303 302
191 131 189 188
417 415 309 308
196 132 193 192
426 420 315 314
197 133 195 194
427 421 321 320
202 138 199 198
230 224 327 326
203 139 201 200
231 225 333 332
208 140 205 204
434 430 351 350
-1 209 211 210
447 143 -1 214
451 216 -1 217
215 142 213 212
450 446 365 364
-1 431 433 432
-1 116 89 88
-1 117 92 91
156 98 103 102
76 72 75 74
119 104 167 166
118 105 169 168
110 94 127 126
111 95 129 128
112 96 131 130
113 97 133 132
159 99 139 138
162 100 141 140
165 101 143 142
267 174 1 1
266 175 1 1
273 176 1 1
272 177 1 1
279 180 1 1
278 181 1 1
285 182 1 1
284 183 1 1
303 186 1 1
302 187 1 1
309 188 1 1
308 189 1 1
315 192 1 1
314 193 1 1
321 194 1 1
320 195 1 1
327 198 1 1
326 199 1 1
333 200 1 1
332 201 1 1
351 204 1 1
350 205 1 1
365 212 361 1
364 213 1 1
210 206 353 352
436 432 439 438
211 207 355 354
437 433 443 442
-1 214 357 356
-1 217 359 358
-1 361 461 460
-1 103 73 72
-1 166 155 154
-1 167 158 157
-1 168 161 160
-1 169 164 163
442 354 229 228
-1 141 207 206
438 352 409 408
439 353 425 424
443 355 441 440
455 357 -1 456
458 359 -1 459
-1 356 455 454
-1 358 458 457
496 460 429 428
497 461 453 452
232 228 121 120
412 408 401 400
413 409 411 410
428 424 417 416
429 425 427 426
233 229 231 230
452 440 435 434
453 441 451 450
457 454 499 498
459 456 501 500
499 495 233 232
498 494 413 412
-1 435 437 436
-1 500 495 494
-1 501 497 496
