0 0 -1 66
0 0 -1 68
0 0 -1 72
0 0 -1 73
0 0 -1 78
0 0 -1 81
0 0 85 84
0 0 89 88
0 0 -1 130
0 0 -1 133
0 0 135 134
0 0 139 138
0 0 153 152
0 0 155 154
0 0 157 156
0 0 159 158
0 0 215 214
0 0 221 220
0 0 235 234
0 0 237 236
0 0 291 290
0 0 295 294
0 0 297 296
0 0 301 300
0 0 403 402
0 0 407 406
0 0 411 410
0 0 413 412
0 0 419 418
0 0 421 420
0 0 423 422
0 0 425 424
72 66 -1 67
73 68 -1 69
81 78 80 79
88 84 -1 86
89 85 -1 87
133 130 132 131
138 134 -1 136
139 135 -1 137
154 152 141 140
158 156 145 144
155 153 147 146
159 157 151 150
220 214 217 216
236 234 227 226
221 215 219 218
237 235 233 232
294 290 263 262
300 296 265 264
295 291 293 292
301 297 299 298
407 403 383 382
413 411 387 386
421 419 389 388
425 423 393 392
406 402 405 404
412 410 409 408
420 418 415 414
424 422 417 416
69 67 71 70
86 79 -1 82
87 80 -1 83
136 131 99 98
137 132 115 114
144 140 -1 142
145 141 -1 143
150 146 -1 148
151 147 -1 149
226 216 223 222
264 262 243 242
227 217 225 224
265 263 249 248
232 218 229 228
298 292 255 254
233 219 231 230
299 293 261 260
386 382 375 374
392 388 377 376
408 404 379 378
416 414 381 380
387 383 385 384
393 389 391 390
409 405 399 398
417 415 401 400
82 70 75 74
83 71 77 76
142 98 -1 100
143 99 -1 101
148 114 -1 116
149 115 -1 117
376 374 165 164
377 375 171 170
391 385 177 176
390 384 183 182
381 379 195 194
380 378 201 200
401 399 207 206
400 398 213 212
242 222 239 238
243 223 241 240
248 224 245 244
249 225 247 246
254 228 251 250
255 229 253 252
260 230 257 256
261 231 259 258
100 74 91 90
101 75 93 92
116 76 95 94
117 77 97 96
270 238 267 266
164 102 161 160
271 239 269 268
165 103 163 162
276 240 273 272
170 104 167 166
277 241 275 274
171 105 169 168
282 244 279 278
200 120 197 196
283 245 281 280
201 121 199 198
288 246 285 284
194 118 191 190
289 247 287 286
195 119 193 192
306 250 303 302
182 110 179 178
307 251 305 304
183 111 181 180
312 252 309 308
176 108 173 172
313 253 311 310
177 109 175 174
318 256 315 314
212 126 209 208
319 257 317 316
213 127 211 210
324 258 321 320
206 124 203 202
325 259 323 322
207 125 205 204
106 90 103 102
107 91 105 104
112 92 109 108
113 93 111 110
122 94 119 118
123 95 121 120
128 96 125 124
129 97 127 126
266 160 271 270
267 161 277 276
268 162 283 282
269 163 289 288
272 166 307 306
273 167 313 312
274 168 319 318
275 169 325 324
278 197 1 1
279 196 1 1
280 199 1 1
281 198 1 1
284 191 1 1
285 190 1 1
286 193 1 1
287 192 1 1
302 179 1 1
303 178 1 1
304 181 1 1
305 180 1 1
308 173 1 1
309 172 1 1
310 175 1 1
311 174 1 1
314 209 359 358
315 208 1 1
316 211 1 1
317 210 1 1
320 203 1 1
321 202 1 1
322 205 371 1
323 204 1 1
-1 371 189 188
-1 358 395 394
-1 359 397 396
188 184 107 106
395 186 113 112
189 185 123 122
397 187 129 128
-1 394 185 184
-1 396 187 186
