0 0 -1 66
0 0 -1 68
0 0 -1 72
0 0 -1 73
0 0 -1 78
0 0 -1 81
0 0 85 84
0 0 89 88
0 0 -1 130
0 0 -1 133
0 0 135 134
0 0 139 138
0 0 153 152
0 0 155 154
0 0 157 156
0 0 159 158
0 0 189 188
0 0 193 192
0 0 195 194
0 0 199 198
0 0 293 292
0 0 297 296
0 0 299 298
0 0 303 302
0 0 367 366
0 0 371 370
0 0 373 372
0 0 377 376
0 0 383 382
0 0 387 386
0 0 389 388
0 0 393 392
72 66 -1 67
73 68 -1 69
81 78 80 79
88 84 -1 86
89 85 -1 87
133 130 132 131
138 134 -1 136
139 135 -1 137
154 152 141 140
158 156 145 144
155 153 147 146
159 157 151 150
192 188 161 160
198 194 163 162
193 189 191 190
199 195 197 196
296 292 259 258
302 298 261 260
370 366 275 274
376 372 279 278
386 382 281 280
392 388 285 284
297 293 295 294
303 299 301 300
371 367 369 368
377 373 375 374
387 383 385 384
393 389 391 390
69 67 71 70
86 79 -1 82
87 80 -1 83
136 131 99 98
162 160 107 106
163 161 113 112
137 132 115 114
196 190 123 122
197 191 129 128
144 140 -1 142
145 141 -1 143
150 146 -1 148
151 147 -1 149
260 258 227 226
261 259 243 242
300 294 245 244
301 295 247 246
278 274 249 248
284 280 253 252
279 275 277 276
285 281 283 282
374 368 395 394
390 384 399 398
375 369 405 404
391 385 407 406
82 70 75 74
83 71 77 76
142 98 -1 100
143 99 -1 101
148 114 -1 116
149 115 -1 117
106 90 103 102
244 232 169 168
107 91 105 104
245 233 175 174
112 92 109 108
246 234 181 180
113 93 111 110
247 235 187 186
122 94 119 118
226 224 205 204
123 95 121 120
227 225 211 210
128 96 125 124
242 228 217 216
129 97 127 126
243 229 223 222
252 248 239 238
253 249 251 250
398 394 287 286
282 276 379 378
283 277 381 380
399 395 397 396
407 405 401 400
406 404 403 402
100 74 91 90
101 75 93 92
116 76 95 94
117 77 97 96
204 118 201 200
240 238 231 230
205 119 203 202
241 239 237 236
174 104 171 170
290 286 257 256
210 120 207 206
255 251 267 266
211 121 209 208
254 250 273 272
216 124 213 212
380 340 309 308
217 125 215 214
381 341 315 314
222 126 219 218
378 338 321 320
223 127 221 220
379 339 327 326
168 102 165 164
396 328 331 330
169 103 167 166
397 329 337 336
175 105 173 172
291 287 289 288
180 108 177 176
402 334 347 346
181 109 179 178
403 335 353 352
186 110 183 182
400 332 359 358
187 111 185 184
401 333 365 364
231 201 225 224
256 170 241 240
230 200 229 228
236 202 233 232
237 203 235 234
267 206 1 1
266 207 1 1
273 208 1 1
272 209 1 1
257 171 255 254
330 164 291 290
309 212 1 1
308 213 1 1
315 214 1 1
314 215 1 1
321 218 1 1
320 219 1 1
327 220 1 1
326 221 1 1
347 176 1 1
346 177 1 1
353 178 1 1
352 179 1 1
359 182 1 1
358 183 1 1
365 184 1 1
364 185 1 1
288 172 339 338
289 173 341 340
331 165 329 328
336 166 333 332
337 167 335 334
