0 0 -1 66
0 0 -1 68
0 0 -1 82
0 0 -1 85
0 0 -1 144
0 0 -1 147
0 0 149 148
0 0 153 152
0 0 369 368
0 0 371 370
0 0 373 372
0 0 375 374
0 0 377 376
0 0 379 378
0 0 381 380
0 0 383 382
0 0 385 384
0 0 387 386
0 0 389 388
0 0 391 390
0 0 393 392
0 0 395 394
0 0 397 396
0 0 399 398
0 0 467 466
0 0 471 470
0 0 473 472
0 0 477 476
0 0 479 478
0 0 483 482
0 0 485 484
0 0 489 488
73 66 -1 67
77 68 -1 69
85 82 84 83
147 144 146 145
152 148 -1 150
153 149 -1 151
370 368 233 232
374 372 237 236
378 376 239 238
382 380 243 242
371 369 245 244
375 373 249 248
379 377 251 250
383 381 255 254
386 384 285 284
390 388 289 288
394 392 291 290
398 396 295 294
387 385 333 332
391 389 337 336
395 393 339 338
399 397 343 342
470 466 455 454
476 472 457 456
482 478 459 458
488 484 461 460
471 467 469 468
477 473 475 474
483 479 481 480
489 485 487 486
69 67 71 70
88 83 -1 86
91 84 -1 87
150 145 123 122
151 146 135 134
336 332 219 218
342 338 221 220
474 468 223 222
486 480 227 226
236 232 -1 234
237 233 -1 235
242 238 -1 240
243 239 -1 241
248 244 -1 246
249 245 -1 247
254 250 -1 252
255 251 -1 253
288 284 257 256
294 290 259 258
289 285 287 286
295 291 293 292
337 333 335 334
343 339 341 340
456 454 405 404
460 458 409 408
457 455 419 418
461 459 423 422
475 469 445 444
487 481 449 448
86 70 79 78
87 71 81 80
220 218 107 106
234 74 -1 108
240 89 -1 90
235 75 -1 109
241 92 -1 93
226 222 115 114
154 122 -1 124
157 123 -1 125
160 134 -1 136
163 135 -1 137
252 246 171 170
253 247 173 172
258 256 179 178
259 257 185 184
292 286 191 190
293 287 197 196
221 219 203 202
340 334 209 208
341 335 217 216
408 404 401 400
409 405 407 406
422 418 415 414
423 419 421 420
227 223 225 224
448 444 429 428
449 445 447 446
-1 107 77 76
120 114 117 116
124 78 95 94
108 90 111 110
125 79 97 96
109 93 113 112
136 80 99 98
137 81 101 100
106 102 105 104
121 115 119 118
170 155 -1 156
171 158 -1 159
172 161 -1 162
173 164 -1 165
178 126 175 174
402 400 265 264
179 127 177 176
403 401 271 270
184 128 181 180
412 406 277 276
185 129 183 182
413 407 283 282
190 130 187 186
416 414 301 300
191 131 189 188
417 415 307 306
196 132 193 192
426 420 313 312
197 133 195 194
427 421 319 318
202 138 199 198
230 224 325 324
203 139 201 200
231 225 331 330
208 140 205 204
432 428 349 348
-1 209 211 210
216 142 213 212
452 446 359 358
217 143 215 214
453 447 367 366
-1 429 431 430
-1 116 89 88
-1 117 92 91
156 98 103 102
76 72 75 74
119 104 167 166
118 105 169 168
110 94 127 126
111 95 129 128
112 96 131 130
113 97 133 132
159 99 139 138
162 100 141 140
165 101 143 142
265 174 1 1
264 175 1 1
271 176 1 1
270 177 1 1
277 180 1 1
276 181 1 1
283 182 1 1
282 183 1 1
301 186 1 1
300 187 1 1
307 188 1 1
306 189 1 1
313 192 1 1
312 193 1 1
319 194 1 1
318 195 1 1
325 198 1 1
324 199 1 1
331 200 1 1
330 201 1 1
349 204 1 1
348 205 1 1
358 212 1 1
367 214 1 1
366 215 1 1
210 206 351 350
434 430 441 440
211 207 353 352
435 431 443 442
-1 213 357 356
-1 359 361 360
-1 103 73 72
-1 166 155 154
-1 167 158 157
-1 168 161 160
-1 169 164 163
443 353 229 228
-1 141 207 206
442 352 411 410
360 356 425 424
441 350 437 436
440 351 439 438
361 357 451 450
462 228 121 120
463 410 403 402
465 411 413 412
490 424 417 416
492 425 427 426
464 229 231 230
491 450 433 432
493 451 453 452
-1 436 463 462
-1 437 465 464
-1 438 491 490
-1 439 493 492
-1 433 435 434
