0 0 41 40
0 0 43 42
0 0 75 74
42 40 19 18
74 70 27 26
43 41 35 34
75 71 73 72
18 10 9 8
26 22 15 14
-1 19 21 20
-1 34 37 36
-1 35 39 38
-1 27 29 28
73 68 89 88
72 69 91 90
14 8 11 10
15 9 13 12
20 16 45 44
29 25 61 60
21 17 47 46
28 24 67 66
39 33 55 54
36 30 49 48
37 31 51 50
38 32 53 52
-1 88 93 92
-1 89 95 94
-1 90 97 96
-1 91 99 98
96 54 23 22
-1 11 17 16
-1 12 31 30
-1 13 33 32
61 44 1 1
60 45 1 1
67 46 1 1
66 47 1 1
94 48 1 1
92 49 1 1
95 50 81 1
93 51 1 1
99 52 1 1
97 53 1 1
98 55 69 68
-1 81 71 70
-1 23 25 24
