0 0 9 8
0 0 15 14
0 0 37 36
14 8 11 10
36 34 21 20
15 9 13 12
37 35 31 30
-1 10 17 16
-1 20 23 22
-1 11 19 18
-1 21 25 24
30 12 27 26
-1 13 29 28
-1 31 33 32
22 16 39 38
23 17 41 40
24 18 43 42
25 19 45 44
50 26 47 46
51 27 49 48
32 28 53 52
33 29 55 54
77 48 51 50
84 38 1 1
82 39 1 1
85 40 1 1
83 41 1 1
88 42 1 1
86 43 1 1
89 44 1 1
87 45 1 1
78 46 73 72
76 47 75 74
97 52 93 92
96 53 1 1
103 54 99 1
102 55 1 1
-1 49 91 90
-1 99 35 34
-1 92 77 76
-1 93 79 78
-1 72 83 82
-1 73 85 84
-1 74 87 86
-1 75 89 88
91 81 97 96
90 80 103 102
-1 79 81 80
