0 0 9 8
0 0 41 40
0 0 43 42
14 8 11 10
42 40 27 26
18 9 13 12
43 41 37 36
-1 10 23 22
-1 26 29 28
-1 11 25 24
-1 27 31 30
36 12 33 32
-1 13 35 34
-1 37 39 38
28 22 45 44
29 23 47 46
30 24 49 48
31 25 51 50
56 32 53 52
57 33 55 54
38 34 59 58
39 35 61 60
54 17 57 56
86 44 1 1
84 45 1 1
87 46 1 1
85 47 1 1
90 48 1 1
88 49 1 1
91 50 1 1
89 51 1 1
52 20 79 78
53 16 81 80
99 58 95 94
98 59 1 1
105 60 1 1
104 61 1 1
-1 55 93 92
-1 94 15 14
-1 95 19 18
-1 78 85 84
-1 79 87 86
-1 80 89 88
-1 81 91 90
93 83 99 98
92 82 105 104
-1 15 17 16
-1 19 21 20
-1 21 83 82
