0 0 9 8
0 0 15 14
0 0 39 38
14 8 11 10
38 36 21 20
15 9 13 12
39 37 31 30
-1 10 17 16
-1 20 23 22
-1 11 19 18
-1 21 25 24
-1 12 27 26
-1 30 33 32
-1 13 29 28
-1 31 35 34
22 16 41 40
23 17 43 42
24 18 45 44
25 19 47 46
32 26 49 48
33 27 51 50
34 28 53 52
35 29 55 54
96 40 1 1
90 41 1 1
97 42 1 1
91 43 1 1
114 44 1 1
112 45 1 1
115 46 1 1
113 47 1 1
98 48 1 1
92 49 1 1
99 50 1 1
93 51 1 1
116 52 1 1
119 54 85 1
117 55 1 1
-1 53 83 82
-1 85 37 36
104 82 101 100
-1 83 103 102
-1 100 89 88
-1 101 95 94
107 102 109 108
106 103 111 110
-1 88 91 90
-1 94 97 96
-1 89 93 92
-1 95 99 98
-1 108 113 112
-1 109 115 114
-1 110 117 116
-1 111 119 118
-1 118 105 104
-1 105 107 106
