0 0 9 8
0 0 35 34
0 0 37 36
14 8 11 10
36 34 27 26
18 9 13 12
37 35 33 32
26 10 23 22
27 11 25 24
32 12 29 28
33 13 31 30
62 28 59 58
-1 22 39 38
-1 23 41 40
-1 24 49 48
-1 25 51 50
63 29 61 60
68 30 65 64
-1 31 67 66
58 16 43 42
59 20 53 52
60 17 63 62
61 21 69 68
44 38 73 72
45 39 75 74
46 40 77 76
47 41 79 78
54 48 81 80
55 49 83 82
56 50 85 84
57 51 87 86
-1 64 89 88
-1 65 91 90
70 66 99 98
71 67 101 100
-1 42 45 44
-1 43 47 46
-1 52 55 54
-1 53 57 56
95 89 93 92
-1 69 71 70
164 72 1 1
162 73 1 1
165 74 1 1
163 75 1 1
168 76 1 1
166 77 1 1
169 78 1 1
167 79 1 1
140 80 1 1
138 81 1 1
141 82 1 1
139 83 1 1
136 84 1 1
134 85 1 1
137 86 131 130
135 87 133 132
94 88 143 142
96 90 145 144
155 98 151 150
154 99 1 1
161 100 1 1
160 101 1 1
-1 91 147 146
-1 150 15 14
-1 151 19 18
-1 132 135 134
-1 133 137 136
-1 130 139 138
-1 131 141 140
-1 92 95 94
-1 93 97 96
149 147 155 154
148 146 161 160
-1 142 163 162
-1 143 165 164
-1 144 167 166
-1 145 169 168
-1 15 17 16
-1 19 21 20
-1 97 149 148
