0 0 9 8
0 0 15 14
0 0 115 114
14 8 11 10
-1 9 13 12
-1 15 17 16
114 108 111 110
-1 115 117 116
-1 11 21 20
-1 10 19 18
16 12 29 28
17 13 31 30
-1 111 121 120
-1 110 119 118
116 112 129 128
117 113 131 130
26 20 23 22
-1 19 37 36
24 18 35 34
27 21 33 32
44 28 41 40
45 29 43 42
50 30 47 46
51 31 49 48
126 120 123 122
-1 119 137 136
124 118 135 134
127 121 133 132
144 128 141 140
145 129 143 142
150 130 147 146
151 131 149 148
-1 23 27 26
-1 22 25 24
38 36 45 44
39 37 51 50
56 34 53 52
176 133 69 68
60 35 55 54
172 132 75 74
80 32 77 76
246 148 95 94
-1 33 79 78
-1 123 127 126
-1 122 125 124
138 136 145 144
139 137 151 150
156 134 153 152
85 49 89 88
160 135 155 154
81 48 83 82
186 40 101 100
232 146 181 180
190 41 103 102
236 147 183 182
202 42 105 104
157 140 159 158
206 43 107 106
161 141 163 162
57 46 59 58
173 142 175 174
61 47 63 62
177 143 179 178
-1 149 185 184
-1 25 39 38
69 52 1 1
68 53 1 1
75 54 1 1
74 55 1 1
95 76 91 1
94 77 1 1
-1 125 139 138
152 89 1 1
153 88 1 1
154 83 1 1
155 82 1 1
181 100 1 1
180 101 1 1
183 102 1 1
182 103 1 1
159 104 1 1
158 105 1 1
163 106 1 1
162 107 1 1
175 58 1 1
174 59 1 1
179 62 1 1
178 63 1 1
86 78 97 96
252 184 231 230
87 79 99 98
253 185 245 244
-1 91 109 108
231 97 227 226
230 96 229 228
244 98 241 240
245 99 243 242
-1 109 113 112
227 203 205 204
226 207 209 208
229 187 189 188
228 191 193 192
251 240 255 254
247 241 249 248
242 237 239 238
243 233 235 234
-1 188 57 56
-1 189 61 60
-1 192 81 80
-1 193 85 84
-1 238 157 156
-1 239 161 160
-1 234 173 172
-1 235 177 176
-1 204 187 186
-1 205 191 190
-1 208 203 202
-1 209 207 206
-1 254 233 232
-1 255 237 236
-1 248 247 246
-1 249 251 250
-1 84 87 86
-1 250 253 252
