0 0 9 8
0 0 15 14
0 0 111 110
14 8 11 10
15 9 13 12
148 110 97 96
150 111 113 112
-1 10 17 16
-1 11 19 18
-1 12 21 20
-1 13 23 22
102 97 101 100
106 96 99 98
113 103 105 104
112 107 109 108
26 16 35 34
27 17 37 36
31 18 39 38
32 19 41 40
-1 100 115 114
-1 101 117 116
-1 98 119 118
-1 99 121 120
44 20 53 52
45 21 55 54
49 22 57 56
206 23 -1 58
-1 104 136 135
-1 105 138 137
-1 108 140 139
-1 109 144 143
59 58 134 133
210 139 -1 141
212 144 -1 145
114 34 81 80
116 35 83 82
115 36 85 84
117 37 87 86
118 38 89 88
120 39 91 90
119 40 93 92
121 41 95 94
135 52 123 122
137 53 125 124
136 54 127 126
138 55 129 128
211 57 -1 132
213 140 -1 142
143 56 131 130
-1 133 67 66
-1 134 69 68
-1 141 77 76
-1 145 79 78
216 80 1 1
214 81 1 1
220 82 1 1
218 83 1 1
217 84 1 1
215 85 1 1
221 86 1 1
219 87 1 1
224 88 1 1
222 89 1 1
228 90 1 1
226 91 1 1
225 92 1 1
223 93 1 1
229 94 1 1
227 95 1 1
252 122 1 1
250 123 1 1
232 124 1 1
230 125 1 1
142 132 201 200
209 130 1 1
207 131 1 1
231 126 193 192
233 127 195 194
251 128 197 196
253 129 199 198
78 66 61 60
76 68 71 70
67 25 -1 28
69 30 -1 33
77 43 -1 46
79 48 -1 51
239 192 235 234
238 193 237 236
245 194 241 240
244 195 243 242
247 196 255 254
246 197 257 256
249 198 259 258
248 199 261 260
-1 200 263 262
-1 201 265 264
-1 60 25 24
-1 61 30 29
-1 70 43 42
-1 71 48 47
262 149 -1 146
264 151 -1 147
-1 263 149 148
-1 265 151 150
-1 258 207 206
-1 259 209 208
-1 260 211 210
-1 261 213 212
-1 236 215 214
-1 237 217 216
-1 234 219 218
-1 235 221 220
-1 242 223 222
-1 243 225 224
-1 240 227 226
-1 241 229 228
-1 254 231 230
-1 255 233 232
-1 51 75 74
-1 33 65 64
-1 46 73 72
-1 28 63 62
-1 256 251 250
-1 257 253 252
-1 24 27 26
-1 29 32 31
-1 42 45 44
-1 47 50 49
-1 146 103 102
-1 147 107 106
208 50 -1 59
74 64 239 238
72 62 245 244
75 65 247 246
73 63 249 248
