0 0 9 8
0 0 15 14
0 0 139 138
14 8 11 10
15 9 13 12
174 138 125 124
176 139 141 140
-1 10 17 16
-1 11 19 18
-1 12 21 20
-1 13 23 22
130 125 129 128
134 124 127 126
141 131 133 132
140 135 137 136
26 16 37 36
27 17 39 38
32 18 41 40
33 19 43 42
-1 128 143 142
-1 129 145 144
-1 126 147 146
-1 127 149 148
46 20 57 56
47 21 59 58
52 22 61 60
53 23 63 62
-1 132 164 163
-1 133 166 165
-1 136 168 167
-1 137 171 170
167 60 65 64
142 36 109 108
144 37 111 110
143 38 113 112
145 39 115 114
146 40 117 116
148 41 119 118
147 42 121 120
149 43 123 122
163 56 151 150
165 57 153 152
164 58 155 154
166 59 157 156
170 61 159 158
257 63 -1 162
259 168 -1 169
171 62 161 160
258 64 67 66
256 65 69 68
239 155 79 78
241 157 85 84
238 154 97 96
240 156 103 102
183 108 1 1
182 109 1 1
189 110 1 1
188 111 1 1
195 112 1 1
194 113 1 1
201 114 1 1
200 115 1 1
207 116 1 1
206 117 1 1
213 118 1 1
212 119 1 1
219 120 1 1
218 121 1 1
225 122 1 1
224 123 1 1
231 150 1 1
230 151 1 1
237 152 1 1
236 153 1 1
247 158 1 1
246 159 1 1
169 162 249 248
255 160 1 1
254 161 1 1
-1 66 25 24
-1 67 31 30
-1 68 45 44
-1 69 51 50
84 35 77 76
-1 97 101 100
-1 96 99 98
-1 79 83 82
-1 78 81 80
-1 102 105 104
-1 103 107 106
-1 85 87 86
-1 248 261 260
-1 249 263 262
-1 24 27 26
-1 30 33 32
-1 44 47 46
-1 50 53 52
-1 25 29 28
-1 31 35 34
-1 45 49 48
-1 51 55 54
260 175 -1 172
262 177 -1 173
-1 261 175 174
-1 263 177 176
100 92 183 182
98 88 189 188
101 93 195 194
99 89 201 200
82 74 207 206
80 70 213 212
83 75 219 218
81 71 225 224
107 95 231 230
105 91 237 236
104 90 239 238
106 94 241 240
86 72 247 246
87 73 255 254
-1 76 257 256
-1 77 259 258
-1 172 131 130
-1 173 135 134
-1 54 93 92
-1 48 89 88
-1 34 75 74
-1 28 71 70
-1 49 91 90
-1 55 95 94
-1 29 73 72
