0 0 9 8
0 0 15 14
0 0 139 138
14 8 11 10
15 9 13 12
172 138 125 124
174 139 141 140
-1 10 17 16
-1 11 19 18
-1 12 21 20
-1 13 23 22
130 125 129 128
134 124 127 126
141 131 133 132
140 135 137 136
26 16 37 36
27 17 39 38
32 18 41 40
33 19 43 42
-1 128 143 142
-1 129 145 144
-1 126 147 146
-1 127 149 148
46 20 57 56
47 21 59 58
52 22 61 60
53 23 63 62
-1 132 165 164
-1 133 167 166
-1 136 169 168
-1 137 171 170
168 60 65 64
142 36 109 108
144 37 111 110
143 38 113 112
145 39 115 114
146 40 117 116
148 41 119 118
147 42 121 120
149 43 123 122
164 56 151 150
166 57 153 152
165 58 155 154
167 59 157 156
170 61 159 158
169 62 161 160
171 63 163 162
258 64 67 66
256 65 69 68
237 155 79 78
239 157 85 84
236 154 97 96
238 156 103 102
181 108 1 1
180 109 1 1
187 110 1 1
186 111 1 1
193 112 1 1
192 113 1 1
199 114 1 1
198 115 1 1
205 116 1 1
204 117 1 1
211 118 1 1
210 119 1 1
217 120 1 1
216 121 1 1
223 122 1 1
222 123 1 1
229 150 1 1
228 151 1 1
235 152 1 1
234 153 1 1
245 158 1 1
244 159 1 1
259 160 247 246
257 161 1 1
255 162 1 1
254 163 1 1
-1 66 25 24
-1 67 31 30
-1 68 45 44
-1 69 51 50
84 35 77 76
-1 246 173 172
-1 247 175 174
-1 97 101 100
-1 96 99 98
-1 79 83 82
-1 78 81 80
-1 102 105 104
-1 103 107 106
-1 85 87 86
-1 24 27 26
-1 30 33 32
-1 44 47 46
-1 50 53 52
-1 25 29 28
-1 31 35 34
-1 45 49 48
-1 51 55 54
-1 173 131 130
-1 175 135 134
100 92 181 180
98 88 187 186
101 93 193 192
99 89 199 198
82 74 205 204
80 70 211 210
83 75 217 216
81 71 223 222
107 95 229 228
105 91 235 234
104 90 237 236
106 94 239 238
86 72 245 244
87 73 255 254
-1 76 257 256
-1 77 259 258
-1 54 93 92
-1 48 89 88
-1 34 75 74
-1 28 71 70
-1 49 91 90
-1 55 95 94
-1 29 73 72
