0 0 189 188
0 0 195 194
0 0 237 236
-1 188 191 190
-1 194 197 196
-1 189 193 192
-1 195 199 198
236 230 233 232
-1 237 239 238
-1 190 201 200
-1 196 205 204
-1 191 203 202
-1 197 207 206
198 192 209 208
-1 193 211 210
-1 199 213 212
-1 232 249 248
-1 233 253 252
-1 238 245 244
-1 239 247 246
252 208 223 222
248 209 225 224
-1 249 251 250
-1 253 255 254
204 200 215 214
244 240 257 256
205 201 217 216
245 241 259 258
206 202 219 218
246 242 261 260
207 203 221 220
247 243 263 262
212 210 227 226
213 211 229 228
-1 224 21 20
-1 225 25 24
259 217 109 108
258 216 115 114
257 215 121 120
256 214 127 126
263 221 133 132
262 220 139 138
261 219 145 144
260 218 151 150
255 229 157 156
251 228 163 162
254 227 169 168
250 226 175 174
-1 222 185 184
-1 223 187 186
-1 20 9 8
-1 24 15 14
109 44 1 1
108 45 1 1
115 48 1 1
114 49 1 1
121 46 1 1
120 47 1 1
127 50 1 1
126 51 1 1
133 52 1 1
132 53 1 1
139 56 1 1
138 57 1 1
145 54 1 1
144 55 1 1
151 58 1 1
150 59 1 1
157 60 1 1
156 61 1 1
163 64 1 1
162 65 1 1
169 62 1 1
168 63 1 1
175 66 171 1
174 67 1 1
84 25 1 1
85 21 1 1
186 100 1 1
184 101 1 1
187 102 1 1
185 103 1 1
-1 171 231 230
-1 8 11 10
-1 14 17 16
-1 9 13 12
-1 15 19 18
-1 231 235 234
-1 10 29 28
-1 16 33 32
-1 11 31 30
-1 17 35 34
-1 12 37 36
-1 18 41 40
-1 13 39 38
-1 19 43 42
-1 234 241 240
-1 235 243 242
80 38 83 82
86 28 45 44
90 32 49 48
87 29 47 46
91 33 51 50
88 30 53 52
92 34 57 56
89 31 55 54
93 35 59 58
94 36 61 60
98 40 65 64
95 37 63 62
99 41 67 66
81 39 85 84
96 42 101 100
97 43 103 102
-1 82 69 68
-1 83 75 74
-1 68 71 70
-1 74 77 76
-1 69 73 72
-1 75 79 78
-1 72 81 80
-1 70 87 86
-1 76 91 90
-1 71 89 88
-1 77 93 92
-1 73 95 94
-1 79 99 98
-1 78 97 96
