0 0 9 8
0 0 15 14
0 0 125 124
14 8 11 10
15 9 13 12
150 124 103 102
152 125 127 126
24 10 17 16
120 102 35 34
27 11 19 18
122 103 45 44
50 12 21 20
126 121 61 60
53 13 23 22
127 123 67 66
-1 16 31 30
-1 34 37 36
-1 17 33 32
-1 35 39 38
-1 18 41 40
-1 44 47 46
-1 19 43 42
-1 45 49 48
60 20 57 56
61 21 59 58
66 22 63 62
-1 23 65 64
-1 67 69 68
36 30 105 104
37 31 107 106
38 32 109 108
39 33 111 110
80 56 129 128
46 40 113 112
47 41 115 114
48 42 117 116
49 43 119 118
81 57 131 130
84 58 133 132
85 59 135 134
-1 62 137 136
-1 63 139 138
68 64 145 144
211 65 -1 146
213 69 -1 147
132 75 81 80
133 77 85 84
134 91 97 96
128 76 83 82
129 74 79 78
130 92 99 98
131 90 95 94
-1 135 203 202
170 104 155 154
172 105 157 156
171 106 159 158
173 107 161 160
174 108 163 162
176 109 165 164
175 110 167 166
177 111 169 168
194 112 179 178
196 113 181 180
195 114 183 182
197 115 185 184
198 116 187 186
200 117 189 188
199 118 191 190
201 119 193 192
140 136 205 204
141 137 207 206
142 138 209 208
-1 139 211 210
305 145 -1 216
217 144 215 214
147 146 221 220
-1 82 171 170
-1 83 173 172
-1 78 175 174
-1 79 177 176
-1 98 195 194
-1 99 197 196
-1 94 199 198
-1 95 201 200
-1 96 141 140
-1 97 143 142
202 100 218 217
313 203 -1 222
332 154 1 1
330 155 1 1
336 156 1 1
334 157 1 1
333 158 1 1
331 159 1 1
337 160 1 1
335 161 1 1
340 162 1 1
338 163 1 1
344 164 1 1
342 165 1 1
341 166 1 1
339 167 1 1
345 168 1 1
343 169 1 1
348 178 1 1
346 179 1 1
352 180 1 1
350 181 1 1
349 182 1 1
347 183 1 1
353 184 1 1
351 185 1 1
356 186 1 1
354 187 1 1
360 188 1 1
358 189 1 1
357 190 283 282
355 191 285 284
361 192 287 286
359 193 289 288
308 204 291 290
306 205 293 292
307 206 295 294
303 208 299 298
302 209 301 300
-1 207 297 296
219 216 319 318
325 214 1 1
324 215 1 1
225 220 327 326
224 221 329 328
212 210 305 304
-1 326 71 70
-1 327 73 72
-1 328 87 86
-1 329 89 88
310 296 303 302
-1 143 213 212
-1 294 307 306
-1 295 309 308
-1 297 313 312
317 218 -1 219
316 304 325 324
223 222 225 224
-1 292 331 330
-1 293 333 332
-1 290 335 334
-1 291 337 336
-1 300 339 338
-1 301 341 340
-1 298 343 342
-1 299 345 344
-1 284 347 346
-1 285 349 348
-1 282 351 350
-1 283 353 352
-1 288 355 354
-1 289 357 356
-1 286 359 358
-1 287 361 360
-1 318 363 362
-1 319 365 364
-1 70 25 24
-1 72 28 27
-1 86 51 50
-1 88 54 53
71 25 -1 26
73 28 -1 29
87 51 -1 52
89 54 -1 55
362 151 -1 148
364 153 -1 149
-1 363 151 150
-1 365 153 152
-1 309 311 310
314 312 317 316
-1 26 75 74
-1 29 77 76
-1 52 91 90
-1 55 93 92
-1 148 121 120
-1 149 123 122
-1 311 315 314
-1 93 101 100
315 101 -1 223
