-1 0 9 8
-1 0 15 14
-1 0 53 52
-1 0 59 58
-1 0 225 224
-1 0 231 230
-1 8 11 10
-1 14 17 16
-1 9 13 12
-1 15 19 18
-1 52 55 54
-1 58 61 60
-1 53 57 56
-1 59 63 62
-1 224 227 226
-1 230 233 232
-1 225 229 228
-1 231 235 234
-1 10 21 20
-1 16 25 24
-1 11 23 22
-1 17 27 26
-1 12 29 28
-1 18 33 32
-1 13 31 30
-1 19 35 34
-1 54 65 64
-1 60 69 68
-1 55 67 66
-1 61 71 70
-1 56 73 72
-1 62 77 76
-1 57 75 74
-1 63 79 78
-1 226 237 236
-1 232 241 240
-1 227 239 238
-1 233 243 242
-1 228 245 244
-1 234 249 248
-1 229 247 246
-1 235 251 250
24 20 37 36
68 64 81 80
25 21 39 38
69 65 83 82
26 22 41 40
70 66 85 84
27 23 43 42
71 67 87 86
32 28 45 44
76 72 89 88
33 29 47 46
77 73 91 90
34 30 49 48
78 74 93 92
35 31 51 50
79 75 95 94
240 236 253 252
241 237 255 254
242 238 257 256
243 239 259 258
248 244 261 260
249 245 263 262
250 246 265 264
251 247 267 266
80 36 97 96
285 255 133 132
81 37 99 98
281 254 139 138
82 38 101 100
284 253 145 144
83 39 103 102
280 252 151 150
84 40 105 104
287 259 157 156
85 41 107 106
283 258 163 162
86 42 109 108
286 257 169 168
87 43 111 110
282 256 175 174
88 44 113 112
293 263 181 180
89 45 115 114
289 262 187 186
90 46 117 116
292 261 193 192
91 47 119 118
288 260 199 198
92 48 121 120
295 267 205 204
93 49 123 122
291 266 211 210
94 50 125 124
294 265 217 216
95 51 127 126
290 264 223 222
133 96 1 1
132 97 1 1
139 98 1 1
138 99 1 1
145 100 1 1
144 101 1 1
151 102 1 1
150 103 1 1
157 104 1 1
156 105 1 1
163 106 1 1
162 107 1 1
169 108 1 1
168 109 1 1
175 110 1 1
174 111 1 1
181 112 1 1
180 113 1 1
187 114 1 1
186 115 1 1
193 116 1 1
192 117 1 1
199 118 1 1
198 119 1 1
205 120 1 1
204 121 1 1
211 122 1 1
210 123 1 1
217 124 1 1
216 125 1 1
223 126 219 1
222 127 1 1
-1 219 297 296
-1 296 269 268
-1 297 275 274
-1 268 271 270
-1 274 277 276
-1 269 273 272
-1 275 279 278
-1 270 281 280
-1 276 285 284
-1 271 283 282
-1 277 287 286
-1 272 289 288
-1 278 293 292
-1 273 291 290
-1 279 295 294
