0 0 10 9
0 0 16 15
95 0 30 29
0 0 36 35
15 9 12 11
16 10 14 13
35 29 32 31
36 30 34 33
21 11 18 17
41 31 38 37
28 14 26 25
48 34 46 45
22 12 20 19
42 32 40 39
27 13 24 23
47 33 44 43
45 25 22 21
46 26 28 27
37 17 50 49
38 18 54 53
-1 20 58 57
-1 40 60 59
39 19 56 55
43 23 62 61
44 24 64 63
52 50 42 41
51 49 48 47
93 53 1 1
91 54 1 1
59 57 70 69
80 55 1 1
79 56 1 1
94 61 1 1
92 62 1 1
90 63 86 1
89 64 1 1
-1 58 72 71
-1 60 74 73
-1 86 96 95
73 71 80 79
74 72 90 89
-1 69 92 91
-1 70 94 93
-1 96 52 51
