0 0 10 9
0 0 16 15
124 0 28 27
0 0 32 31
15 9 12 11
32 28 22 21
16 10 14 13
31 27 30 29
21 11 18 17
22 12 20 19
45 13 24 23
37 29 34 33
49 14 26 25
38 30 36 35
51 17 56 55
52 18 58 57
53 19 60 59
54 20 62 61
33 23 64 63
34 24 66 65
35 25 68 67
93 26 70 69
87 36 -1 71
-1 71 121 120
118 55 1 1
116 56 1 1
80 57 77 76
99 61 1 1
98 62 1 1
119 63 1 1
117 64 1 1
109 65 1 1
108 66 1 1
115 67 1 1
114 68 1 1
-1 58 79 78
-1 59 85 84
-1 60 87 86
-1 69 44 43
-1 70 48 47
123 120 -1 122
47 40 38 37
43 39 42 41
-1 121 124 123
82 78 81 80
83 79 89 88
90 84 99 98
92 86 109 108
91 85 115 114
-1 76 117 116
-1 77 119 118
-1 44 46 45
-1 48 50 49
-1 122 40 39
46 41 52 51
50 42 54 53
-1 81 83 82
-1 88 91 90
-1 89 93 92
