0 0 10 9
0 0 16 15
136 0 38 37
0 0 40 39
15 9 12 11
39 37 22 21
16 10 14 13
40 38 32 31
-1 11 18 17
-1 21 24 23
-1 12 20 19
-1 22 26 25
-1 13 28 27
-1 31 34 33
-1 14 30 29
-1 32 36 35
23 17 42 41
24 18 44 43
25 19 46 45
26 20 48 47
33 27 50 49
34 28 52 51
118 30 -1 55
120 36 -1 56
35 29 54 53
93 41 1 1
91 42 1 1
94 43 1 1
92 44 1 1
97 45 1 1
95 46 1 1
98 47 1 1
96 48 1 1
116 49 1 1
114 50 1 1
117 51 1 1
115 52 1 1
121 53 -1 111
119 54 1 1
-1 55 108 107
-1 56 110 109
-1 111 133 132
127 108 -1 122
129 110 -1 125
109 107 131 130
135 132 -1 134
-1 133 136 135
125 122 124 123
-1 130 127 126
-1 131 129 128
-1 134 88 87
126 87 74 73
128 88 90 89
-1 123 80 79
-1 124 84 83
79 74 78 77
83 73 76 75
90 80 82 81
89 84 86 85
-1 77 92 91
-1 78 94 93
-1 75 96 95
-1 76 98 97
-1 81 115 114
-1 82 117 116
-1 85 119 118
-1 86 121 120
