0 0 10 9
0 0 16 15
127 0 38 37
0 0 40 39
15 9 12 11
39 37 22 21
16 10 14 13
40 38 32 31
-1 11 18 17
-1 21 24 23
-1 12 20 19
-1 22 26 25
-1 13 28 27
-1 31 34 33
-1 14 30 29
-1 32 36 35
23 17 42 41
24 18 44 43
25 19 46 45
26 20 48 47
33 27 50 49
34 28 52 51
35 29 54 53
36 30 56 55
93 41 1 1
91 42 1 1
94 43 1 1
92 44 1 1
97 45 1 1
95 46 1 1
98 47 1 1
96 48 1 1
117 49 1 1
115 50 1 1
118 51 1 1
116 52 1 1
121 53 108 107
119 54 1 1
122 55 112 1
120 56 1 1
-1 112 128 127
-1 107 124 123
-1 108 126 125
-1 128 88 87
123 87 74 73
125 88 90 89
-1 124 80 79
-1 126 84 83
79 74 78 77
83 73 76 75
90 80 82 81
89 84 86 85
-1 77 92 91
-1 78 94 93
-1 75 96 95
-1 76 98 97
-1 81 116 115
-1 82 118 117
-1 85 120 119
-1 86 122 121
