0 0 10 9
0 0 16 15
206 0 30 29
0 0 32 31
15 9 12 11
31 29 22 21
16 10 14 13
32 30 28 27
21 11 18 17
22 12 20 19
27 13 24 23
28 14 26 25
37 17 34 33
-1 18 36 35
-1 19 42 41
-1 20 44 43
-1 23 52 51
-1 24 54 53
65 25 62 61
66 26 64 63
113 63 110 109
73 33 70 69
74 34 72 71
39 35 76 75
40 36 78 77
47 41 80 79
48 42 82 81
49 43 84 83
50 44 86 85
107 61 104 103
57 51 96 95
58 52 98 97
194 54 -1 101
59 53 100 99
108 62 106 105
114 64 112 111
123 109 74 73
127 111 108 107
128 112 114 113
129 69 124 123
143 77 130 129
144 78 136 135
142 75 1 1
141 76 1 1
-1 110 122 121
167 79 1 1
165 80 1 1
168 81 1 1
166 82 1 1
171 83 1 1
169 84 1 1
172 85 1 1
170 86 1 1
132 103 162 161
131 104 164 163
135 71 132 131
192 95 1 1
190 96 1 1
193 97 1 1
191 98 1 1
102 101 182 181
197 99 -1 183
195 100 1 1
134 105 187 186
133 106 189 188
136 72 134 133
130 70 128 127
-1 183 203 202
125 121 142 141
126 122 144 143
-1 124 126 125
-1 161 166 165
-1 162 168 167
-1 163 170 169
-1 164 172 171
-1 186 191 190
-1 187 193 192
-1 188 195 194
-1 189 197 196
-1 181 199 198
-1 182 201 200
205 202 -1 204
196 60 -1 102
-1 203 206 205
198 118 -1 115
200 120 -1 116
-1 199 118 117
-1 201 120 119
-1 204 92 91
117 91 68 67
119 92 94 93
-1 115 88 87
-1 116 90 89
87 67 38 37
89 68 46 45
93 88 56 55
94 90 66 65
-1 38 40 39
-1 45 48 47
-1 46 50 49
-1 55 58 57
-1 56 60 59
