0 0 10 9
0 0 16 15
199 0 30 29
0 0 32 31
15 9 12 11
31 29 22 21
16 10 14 13
32 30 28 27
21 11 18 17
22 12 20 19
27 13 24 23
28 14 26 25
37 17 34 33
-1 18 36 35
-1 19 42 41
-1 20 44 43
-1 23 52 51
-1 24 54 53
65 25 62 61
66 26 64 63
113 63 110 109
73 33 70 69
74 34 72 71
39 35 76 75
40 36 78 77
47 41 80 79
48 42 82 81
49 43 84 83
50 44 86 85
107 61 104 103
57 51 96 95
58 52 98 97
59 53 100 99
60 54 102 101
108 62 106 105
114 64 112 111
121 109 74 73
125 111 108 107
126 112 114 113
127 69 122 121
141 77 128 127
142 78 134 133
140 75 1 1
139 76 1 1
-1 110 120 119
165 79 1 1
163 80 1 1
166 81 1 1
164 82 1 1
169 83 1 1
167 84 1 1
170 85 1 1
168 86 1 1
130 103 160 159
129 104 162 161
133 71 130 129
193 95 1 1
191 96 1 1
194 97 1 1
192 98 1 1
197 99 180 179
195 100 1 1
198 101 184 1
196 102 1 1
132 105 188 187
131 106 190 189
134 72 132 131
128 70 126 125
-1 184 200 199
-1 179 116 115
-1 180 118 117
123 119 140 139
124 120 142 141
-1 122 124 123
-1 159 164 163
-1 160 166 165
-1 161 168 167
-1 162 170 169
-1 187 192 191
-1 188 194 193
-1 189 196 195
-1 190 198 197
-1 200 92 91
115 91 68 67
117 92 94 93
-1 116 88 87
-1 118 90 89
87 67 38 37
89 68 46 45
93 88 56 55
94 90 66 65
-1 38 40 39
-1 45 48 47
-1 46 50 49
-1 55 58 57
-1 56 60 59
