0 0 10 9
0 0 16 15
270 0 107 106
0 0 113 112
15 9 12 11
-1 10 14 13
-1 16 18 17
112 106 109 108
-1 107 111 110
-1 113 115 114
-1 12 22 21
-1 11 20 19
17 13 30 29
18 14 32 31
-1 109 119 118
-1 108 117 116
114 110 127 126
115 111 129 128
27 21 24 23
-1 20 38 37
25 19 36 35
28 22 34 33
45 29 42 41
46 30 44 43
51 31 48 47
52 32 50 49
124 118 121 120
-1 117 135 134
122 116 133 132
125 119 131 130
142 126 139 138
143 127 141 140
148 128 145 144
149 129 147 146
-1 24 28 27
-1 23 26 25
39 37 46 45
40 38 52 51
57 35 54 53
165 131 64 63
58 36 56 55
164 130 70 69
147 34 -1 73
74 33 72 71
206 146 85 84
-1 121 125 124
-1 120 123 122
136 134 143 142
137 135 149 148
154 132 151 150
105 50 103 102
155 133 153 152
104 49 101 100
202 144 179 178
238 42 89 88
204 145 181 180
236 41 87 86
240 43 91 90
170 138 167 166
244 44 93 92
171 139 169 168
98 47 95 94
176 140 173 172
99 48 97 96
177 141 175 174
-1 26 40 39
64 53 1 1
63 54 1 1
70 55 1 1
69 56 1 1
85 71 -1 81
84 72 1 1
-1 123 137 136
150 103 1 1
151 102 1 1
152 101 1 1
153 100 1 1
178 89 1 1
179 88 1 1
180 87 1 1
181 86 1 1
167 90 1 1
166 91 1 1
169 92 1 1
168 93 1 1
173 94 1 1
172 95 1 1
175 96 1 1
174 97 1 1
-1 73 78 77
-1 81 267 266
189 78 -1 190
79 77 265 264
269 266 -1 268
-1 267 270 269
-1 264 189 188
-1 265 192 191
193 190 235 234
-1 268 183 182
188 182 185 184
191 183 187 186
192 80 -1 193
-1 234 223 222
-1 235 229 228
205 186 195 194
203 187 197 196
-1 184 199 198
-1 185 201 200
239 223 227 226
237 229 233 232
-1 222 225 224
-1 228 231 230
208 198 155 154
212 200 165 164
209 199 171 170
213 201 177 176
-1 194 203 202
-1 195 205 204
-1 196 207 206
-1 197 211 210
242 224 58 57
246 230 75 74
243 225 99 98
247 231 105 104
-1 226 237 236
-1 227 239 238
-1 232 241 240
-1 233 245 244
210 75 -1 76
-1 207 209 208
-1 211 213 212
-1 241 243 242
-1 245 247 246
-1 76 80 79
