0 0 10 9
0 0 16 15
270 0 111 110
0 0 117 116
15 9 12 11
-1 10 14 13
-1 16 18 17
116 110 113 112
-1 111 115 114
-1 117 119 118
-1 12 22 21
-1 11 20 19
17 13 30 29
18 14 32 31
-1 113 123 122
-1 112 121 120
118 114 131 130
119 115 133 132
27 21 24 23
-1 20 38 37
25 19 36 35
28 22 34 33
45 29 42 41
46 30 44 43
51 31 48 47
52 32 50 49
128 122 125 124
-1 121 139 138
126 120 137 136
129 123 135 134
146 130 143 142
147 131 145 144
152 132 149 148
153 133 151 150
-1 24 28 27
-1 23 26 25
39 37 46 45
40 38 52 51
57 35 54 53
169 135 64 63
58 36 56 55
168 134 70 69
75 33 72 71
214 151 82 81
76 34 74 73
210 150 89 88
-1 125 129 128
-1 124 127 126
140 138 147 146
141 139 153 152
158 136 155 154
109 50 107 106
159 137 157 156
108 49 105 104
206 148 183 182
240 42 93 92
208 149 185 184
238 41 91 90
242 43 95 94
174 142 171 170
246 44 97 96
175 143 173 172
102 47 99 98
180 144 177 176
103 48 101 100
181 145 179 178
-1 26 40 39
64 53 1 1
63 54 1 1
70 55 1 1
69 56 1 1
81 71 1 1
89 73 -1 85
88 74 1 1
-1 127 141 140
154 107 1 1
155 106 1 1
156 105 1 1
157 104 1 1
-1 72 80 79
-1 82 84 83
182 93 1 1
183 92 1 1
184 91 1 1
185 90 1 1
171 94 1 1
170 95 1 1
173 96 1 1
172 97 1 1
177 98 1 1
176 99 1 1
179 100 1 1
178 101 1 1
-1 85 267 266
83 79 187 186
-1 80 195 194
-1 84 197 196
269 266 -1 268
192 186 189 188
193 187 191 190
-1 267 270 269
196 194 227 226
197 195 229 228
-1 268 193 192
209 190 199 198
207 191 201 200
-1 188 203 202
-1 189 205 204
241 228 231 230
239 229 233 232
-1 226 235 234
-1 227 237 236
212 202 159 158
216 204 169 168
213 203 175 174
217 205 181 180
-1 198 207 206
-1 199 209 208
-1 200 211 210
-1 201 215 214
244 234 58 57
248 236 76 75
245 235 103 102
249 237 109 108
-1 230 239 238
-1 231 241 240
-1 232 243 242
-1 233 247 246
-1 211 213 212
-1 215 217 216
-1 243 245 244
-1 247 249 248
