0 0 10 9
0 0 16 15
258 0 38 37
0 0 40 39
15 9 12 11
39 37 22 21
16 10 14 13
40 38 32 31
-1 11 18 17
-1 21 24 23
-1 12 20 19
-1 22 26 25
-1 13 28 27
-1 31 34 33
-1 14 30 29
-1 32 36 35
23 17 42 41
24 18 44 43
25 19 46 45
26 20 48 47
33 27 50 49
34 28 52 51
35 29 54 53
36 30 56 55
91 41 58 57
93 42 60 59
92 43 62 61
94 44 64 63
95 45 66 65
97 46 68 67
96 47 70 69
98 48 72 71
114 49 100 99
116 50 102 101
115 51 104 103
117 52 106 105
-1 53 108 107
-1 54 110 109
233 56 -1 113
124 55 112 111
196 57 1 1
194 58 1 1
200 59 1 1
198 60 1 1
197 61 1 1
195 62 1 1
201 63 1 1
199 64 1 1
204 65 1 1
202 66 1 1
208 67 1 1
206 68 1 1
205 69 1 1
203 70 1 1
209 71 1 1
207 72 1 1
212 99 1 1
210 100 1 1
216 101 1 1
214 102 1 1
213 103 1 1
211 104 1 1
217 105 1 1
215 106 1 1
122 113 190 189
246 111 -1 191
242 112 1 1
120 107 182 181
121 108 184 183
125 109 186 185
126 110 188 187
-1 191 251 250
248 181 219 218
244 182 221 220
249 183 223 222
245 184 225 224
254 185 227 226
252 186 229 228
253 187 231 230
-1 188 233 232
-1 189 239 238
-1 190 241 240
257 250 -1 256
-1 251 258 257
238 130 -1 127
240 132 -1 128
-1 239 130 129
-1 241 132 131
-1 220 195 194
-1 221 197 196
-1 218 199 198
-1 219 201 200
-1 228 203 202
-1 229 205 204
-1 226 207 206
-1 227 209 208
-1 224 211 210
-1 225 213 212
-1 222 215 214
-1 223 217 216
236 232 235 234
-1 230 243 242
-1 231 247 246
-1 256 88 87
129 87 74 73
131 88 90 89
-1 127 80 79
-1 128 84 83
-1 243 245 244
-1 247 249 248
-1 234 253 252
-1 235 255 254
79 74 78 77
83 73 76 75
90 80 82 81
89 84 86 85
-1 255 237 236
-1 77 92 91
-1 78 94 93
-1 75 96 95
-1 76 98 97
-1 81 115 114
-1 82 117 116
-1 85 119 118
-1 86 124 123
237 119 -1 122
-1 118 121 120
-1 123 126 125
