0 0 10 9
0 0 16 15
320 0 54 53
0 0 60 59
-1 9 12 11
-1 15 18 17
-1 10 14 13
-1 16 20 19
-1 53 56 55
-1 59 62 61
-1 54 58 57
-1 60 64 63
-1 11 22 21
-1 17 26 25
-1 12 24 23
-1 18 28 27
-1 13 30 29
-1 19 34 33
-1 14 32 31
-1 20 36 35
-1 55 66 65
-1 61 70 69
-1 56 68 67
-1 62 72 71
-1 57 74 73
-1 63 78 77
-1 58 76 75
-1 64 80 79
25 21 38 37
69 65 82 81
26 22 40 39
70 66 84 83
27 23 42 41
71 67 86 85
28 24 44 43
72 68 88 87
33 29 46 45
77 73 90 89
34 30 48 47
78 74 92 91
35 31 50 49
79 75 94 93
36 32 52 51
80 76 96 95
81 37 98 97
82 38 100 99
83 39 102 101
84 40 104 103
85 41 106 105
86 42 108 107
87 43 110 109
88 44 112 111
89 45 114 113
90 46 116 115
91 47 118 117
92 48 120 119
93 49 122 121
94 50 124 123
265 52 -1 127
311 96 -1 128
95 51 126 125
134 97 1 1
133 98 1 1
140 99 1 1
139 100 1 1
146 101 1 1
145 102 1 1
152 103 1 1
151 104 1 1
158 105 1 1
157 106 1 1
164 107 1 1
163 108 1 1
170 109 1 1
169 110 1 1
176 111 1 1
175 112 1 1
182 113 1 1
181 114 1 1
188 115 1 1
187 116 1 1
194 117 1 1
193 118 1 1
200 119 1 1
199 120 1 1
206 121 1 1
205 122 1 1
212 123 1 1
211 124 1 1
221 125 -1 217
220 126 1 1
-1 127 214 213
-1 128 216 215
-1 217 317 316
274 214 -1 234
278 216 -1 235
215 213 315 314
319 316 -1 318
-1 317 320 319
-1 234 223 222
-1 235 229 228
-1 314 275 274
-1 315 279 278
-1 318 269 268
-1 222 225 224
-1 228 231 230
-1 223 227 226
-1 229 233 232
-1 275 277 276
-1 279 281 280
-1 268 271 270
-1 269 273 272
-1 224 237 236
-1 230 241 240
-1 225 239 238
-1 231 243 242
-1 226 245 244
-1 232 249 248
-1 227 247 246
-1 233 251 250
-1 276 287 286
-1 277 289 288
-1 280 295 294
-1 281 297 296
-1 270 283 282
-1 271 285 284
-1 272 291 290
-1 273 293 292
286 282 299 298
287 283 301 300
288 284 303 302
289 285 305 304
294 290 307 306
295 291 309 308
296 292 311 310
297 293 313 312
240 236 253 252
241 237 255 254
242 238 257 256
243 239 259 258
248 244 261 260
249 245 263 262
250 246 265 264
251 247 267 266
301 255 134 133
300 254 140 139
299 253 146 145
298 252 152 151
305 259 158 157
304 258 164 163
303 257 170 169
302 256 176 175
309 263 182 181
308 262 188 187
307 261 194 193
306 260 200 199
313 267 206 205
312 266 212 211
310 264 221 220
