0 0 17 16
0 0 35 34
0 0 39 38
0 0 51 50
16 10 13 12
39 35 27 26
17 11 15 14
38 34 37 36
51 47 45 44
50 46 49 48
27 13 19 18
55 49 23 22
26 12 25 24
54 48 53 52
32 14 29 28
44 36 41 40
33 15 31 30
45 37 43 42
22 18 11 10
52 24 33 32
53 25 55 54
23 19 21 20
40 28 57 56
41 29 59 58
42 30 61 60
43 31 63 62
86 20 1 1
84 21 1 1
90 56 1 1
88 57 1 1
87 58 1 1
85 59 1 1
91 60 1 1
89 61 1 1
92 62 81 1
95 63 83 82
-1 81 47 46
-1 82 99 98
-1 83 101 100
107 101 103 102
105 98 109 108
104 99 111 110
106 100 113 112
-1 108 85 84
-1 109 87 86
-1 110 89 88
-1 111 91 90
-1 112 93 92
-1 113 96 95
102 93 -1 94
103 96 -1 97
-1 94 105 104
-1 97 107 106
