0 0 11 10
0 0 17 16
0 0 31 30
0 0 33 32
16 10 13 12
32 30 23 22
17 11 15 14
33 31 29 28
22 12 19 18
23 13 21 20
28 14 25 24
29 15 27 26
38 18 35 34
39 19 37 36
44 20 41 40
45 21 43 42
50 24 47 46
-1 25 49 48
58 26 55 54
59 27 57 56
108 34 1 1
106 35 1 1
112 36 1 1
110 37 1 1
118 40 1 1
114 41 1 1
124 42 1 1
122 43 1 1
125 46 1 1
123 47 1 1
107 54 -1 90
109 55 -1 91
113 56 97 1
111 57 1 1
52 48 87 86
53 49 89 88
-1 97 81 80
120 86 127 126
116 87 129 128
121 88 131 130
117 89 133 132
-1 90 93 92
-1 91 95 94
80 76 39 38
81 77 51 50
102 92 -1 100
104 94 -1 101
-1 93 103 102
-1 95 105 104
-1 128 107 106
-1 129 109 108
-1 126 111 110
-1 127 113 112
-1 132 115 114
-1 133 119 118
-1 130 123 122
-1 131 125 124
103 78 45 44
105 79 59 58
-1 51 53 52
-1 100 77 76
-1 101 79 78
-1 115 117 116
-1 119 121 120
