0 0 11 10
0 0 17 16
0 0 39 38
0 0 41 40
16 10 13 12
40 38 23 22
17 11 15 14
41 39 33 32
-1 12 19 18
-1 22 25 24
-1 13 21 20
-1 23 27 26
-1 14 29 28
-1 32 35 34
-1 15 31 30
-1 33 37 36
24 18 43 42
25 19 45 44
26 20 47 46
27 21 49 48
34 28 51 50
35 29 53 52
36 30 55 54
37 31 57 56
98 42 1 1
96 43 1 1
99 44 1 1
97 45 1 1
112 46 1 1
110 47 1 1
113 48 1 1
111 49 1 1
102 50 1 1
100 51 1 1
103 52 1 1
101 53 1 1
117 56 1 1
115 57 1 1
-1 54 83 82
-1 55 85 84
95 82 91 90
94 83 93 92
109 84 105 104
108 85 107 106
-1 90 97 96
-1 91 99 98
-1 92 101 100
-1 93 103 102
-1 104 111 110
-1 105 113 112
-1 106 115 114
-1 107 117 116
-1 114 95 94
-1 116 109 108
