0 0 11 10
0 0 17 16
0 0 139 138
0 0 143 142
16 10 13 12
17 11 15 14
142 138 127 126
143 139 141 140
-1 12 19 18
-1 13 21 20
46 14 23 22
140 137 61 60
-1 15 25 24
132 127 131 130
136 126 129 128
-1 141 153 152
28 18 39 38
29 19 41 40
34 20 43 42
35 21 45 44
-1 130 145 144
-1 131 147 146
-1 128 149 148
-1 129 151 150
60 22 57 56
61 23 59 58
52 24 63 62
152 134 161 160
53 25 65 64
153 135 167 166
160 62 67 66
77 57 83 82
80 58 89 88
76 56 99 98
166 64 163 162
144 38 111 110
146 39 113 112
145 40 115 114
147 41 117 116
148 42 119 118
150 43 121 120
149 44 123 122
151 45 125 124
-1 59 155 154
161 63 159 158
167 65 165 164
73 66 69 68
72 67 71 70
88 31 77 76
89 37 81 80
162 105 169 168
163 104 1 1
177 110 1 1
176 111 1 1
183 112 1 1
182 113 1 1
189 114 1 1
188 115 1 1
195 116 1 1
194 117 1 1
201 118 1 1
200 119 1 1
207 120 1 1
206 121 1 1
213 122 1 1
212 123 1 1
219 124 1 1
218 125 1 1
158 109 1 1
159 108 1 1
164 107 1 1
165 106 1 1
-1 99 103 102
-1 98 101 100
-1 83 87 86
-1 82 85 84
156 154 221 220
157 155 223 222
-1 68 27 26
-1 69 33 32
-1 70 47 46
-1 71 51 50
222 91 73 72
-1 168 133 132
-1 169 137 136
220 90 105 104
102 96 177 176
100 92 183 182
103 97 189 188
101 93 195 194
86 78 201 200
84 74 207 206
87 79 213 212
85 75 219 218
-1 81 157 156
223 95 109 108
221 94 107 106
-1 26 29 28
-1 32 35 34
-1 50 53 52
-1 27 31 30
-1 33 37 36
-1 47 49 48
-1 51 55 54
-1 133 135 134
-1 48 91 90
-1 54 95 94
-1 55 97 96
-1 49 93 92
-1 36 79 78
-1 30 75 74
