0 0 11 10
0 0 17 16
0 0 39 38
0 0 41 40
16 10 13 12
40 38 23 22
17 11 15 14
41 39 33 32
-1 12 19 18
-1 22 25 24
-1 13 21 20
-1 23 27 26
-1 14 29 28
-1 32 35 34
-1 15 31 30
-1 33 37 36
24 18 43 42
25 19 45 44
26 20 47 46
27 21 49 48
34 28 51 50
35 29 53 52
36 30 55 54
37 31 57 56
88 42 59 58
90 43 61 60
89 44 63 62
91 45 65 64
92 46 67 66
94 47 69 68
93 48 71 70
95 49 73 72
111 50 97 96
113 51 99 98
112 52 101 100
114 53 103 102
115 54 105 104
-1 55 107 106
228 57 -1 110
119 56 109 108
194 58 1 1
192 59 1 1
198 60 1 1
196 61 1 1
195 62 1 1
193 63 1 1
199 64 1 1
197 65 1 1
202 66 1 1
200 67 1 1
206 68 1 1
204 69 1 1
203 70 1 1
201 71 1 1
207 72 1 1
205 73 1 1
210 96 1 1
208 97 1 1
214 98 1 1
212 99 1 1
211 100 1 1
209 101 1 1
215 102 1 1
213 103 1 1
218 104 1 1
216 105 1 1
117 110 187 186
219 108 189 1
217 109 1 1
120 106 181 180
-1 107 183 182
-1 189 87 86
-1 186 237 236
-1 187 239 238
-1 180 221 220
-1 181 223 222
184 182 225 224
185 183 227 226
86 80 83 82
87 81 85 84
236 124 -1 122
238 126 -1 123
-1 237 125 124
-1 239 127 126
245 220 241 240
244 221 243 242
251 222 247 246
250 223 249 248
254 224 257 256
252 225 259 258
255 226 261 260
253 227 263 262
125 74 77 76
127 75 79 78
-1 82 93 92
-1 83 95 94
-1 84 116 115
-1 85 119 118
-1 122 75 74
-1 123 81 80
-1 246 193 192
-1 247 195 194
-1 240 197 196
-1 241 199 198
-1 258 201 200
-1 259 203 202
-1 256 205 204
-1 257 207 206
-1 248 209 208
-1 249 211 210
-1 242 213 212
-1 243 215 214
-1 260 217 216
-1 261 219 218
-1 262 229 228
-1 263 233 232
-1 76 89 88
-1 77 91 90
-1 78 112 111
-1 79 114 113
-1 118 121 120
232 116 -1 117
-1 229 231 230
-1 233 235 234
-1 121 185 184
-1 230 245 244
-1 234 251 250
-1 231 253 252
-1 235 255 254
