0 0 12 11
0 0 18 17
0 0 38 37
0 0 40 39
114 0 86 85
17 11 14 13
39 37 24 23
18 12 16 15
40 38 34 33
85 81 80 79
86 82 84 83
-1 13 20 19
-1 23 26 25
-1 14 22 21
-1 24 28 27
33 15 30 29
83 51 54 53
-1 16 32 31
-1 34 36 35
80 49 76 75
79 50 78 77
-1 84 98 97
25 19 42 41
26 20 44 43
27 21 46 45
28 22 48 47
53 29 50 49
-1 75 88 87
-1 76 90 89
-1 77 92 91
-1 78 94 93
54 30 52 51
35 31 56 55
98 96 104 103
36 32 58 57
97 95 109 108
89 41 1 1
87 42 1 1
90 43 1 1
88 44 1 1
93 45 1 1
91 46 1 1
94 47 1 1
92 48 1 1
104 55 1 1
103 56 1 1
109 57 -1 105
108 58 1 1
-1 52 96 95
-1 105 111 110
113 110 -1 112
-1 111 114 113
-1 112 82 81
