0 0 12 11
0 0 18 17
0 0 40 39
0 0 42 41
130 0 94 93
17 11 14 13
41 39 24 23
18 12 16 15
42 40 34 33
93 89 76 75
94 90 92 91
-1 13 20 19
-1 23 26 25
-1 14 22 21
-1 24 28 27
-1 15 30 29
-1 33 36 35
-1 16 32 31
-1 34 38 37
81 76 80 79
85 75 78 77
92 82 84 83
91 86 88 87
25 19 44 43
26 20 46 45
27 21 48 47
28 22 50 49
-1 79 96 95
-1 80 98 97
-1 77 100 99
-1 78 102 101
35 29 52 51
36 30 54 53
37 31 56 55
38 32 58 57
-1 83 119 118
-1 84 121 120
-1 87 123 122
-1 88 125 124
97 43 1 1
95 44 1 1
98 45 1 1
96 46 1 1
101 47 1 1
99 48 1 1
102 49 1 1
100 50 1 1
120 51 1 1
118 52 1 1
121 53 1 1
119 54 1 1
124 55 112 111
122 56 1 1
125 57 -1 115
123 58 1 1
-1 115 127 126
-1 111 82 81
-1 112 86 85
129 126 -1 128
-1 127 130 129
-1 128 90 89
