0 0 12 11
0 0 18 17
0 0 40 39
0 0 42 41
-1 0 86 85
17 11 14 13
41 39 24 23
18 12 16 15
42 40 34 33
85 81 76 75
86 82 84 83
-1 13 20 19
-1 23 26 25
-1 14 22 21
-1 24 28 27
-1 15 30 29
-1 33 36 35
-1 16 32 31
-1 34 38 37
91 75 78 77
87 76 80 79
92 83 94 93
88 84 90 89
25 19 44 43
26 20 46 45
27 21 48 47
28 22 50 49
-1 77 96 95
-1 78 98 97
-1 79 100 99
-1 80 102 101
35 29 52 51
36 30 54 53
37 31 56 55
38 32 58 57
-1 93 120 119
-1 94 122 121
-1 89 124 123
-1 90 126 125
97 43 1 1
95 44 1 1
98 45 1 1
96 46 1 1
101 47 1 1
99 48 1 1
102 49 1 1
100 50 1 1
121 51 1 1
119 52 1 1
122 53 1 1
120 54 1 1
125 55 1 1
123 56 1 1
126 57 116 1
124 58 1 1
-1 116 128 127
-1 128 130 129
-1 127 82 81
-1 129 88 87
-1 130 92 91
