0 0 80 79
0 0 84 83
0 0 86 85
0 0 90 89
219 0 134 133
83 79 26 25
89 85 30 29
133 129 64 63
84 80 82 81
90 86 88 87
134 130 132 131
29 25 18 17
125 63 46 45
-1 26 28 27
-1 30 32 31
-1 64 66 65
88 81 148 147
87 82 150 149
132 126 128 127
131 120 124 123
17 11 14 13
45 43 22 21
18 12 16 15
46 44 38 37
31 27 72 71
32 28 78 77
121 65 112 111
122 66 118 117
-1 147 152 151
-1 148 154 153
-1 149 156 155
-1 150 158 157
195 128 204 203
196 127 206 205
197 124 208 207
198 123 210 209
21 13 12 11
-1 14 20 19
-1 22 24 23
-1 15 34 33
-1 37 40 39
-1 16 36 35
-1 38 42 41
155 57 60 59
-1 207 94 93
-1 208 98 97
71 47 68 67
117 105 114 113
72 48 70 69
118 106 116 115
77 49 74 73
111 103 108 107
78 50 76 75
112 104 110 109
151 51 136 135
153 52 138 137
152 53 140 139
154 54 142 141
156 55 144 143
158 56 146 145
157 58 92 91
-1 209 200 199
-1 210 202 201
-1 205 212 211
-1 206 214 213
-1 203 216 215
-1 204 218 217
93 59 44 43
23 19 48 47
24 20 50 49
42 36 58 57
-1 60 62 61
-1 97 100 99
39 33 52 51
40 34 54 53
41 35 56 55
114 67 1 1
113 68 1 1
116 69 1 1
115 70 1 1
108 73 1 1
107 74 1 1
110 75 1 1
109 76 1 1
213 135 1 1
211 136 1 1
217 137 1 1
215 138 1 1
214 139 184 183
212 140 1 1
218 141 1 1
216 142 1 1
201 143 1 1
199 144 1 1
145 98 102 1
146 94 1 1
200 91 196 195
202 92 198 197
-1 102 220 219
99 61 104 103
100 62 106 105
-1 183 120 119
-1 184 126 125
-1 220 130 129
-1 119 122 121
