0 0 12 11
0 0 18 17
0 0 38 37
0 0 40 39
228 0 92 91
17 11 14 13
39 37 24 23
18 12 16 15
40 38 34 33
91 87 76 75
92 88 90 89
-1 13 20 19
-1 23 26 25
-1 14 22 21
-1 24 28 27
33 15 30 29
89 86 54 53
-1 16 32 31
-1 34 36 35
81 76 80 79
85 75 78 77
-1 90 102 101
25 19 42 41
26 20 44 43
27 21 46 45
28 22 48 47
-1 79 94 93
-1 80 96 95
-1 77 98 97
-1 78 100 99
53 29 50 49
54 30 52 51
35 31 56 55
101 83 122 121
36 32 58 57
102 84 128 127
127 57 124 123
93 41 60 59
95 42 62 61
94 43 64 63
96 44 66 65
97 45 68 67
99 46 70 69
98 47 72 71
100 48 74 73
113 51 110 109
107 49 104 103
108 50 106 105
-1 52 112 111
121 55 118 117
122 56 120 119
128 58 126 125
179 109 108 107
181 110 114 113
134 123 130 129
133 124 1 1
202 59 1 1
200 60 1 1
206 61 1 1
204 62 1 1
203 63 1 1
201 64 1 1
207 65 1 1
205 66 1 1
210 67 1 1
208 68 1 1
214 69 1 1
212 70 1 1
211 71 1 1
209 72 1 1
215 73 1 1
213 74 1 1
220 103 168 167
216 104 170 169
182 105 172 171
180 106 174 173
188 117 184 183
187 118 186 185
194 119 1 1
193 120 1 1
199 125 -1 195
198 126 1 1
115 111 176 175
116 112 178 177
-1 195 225 224
-1 129 82 81
-1 130 86 85
218 175 134 133
-1 114 116 115
-1 183 180 179
-1 184 182 181
219 177 188 187
223 178 194 193
222 176 199 198
-1 169 201 200
-1 170 203 202
-1 167 205 204
-1 168 207 206
-1 173 209 208
-1 174 211 210
-1 171 213 212
-1 172 215 214
-1 185 217 216
-1 186 221 220
227 224 -1 226
-1 225 228 227
-1 82 84 83
-1 217 219 218
-1 221 223 222
-1 226 88 87
