0 0 12 11
0 0 18 17
0 0 114 113
0 0 120 119
265 0 196 195
17 11 14 13
-1 12 16 15
-1 18 20 19
119 113 116 115
-1 114 118 117
-1 120 122 121
195 189 192 191
196 190 194 193
-1 14 24 23
-1 13 22 21
19 15 32 31
20 16 34 33
-1 116 126 125
-1 115 124 123
121 117 134 133
122 118 136 135
208 193 198 197
206 194 200 199
-1 191 202 201
-1 192 204 203
29 23 26 25
-1 22 40 39
27 21 38 37
30 24 36 35
47 31 44 43
48 32 46 45
53 33 50 49
54 34 52 51
131 125 128 127
-1 124 142 141
129 123 140 139
211 201 162 161
132 126 138 137
215 203 172 171
149 133 146 145
212 202 178 177
150 134 148 147
216 204 184 183
155 135 152 151
156 136 154 153
-1 197 206 205
-1 198 208 207
-1 199 210 209
-1 200 214 213
-1 26 30 29
-1 25 28 27
41 39 48 47
42 40 54 53
59 37 56 55
172 138 66 65
60 38 58 57
171 137 72 71
77 35 74 73
213 154 84 83
78 36 76 75
209 153 92 91
-1 128 132 131
-1 127 130 129
143 141 150 149
144 142 156 155
161 139 158 157
112 52 110 109
162 140 160 159
111 51 108 107
205 151 186 185
239 44 96 95
207 152 188 187
237 43 94 93
-1 210 212 211
-1 214 216 215
241 45 98 97
177 145 174 173
245 46 100 99
178 146 176 175
105 49 102 101
183 147 180 179
106 50 104 103
184 148 182 181
-1 28 42 41
66 55 1 1
65 56 1 1
72 57 1 1
71 58 1 1
83 73 1 1
92 75 88 1
91 76 1 1
-1 130 144 143
157 110 1 1
158 109 1 1
159 108 1 1
160 107 1 1
185 96 1 1
186 95 1 1
187 94 1 1
188 93 1 1
-1 74 82 81
-1 84 86 85
174 97 1 1
173 98 1 1
176 99 1 1
175 100 1 1
180 101 1 1
179 102 1 1
182 103 1 1
181 104 1 1
-1 88 266 265
85 81 226 225
86 82 228 227
-1 266 190 189
240 227 230 229
238 228 232 231
-1 225 234 233
-1 226 236 235
243 233 60 59
247 235 78 77
244 234 106 105
248 236 112 111
-1 229 238 237
-1 230 240 239
-1 231 242 241
-1 232 246 245
-1 242 244 243
-1 246 248 247
