0 0 12 11
0 0 18 17
0 0 40 39
0 0 42 41
251 0 94 93
17 11 14 13
41 39 24 23
18 12 16 15
42 40 34 33
93 89 76 75
94 90 92 91
-1 13 20 19
-1 23 26 25
-1 14 22 21
-1 24 28 27
-1 15 30 29
-1 33 36 35
-1 16 32 31
-1 34 38 37
81 76 80 79
85 75 78 77
92 82 84 83
91 86 88 87
25 19 44 43
26 20 46 45
27 21 48 47
28 22 50 49
-1 79 96 95
-1 80 98 97
-1 77 100 99
-1 78 102 101
35 29 52 51
36 30 54 53
37 31 56 55
38 32 58 57
-1 83 120 119
-1 84 122 121
-1 87 124 123
-1 88 128 127
124 57 116 115
95 43 60 59
97 44 62 61
96 45 64 63
98 46 66 65
99 47 68 67
101 48 70 69
100 49 72 71
102 50 74 73
119 51 104 103
121 52 106 105
120 53 108 107
122 54 110 109
-1 55 112 111
-1 123 126 125
-1 56 114 113
-1 127 130 129
128 58 118 117
239 115 132 131
235 116 1 1
197 59 1 1
195 60 1 1
201 61 1 1
199 62 1 1
198 63 1 1
196 64 1 1
202 65 1 1
200 66 1 1
205 67 1 1
203 68 1 1
209 69 1 1
207 70 1 1
206 71 1 1
204 72 1 1
210 73 1 1
208 74 1 1
213 103 1 1
211 104 1 1
217 105 1 1
215 106 1 1
214 107 1 1
212 108 1 1
218 109 1 1
216 110 1 1
247 117 192 1
243 118 1 1
125 111 184 183
126 112 186 185
129 113 188 187
130 114 190 189
-1 192 252 251
-1 131 82 81
-1 132 86 85
249 183 220 219
245 184 222 221
250 185 224 223
246 186 226 225
241 187 228 227
237 188 230 229
242 189 232 231
238 190 234 233
-1 252 90 89
-1 221 196 195
-1 222 198 197
-1 219 200 199
-1 220 202 201
-1 229 204 203
-1 230 206 205
-1 227 208 207
-1 228 210 209
-1 225 212 211
-1 226 214 213
-1 223 216 215
-1 224 218 217
-1 233 236 235
-1 234 240 239
-1 231 244 243
-1 232 248 247
-1 244 246 245
-1 248 250 249
-1 236 238 237
-1 240 242 241
