0 0 12 11
0 0 18 17
0 0 40 39
0 0 42 41
266 0 94 93
17 11 14 13
41 39 24 23
18 12 16 15
42 40 34 33
93 89 76 75
94 90 92 91
-1 13 20 19
-1 23 26 25
-1 14 22 21
-1 24 28 27
-1 15 30 29
-1 33 36 35
-1 16 32 31
-1 34 38 37
81 76 80 79
85 75 78 77
92 82 84 83
91 86 88 87
25 19 44 43
26 20 46 45
27 21 48 47
28 22 50 49
-1 79 96 95
-1 80 98 97
-1 77 100 99
-1 78 102 101
35 29 52 51
36 30 54 53
37 31 56 55
38 32 58 57
-1 83 120 119
-1 84 122 121
-1 87 124 123
-1 88 126 125
124 57 116 115
95 43 60 59
97 44 62 61
96 45 64 63
98 46 66 65
99 47 68 67
101 48 70 69
100 49 72 71
102 50 74 73
119 51 104 103
121 52 106 105
120 53 108 107
122 54 110 109
123 55 112 111
-1 56 114 113
-1 125 128 127
126 58 118 117
234 115 130 129
230 116 1 1
196 59 1 1
194 60 1 1
200 61 1 1
198 62 1 1
197 63 1 1
195 64 1 1
201 65 1 1
199 66 1 1
204 67 1 1
202 68 1 1
208 69 1 1
206 70 1 1
205 71 1 1
203 72 1 1
209 73 1 1
207 74 1 1
212 103 1 1
210 104 1 1
216 105 1 1
214 106 1 1
213 107 1 1
211 108 1 1
217 109 1 1
215 110 1 1
220 111 1 1
218 112 1 1
221 117 -1 191
219 118 1 1
127 113 186 185
-1 114 188 187
-1 128 190 189
-1 191 239 238
-1 129 82 81
-1 130 86 85
-1 185 223 222
-1 186 225 224
189 187 227 226
190 188 229 228
265 238 -1 264
-1 239 266 265
245 222 241 240
244 223 243 242
251 224 247 246
250 225 249 248
254 226 257 256
252 227 259 258
255 228 261 260
253 229 263 262
-1 264 90 89
-1 246 195 194
-1 247 197 196
-1 240 199 198
-1 241 201 200
-1 258 203 202
-1 259 205 204
-1 256 207 206
-1 257 209 208
-1 248 211 210
-1 249 213 212
-1 242 215 214
-1 243 217 216
-1 260 219 218
-1 261 221 220
-1 262 231 230
-1 263 235 234
-1 231 233 232
-1 235 237 236
-1 232 245 244
-1 236 251 250
-1 233 253 252
-1 237 255 254
