0 0 12 11
0 0 18 17
0 0 40 39
0 0 42 41
239 0 94 93
17 11 14 13
41 39 24 23
18 12 16 15
42 40 34 33
93 89 76 75
94 90 92 91
-1 13 20 19
-1 23 26 25
-1 14 22 21
-1 24 28 27
-1 15 30 29
-1 33 36 35
-1 16 32 31
-1 34 38 37
81 76 80 79
85 75 78 77
92 82 84 83
91 86 88 87
25 19 44 43
26 20 46 45
27 21 48 47
28 22 50 49
-1 79 96 95
-1 80 98 97
-1 77 100 99
-1 78 102 101
35 29 52 51
36 30 54 53
37 31 56 55
38 32 58 57
-1 83 120 119
-1 84 122 121
-1 87 124 123
-1 88 126 125
124 57 116 115
95 43 60 59
97 44 62 61
96 45 64 63
98 46 66 65
99 47 68 67
101 48 70 69
100 49 72 71
102 50 74 73
119 51 104 103
121 52 106 105
120 53 108 107
122 54 110 109
123 55 112 111
-1 56 114 113
-1 125 128 127
126 58 118 117
235 115 130 129
231 116 1 1
197 59 1 1
195 60 1 1
201 61 1 1
199 62 1 1
198 63 1 1
196 64 1 1
202 65 1 1
200 66 1 1
205 67 1 1
203 68 1 1
209 69 1 1
207 70 1 1
206 71 1 1
204 72 1 1
210 73 1 1
208 74 1 1
213 103 1 1
211 104 1 1
217 105 1 1
215 106 1 1
214 107 1 1
212 108 1 1
218 109 1 1
216 110 1 1
221 111 1 1
219 112 1 1
222 117 192 1
220 118 1 1
127 113 186 185
-1 114 188 187
-1 128 190 189
-1 192 240 239
-1 129 82 81
-1 130 86 85
-1 185 224 223
-1 186 226 225
189 187 228 227
190 188 230 229
-1 240 90 89
246 223 242 241
245 224 244 243
252 225 248 247
251 226 250 249
255 227 258 257
253 228 260 259
256 229 262 261
254 230 264 263
-1 247 196 195
-1 248 198 197
-1 241 200 199
-1 242 202 201
-1 259 204 203
-1 260 206 205
-1 257 208 207
-1 258 210 209
-1 249 212 211
-1 250 214 213
-1 243 216 215
-1 244 218 217
-1 261 220 219
-1 262 222 221
-1 263 232 231
-1 264 236 235
-1 232 234 233
-1 236 238 237
-1 233 246 245
-1 237 252 251
-1 234 254 253
-1 238 256 255
