10 10 15 17
15 15 21 23
17 17 25 27
11 11 15 17
21 21 31 32
23 23 33 34
16 16 21 23
25 25 29 30
27 27 35 36
29 29 25 27
12 12 18 16
18 18 26 28
13 13 18 16
26 26 29 30
28 28 35 36
19 19 26 28
-1 49 20 19
20 20 22 24
14 14 20 19
22 22 31 32
24 24 33 34
30 30 22 24
31 31 37 38
32 32 39 40
33 33 41 48
34 34 42 43
35 35 44 45
36 36 46 47
37 37 52 53
38 38 50 51
39 39 56 57
40 40 54 55
41 41 71 72
-1 48 67 68
67 67 41 73
-1 73 67 68
42 42 60 61
43 43 58 59
44 44 69 70
45 45 62 63
68 68 45 44
46 46 66 49
47 47 64 65
-1 69 38 47
-1 70 37 46
-1 71 40 43
-1 72 39 42
