29 29 15 17
15 15 23 21
17 17 25 27
10 10 15 17
21 21 29 32
32 32 37 38
22 22 29 32
23 23 30 31
16 16 23 21
25 25 33 34
27 27 35 36
30 30 25 27
11 11 18 16
18 18 26 28
12 12 18 16
26 26 33 34
28 28 35 36
19 19 26 28
13 13 20 19
20 20 24 22
14 14 20 19
24 24 30 31
31 31 24 22
33 33 39 40
34 34 41 42
35 35 43 44
36 36 45 46
37 37 49 50
38 38 47 48
39 39 53 54
40 40 51 52
41 41 57 58
42 42 55 56
43 43 61 62
44 44 59 60
45 45 63 64
46 46 65 66
-1 71 38 42
-1 72 37 41
-1 73 40 44
-1 74 39 43
-1 75 45 77
77 77 -1 79
-1 76 46 78
78 78 -1 80
-1 65 68 69
-1 66 70 67
67 67 77 78
-1 79 69 68
-1 80 70 67
68 68 71 72
69 69 73 74
70 70 75 76
