10 10 15 17
15 15 21 23
17 17 25 27
11 11 15 17
21 21 29 30
23 23 32 34
16 16 21 23
25 25 36 38
27 27 40 41
18 18 25 27
12 12 16 18
13 13 16 18
29 29 43 44
-1 30 45 46
22 22 29 31
-1 31 45 46
-1 32 47 48
-1 34 49 50
24 24 33 35
-1 33 47 48
-1 35 49 50
-1 36 52 53
-1 38 54 55
26 26 37 39
-1 37 52 53
-1 39 54 55
40 40 51 56
41 41 42 57
28 28 40 41
19 19 22 24
43 43 61 89
44 44 77 88
58 58 43 44
45 45 64 65
46 46 62 63
47 47 67 68
48 48 69 70
49 49 71 72
50 50 73 74
-1 137 22 26
-1 138 24 28
14 14 19 20
20 20 26 28
52 52 78 79
53 53 80 81
54 54 82 83
55 55 84 85
51 51 75 76
56 56 86 87
59 59 51 56
42 42 58 66
57 57 59 60
60 60 42 57
-1 124 19 137
-1 125 20 138
-1 66 126 127
61 61 58 128
-1 128 126 127
89 89 59 60
62 62 61 89
77 77 76 75
88 88 87 86
63 63 77 88
64 64 92 93
65 65 90 91
126 126 65 64
127 127 62 63
67 67 96 97
68 68 94 95
69 69 100 101
70 70 98 99
71 71 104 105
72 72 102 103
73 73 108 109
74 74 106 107
75 75 129 130
76 76 131 132
-1 129 68 70
-1 130 67 69
-1 131 72 74
-1 132 71 73
78 78 112 113
79 79 110 111
80 80 116 117
81 81 114 115
82 82 124 125
83 83 118 119
84 84 122 123
85 85 120 121
86 86 133 134
87 87 135 136
-1 133 79 81
-1 134 78 80
-1 135 83 85
-1 136 82 84
