46 46 30 32
30 30 46 47
32 32 49 51
21 21 30 32
-1 47 78 79
31 31 46 48
-1 48 78 79
15 15 21 23
-1 23 34 35
16 16 21 24
-1 24 34 35
-1 49 83 84
-1 51 85 80
33 33 50 52
-1 50 83 84
-1 52 85 80
77 77 31 33
22 22 31 33
78 78 56 58
79 79 60 62
83 83 64 65
84 84 66 67
85 85 68 69
80 80 53 70
53 53 77 81
-1 81 146 147
17 17 22 25
-1 25 36 37
56 56 86 87
58 58 88 89
34 34 56 58
60 60 90 91
62 62 92 93
35 35 60 62
10 10 15 18
18 18 26 27
11 11 15 18
12 12 16 19
19 19 27 26
13 13 16 19
70 70 106 107
-1 54 77 105
105 105 142 143
-1 55 82 104
-1 82 146 147
104 104 144 145
146 146 61 63
147 147 57 59
61 61 91 90
63 63 93 92
36 36 61 63
57 57 87 86
59 59 89 88
37 37 57 59
-1 150 152 29
-1 152 36 37
29 29 45 44
-1 151 22 28
28 28 43 42
14 14 17 20
20 20 29 28
64 64 94 95
65 65 96 97
66 66 98 99
67 67 100 101
68 68 102 103
69 69 104 105
26 26 38 39
27 27 40 41
-1 38 64 66
-1 39 65 67
-1 40 53 68
-1 41 70 69
86 86 110 111
87 87 108 109
88 88 114 115
89 89 112 113
90 90 118 119
91 91 116 117
92 92 122 123
93 93 120 121
94 94 126 127
95 95 124 125
96 96 130 131
97 97 128 129
98 98 148 149
99 99 132 133
100 100 136 137
101 101 134 135
102 102 140 141
103 103 138 139
106 106 42 43
107 107 44 45
-1 71 103 106
-1 72 102 107
42 42 75 76
43 43 73 74
44 44 54 55
45 45 71 72
-1 148 17 150
-1 149 20 151
-1 73 95 99
-1 74 94 98
-1 75 97 101
-1 76 96 100
