10 10 15 17
15 15 21 23
17 17 25 27
11 11 15 17
21 21 29 30
23 23 32 34
16 16 21 23
25 25 36 38
27 27 40 41
18 18 25 27
12 12 16 18
13 13 16 18
29 29 43 44
-1 30 45 46
22 22 29 31
-1 31 45 46
-1 32 47 48
-1 34 49 50
24 24 33 35
-1 33 47 48
-1 35 49 50
-1 36 52 53
-1 38 56 54
26 26 37 39
-1 37 52 53
-1 39 56 55
40 40 51 57
41 41 42 58
28 28 40 41
19 19 22 24
43 43 62 89
44 44 78 88
59 59 43 44
45 45 65 66
46 46 63 64
47 47 68 69
48 48 70 71
49 49 72 73
50 50 74 75
-1 139 22 26
-1 140 24 28
14 14 19 20
20 20 26 28
52 52 79 80
53 53 81 82
56 56 84 85
54 54 -1 83
55 55 -1 83
51 51 76 77
57 57 86 87
60 60 51 57
42 42 59 67
58 58 60 61
61 61 42 58
135 135 -1 139
136 136 -1 140
-1 137 19 135
-1 138 20 136
-1 67 122 123
62 62 59 124
-1 124 122 123
89 89 60 61
63 63 62 89
78 78 77 76
88 88 87 86
64 64 78 88
65 65 92 93
66 66 90 91
122 122 66 65
123 123 63 64
68 68 96 97
69 69 94 95
70 70 100 101
71 71 98 99
72 72 104 105
73 73 102 103
74 74 108 109
75 75 106 107
76 76 125 126
77 77 127 128
-1 125 69 71
-1 126 68 70
-1 127 73 75
-1 128 72 74
79 79 112 113
80 80 110 111
81 81 116 117
82 82 114 115
83 83 133 134
84 84 120 121
85 85 118 119
86 86 129 130
87 87 131 132
-1 129 80 82
-1 130 79 81
-1 131 54 85
-1 132 55 84
-1 133 135 137
-1 134 136 138
