10 10 15 17
15 15 21 23
17 17 25 27
11 11 15 17
-1 21 32 33
-1 23 34 35
16 16 22 24
-1 22 32 33
-1 24 34 35
25 25 40 41
-1 27 42 44
18 18 25 28
-1 28 42 44
12 12 16 18
13 13 16 18
32 32 47 48
33 33 49 50
34 34 51 52
35 35 53 54
40 40 56 57
41 41 55 58
26 26 40 41
42 42 59 60
44 44 46 61
47 47 66 67
48 48 68 69
49 49 70 71
50 50 72 73
51 51 74 75
52 52 76 77
53 53 78 79
54 54 80 81
19 19 30 29
30 30 38 39
29 29 36 37
-1 136 29 155
-1 155 43 45
-1 137 30 26
-1 94 19 20
20 20 26 31
14 14 19 20
-1 36 47 49
-1 37 48 50
-1 38 51 53
-1 39 52 54
-1 31 43 45
56 56 82 83
57 57 84 85
62 62 56 57
55 55 62 63
-1 58 92 93
63 63 55 139
-1 139 92 93
59 59 86 87
60 60 88 89
43 43 59 60
46 46 64 65
61 61 90 91
45 45 46 61
64 64 136 137
65 65 131 132
138 138 65 64
66 66 97 98
67 67 95 96
68 68 101 102
69 69 99 100
70 70 105 106
71 71 103 104
72 72 109 110
73 73 107 108
74 74 113 114
75 75 111 112
76 76 117 118
77 77 115 116
78 78 121 122
79 79 119 120
80 80 125 126
81 81 123 124
82 82 147 148
83 83 145 146
84 84 151 152
85 85 149 150
92 92 138 144
93 93 142 143
-1 140 62 85
-1 141 63 84
86 86 140 141
87 87 153 154
142 142 87 86
88 88 129 130
89 89 127 128
143 143 89 88
90 90 135 94
91 91 133 134
144 144 91 90
-1 145 67 71
-1 146 66 70
-1 147 69 73
-1 148 68 72
-1 149 75 79
-1 150 74 78
-1 151 77 81
-1 152 76 80
-1 153 83 156
-1 156 138 142
-1 154 82 157
-1 157 144 143
