10 10 15 17
15 15 21 23
17 17 25 27
11 11 15 17
-1 21 33 34
-1 23 35 36
16 16 22 24
-1 22 33 34
-1 24 35 36
-1 25 41 42
-1 27 43 44
18 18 26 28
-1 26 41 42
-1 28 43 44
12 12 16 18
13 13 16 18
33 33 50 51
34 34 52 53
35 35 54 55
36 36 56 57
41 41 58 59
42 42 60 61
43 43 62 63
44 44 49 64
50 50 67 68
51 51 69 70
52 52 71 72
53 53 73 74
54 54 75 76
55 55 77 78
56 56 79 80
57 57 81 82
19 19 30 29
30 30 39 40
29 29 37 38
-1 147 29 31
31 31 45 46
-1 148 30 32
32 32 47 48
-1 97 19 20
20 20 32 31
14 14 19 20
-1 37 50 52
-1 38 51 53
-1 39 54 56
-1 40 55 57
58 58 83 84
59 59 85 86
60 60 91 92
61 61 95 96
62 62 94 93
63 63 87 88
49 49 65 66
64 64 89 90
-1 45 58 60
-1 46 59 61
-1 47 62 49
-1 48 63 64
65 65 147 148
66 66 142 143
67 67 100 101
68 68 98 99
69 69 104 105
70 70 102 103
71 71 108 109
72 72 106 107
73 73 112 113
74 74 110 111
75 75 116 117
76 76 114 115
77 77 120 121
78 78 118 119
79 79 124 125
80 80 122 123
81 81 128 129
82 82 126 127
83 83 132 133
84 84 130 131
85 85 136 137
86 86 134 135
91 91 149 150
92 92 152 153
95 95 155 156
96 96 158 159
-1 94 154 160
-1 93 151 157
87 87 140 141
88 88 138 139
89 89 146 97
90 90 144 145
-1 161 68 72
-1 162 67 71
-1 163 70 74
-1 164 69 73
-1 165 76 80
-1 166 75 79
-1 167 78 82
-1 168 77 81
-1 169 86 91
-1 170 85 92
149 149 163 164
150 150 161 162
151 151 150 149
152 152 167 168
153 153 165 166
154 154 153 152
157 157 156 155
-1 177 151 157
160 160 159 158
-1 178 154 160
-1 171 84 95
-1 172 83 96
155 155 169 170
156 156 171 172
158 158 173 174
159 159 175 176
-1 173 88 90
-1 174 87 89
-1 175 66 178
-1 176 65 177
