10 10 15 16
15 15 24 23
-1 16 25 26
11 11 15 17
-1 17 25 26
-1 24 37 36
-1 23 35 38
35 35 60 59
-1 60 37 93
-1 59 35 38
25 25 39 40
26 26 41 42
38 38 69 67
37 37 63 65
-1 36 61 62
-1 93 61 62
39 39 82 80
40 40 85 87
61 61 39 40
41 41 89 91
42 42 78 76
62 62 41 42
63 63 94 95
65 65 96 97
175 175 63 65
94 94 153 154
95 95 151 152
64 64 95 94
96 96 157 158
97 97 155 156
66 66 97 96
69 69 98 99
67 67 -1 117
176 176 69 68
68 68 -1 118
-1 117 165 163
-1 118 165 164
98 98 161 162
99 99 159 160
70 70 99 98
82 82 108 107
80 80 106 105
85 85 109 110
87 87 111 112
89 89 113 114
91 91 115 116
177 177 89 91
78 78 104 103
76 76 102 101
178 178 78 76
12 12 18 19
18 18 28 27
-1 19 29 30
13 13 18 20
-1 20 29 30
-1 28 45 44
-1 27 43 47
43 43 72 71
-1 72 45 100
-1 71 43 47
29 29 49 51
30 30 53 54
47 47 66 64
45 45 75 77
-1 44 73 74
-1 100 73 74
49 49 86 88
51 51 90 92
73 73 49 51
53 53 79 81
54 54 70 67
74 74 53 54
75 75 101 102
77 77 103 104
46 46 75 77
101 101 149 150
102 102 147 148
103 103 145 146
104 104 143 144
48 48 66 64
86 86 110 109
88 88 112 111
50 50 86 88
90 90 114 113
92 92 116 115
52 52 90 92
79 79 105 106
81 81 107 108
14 14 21 22
21 21 33 34
22 22 31 32
-1 166 21 163
163 163 -1 168
-1 167 22 164
164 164 -1 168
31 31 55 56
32 32 57 58
-1 33 46 50
-1 34 48 52
-1 55 79 32
-1 56 81 31
-1 57 70 83
-1 83 46 50
-1 58 68 84
-1 84 48 52
105 105 125 126
106 106 123 124
107 107 121 122
108 108 119 120
-1 169 173 171
-1 173 175 177
171 171 179 180
-1 170 174 172
-1 174 176 178
172 172 181 182
168 168 169 170
-1 179 82 172
-1 180 80 171
-1 181 85 183
-1 183 175 177
-1 182 87 184
-1 184 176 178
109 109 129 130
110 110 127 128
111 111 133 134
112 112 131 132
113 113 137 138
114 114 135 136
115 115 141 142
116 116 139 140
165 165 166 167
