10 10 15 17
15 15 21 23
17 17 25 27
11 11 15 17
-1 21 32 33
-1 23 34 35
16 16 22 24
-1 22 32 33
-1 24 34 35
25 25 40 41
-1 27 42 44
18 18 25 28
-1 28 42 44
12 12 16 18
13 13 16 18
32 32 46 47
33 33 48 49
34 34 50 51
35 35 52 53
40 40 55 56
41 41 54 57
26 26 40 41
42 42 58 59
44 44 60 61
46 46 64 65
47 47 66 67
48 48 68 69
49 49 70 71
50 50 72 73
51 51 74 75
52 52 76 77
53 53 78 79
19 19 30 29
30 30 38 39
29 29 36 37
-1 155 29 159
-1 159 43 45
-1 156 30 26
14 14 19 20
20 20 26 31
-1 36 46 48
-1 37 47 49
-1 38 50 52
-1 39 51 53
-1 31 43 45
55 55 80 81
56 56 82 83
62 62 55 56
54 54 62 63
-1 57 92 93
63 63 54 138
-1 138 92 93
58 58 84 85
59 59 86 87
43 43 58 59
60 60 88 89
61 61 90 91
45 45 60 61
-1 136 19 155
-1 137 20 156
64 64 96 97
65 65 94 95
66 66 100 101
67 67 98 99
68 68 104 105
69 69 102 103
70 70 108 109
71 71 106 107
72 72 112 113
73 73 110 111
74 74 116 117
75 75 114 115
76 76 120 121
77 77 118 119
78 78 124 125
79 79 122 123
80 80 147 148
81 81 145 146
82 82 151 152
83 83 149 150
92 92 143 144
93 93 141 142
-1 139 62 83
-1 140 63 82
84 84 139 140
85 85 153 154
141 141 85 84
86 86 128 129
87 87 126 127
142 142 87 86
88 88 136 137
89 89 130 131
143 143 89 88
90 90 134 135
91 91 132 133
144 144 91 90
-1 145 65 69
-1 146 64 68
-1 147 67 71
-1 148 66 70
-1 149 73 77
-1 150 72 76
-1 151 75 79
-1 152 74 78
-1 153 81 157
-1 157 143 141
-1 154 80 158
-1 158 144 142
