10 10 15 16
15 15 21 22
16 16 23 24
11 11 15 16
-1 21 29 30
-1 22 31 32
-1 23 37 38
-1 24 39 40
-1 155 163 167
-1 163 29 30
-1 167 198 202
-1 156 164 168
-1 164 31 32
-1 168 197 201
29 29 48 49
30 30 50 51
31 31 52 53
32 32 54 55
-1 157 165 169
-1 165 37 38
-1 169 195 200
-1 158 166 170
-1 166 39 179
-1 170 196 199
37 37 56 57
38 38 58 59
39 39 60 61
40 40 -1 45
179 179 -1 45
150 150 155 156
152 152 159 160
-1 159 174 178
-1 160 173 177
-1 174 182 184
-1 178 190 192
-1 198 182 184
-1 202 190 192
-1 173 181 183
-1 177 189 191
-1 197 181 183
-1 201 189 191
151 151 157 158
-1 195 194 179
-1 200 186 188
-1 196 180 193
-1 199 185 187
161 161 171 172
-1 171 194 40
-1 172 180 193
162 162 176 175
-1 176 186 188
-1 175 185 187
48 48 62 63
49 49 64 65
50 50 66 67
51 51 68 69
52 52 70 71
53 53 72 73
54 54 74 75
55 55 76 77
17 17 25 26
25 25 33 34
26 26 35 36
18 18 26 25
12 12 17 19
19 19 27 28
13 13 17 19
-1 94 18 20
20 20 28 27
14 14 18 20
-1 33 48 50
-1 34 49 51
-1 35 52 54
-1 36 53 55
56 56 78 79
57 57 80 81
58 58 82 83
59 59 84 85
60 60 86 87
61 61 88 89
45 45 90 91
27 27 41 42
28 28 43 44
-1 41 56 58
-1 42 57 59
-1 43 60 46
46 46 -1 92
-1 44 61 47
47 47 -1 93
-1 92 151 152
-1 93 150 153
180 180 46 47
62 62 97 98
63 63 95 96
181 181 63 62
64 64 101 102
65 65 99 100
182 182 65 64
66 66 105 106
67 67 103 104
183 183 67 66
68 68 109 110
69 69 107 108
184 184 69 68
70 70 113 114
71 71 111 112
185 185 71 70
72 72 117 118
73 73 115 116
186 186 73 72
74 74 121 122
75 75 119 120
187 187 75 74
76 76 125 126
77 77 123 124
188 188 77 76
78 78 129 130
79 79 127 128
189 189 79 78
80 80 133 134
81 81 131 132
190 190 81 80
82 82 137 138
83 83 135 136
191 191 83 82
84 84 141 142
85 85 139 140
192 192 85 84
86 86 145 146
87 87 143 144
193 193 87 86
88 88 149 94
89 89 147 148
194 194 89 88
-1 90 150 154
-1 154 162 161
-1 91 151 152
-1 153 162 161
