10 10 15 16
15 15 21 23
16 16 25 27
11 11 15 16
21 21 29 31
23 23 33 35
25 25 37 38
27 27 39 40
-1 239 21 243
243 243 -1 249
-1 240 23 244
244 244 -1 250
-1 29 42 43
-1 31 44 45
22 22 30 32
-1 30 42 43
-1 32 44 45
-1 33 47 48
-1 35 49 50
24 24 34 36
-1 34 47 48
-1 36 49 50
-1 241 25 245
245 245 -1 251
-1 242 27 246
246 246 -1 252
37 37 46 51
38 38 52 53
26 26 37 38
39 39 54 55
-1 40 56 57
28 28 39 41
-1 41 56 58
-1 211 239 243
-1 212 240 244
-1 249 63 59
-1 250 62 60
63 63 92 93
59 59 46 51
62 62 90 91
60 60 52 53
-1 213 241 245
-1 214 242 246
-1 251 65 61
-1 252 64 254
65 65 96 97
61 61 98 99
64 64 94 95
-1 254 100 255
17 17 22 24
18 18 22 24
42 42 67 68
43 43 69 70
44 44 71 72
45 45 73 74
47 47 75 76
48 48 77 78
49 49 79 80
50 50 81 82
12 12 17 19
19 19 26 28
13 13 17 19
-1 147 18 20
20 20 26 28
14 14 18 20
46 46 62 63
51 51 64 65
52 52 59 60
53 53 61 66
-1 54 83 84
-1 55 85 86
-1 98 83 84
-1 99 85 216
56 56 87 88
57 57 -1 89
58 58 -1 89
67 67 102 103
68 68 104 105
69 69 106 107
70 70 108 109
71 71 110 111
72 72 112 113
73 73 114 115
74 74 116 117
-1 90 67 69
-1 91 68 70
-1 92 71 73
-1 93 72 74
75 75 118 119
76 76 120 121
77 77 122 123
78 78 124 125
79 79 126 127
80 80 128 129
81 81 130 131
82 82 132 133
-1 94 75 77
-1 95 76 78
-1 96 79 81
-1 97 80 82
-1 66 100 101
83 83 134 135
84 84 136 139
85 85 137 138
-1 86 146 57
-1 216 146 58
87 87 140 141
88 88 142 143
100 100 87 88
89 89 144 145
101 101 -1 222
255 255 -1 222
222 222 145 144
102 102 150 151
103 103 148 149
104 104 154 155
105 105 152 153
106 106 158 159
107 107 156 157
108 108 162 163
109 109 160 161
110 110 166 167
111 111 164 165
112 112 170 171
113 113 168 169
114 114 174 175
115 115 172 173
116 116 178 179
117 117 176 177
118 118 182 183
119 119 180 181
120 120 186 187
121 121 184 185
122 122 190 191
123 123 188 189
124 124 194 195
125 125 192 193
126 126 198 199
127 127 196 197
128 128 202 203
129 129 200 201
130 130 233 234
131 131 231 232
132 132 237 238
133 133 235 236
134 134 225 226
135 135 223 224
136 136 217 218
-1 139 215 219
137 137 229 230
138 138 227 228
215 215 138 137
146 146 220 221
-1 217 135 136
-1 218 134 247
-1 247 215 253
-1 219 248 101
-1 253 248 255
248 248 220 221
140 140 206 207
141 141 204 205
220 220 141 140
142 142 210 147
143 143 208 209
221 221 143 142
144 144 211 212
145 145 213 214
-1 223 103 107
-1 224 102 106
-1 225 105 109
-1 226 104 108
-1 227 111 115
-1 228 110 114
-1 229 113 117
-1 230 112 116
-1 231 119 123
-1 232 118 122
-1 233 121 125
-1 234 120 124
-1 235 127 131
-1 236 126 130
-1 237 129 133
-1 238 128 132
