10 10 15 17
-1 15 25 27
-1 17 29 31
11 11 16 18
-1 16 26 28
-1 18 30 32
-1 25 45 47
-1 27 49 51
-1 26 45 47
-1 28 49 51
-1 29 53 55
-1 31 57 59
-1 30 53 55
-1 32 57 59
45 45 69 71
47 47 73 75
49 49 77 79
51 51 81 83
53 53 85 87
55 55 89 91
57 57 93 95
59 59 97 99
12 12 19 21
-1 19 33 35
-1 21 37 39
13 13 20 22
-1 20 34 36
-1 22 38 40
-1 33 46 48
-1 35 50 52
-1 34 46 48
-1 36 50 52
-1 37 54 56
-1 39 58 60
-1 38 54 56
-1 40 58 60
46 46 69 71
48 48 73 75
50 50 77 79
52 52 81 83
54 54 85 87
56 56 89 91
58 58 93 95
60 60 97 99
69 69 101 102
71 71 103 104
73 73 105 106
75 75 107 108
77 77 109 110
79 79 111 112
81 81 113 114
83 83 115 116
85 85 117 118
87 87 119 120
89 89 121 122
91 91 123 124
93 93 125 126
95 95 127 128
97 97 129 132
99 99 130 131
101 101 136 137
102 102 134 135
70 70 102 101
103 103 140 141
104 104 138 139
72 72 104 103
105 105 144 145
106 106 142 143
74 74 106 105
107 107 148 149
108 108 146 147
76 76 108 107
109 109 152 153
110 110 150 151
78 78 110 109
111 111 156 157
112 112 154 155
80 80 112 111
113 113 160 161
114 114 158 159
82 82 114 113
115 115 164 165
116 116 162 163
84 84 116 115
117 117 168 169
118 118 166 167
86 86 118 117
119 119 172 173
120 120 170 171
88 88 120 119
121 121 176 177
122 122 174 175
90 90 122 121
123 123 180 181
124 124 178 179
92 92 124 123
125 125 184 185
126 126 182 183
94 94 126 125
127 127 188 189
128 128 186 187
96 96 128 127
129 129 190 191
-1 132 198 196
98 98 129 133
-1 133 198 197
130 130 194 195
131 131 192 193
100 100 131 130
-1 196 199 201
-1 199 205 207
-1 201 209 211
-1 197 200 202
-1 200 206 208
-1 202 210 212
198 198 203 204
-1 205 217 218
-1 207 219 220
-1 206 217 218
-1 208 219 220
-1 209 221 222
-1 211 223 224
-1 210 221 222
-1 212 223 224
217 217 76 74
218 218 72 70
219 219 84 82
220 220 80 78
221 221 92 90
222 222 88 86
223 223 100 98
224 224 96 94
-1 203 213 214
-1 204 215 216
14 14 23 24
-1 23 41 42
-1 24 43 44
-1 213 61 62
-1 214 63 64
-1 41 61 62
-1 42 63 64
-1 215 65 66
-1 216 67 68
-1 43 65 66
-1 44 67 68
61 61 76 74
62 62 72 70
63 63 84 82
64 64 80 78
65 65 92 90
66 66 88 86
67 67 100 98
68 68 96 94
