11 11 17 19
17 17 25 26
19 19 27 28
12 12 17 19
25 25 35 37
26 26 39 41
18 18 25 26
27 27 45 47
28 28 33 43
20 20 27 28
13 13 18 20
14 14 18 20
35 35 59 60
37 37 61 62
49 49 35 37
39 39 57 54
41 41 53 56
50 50 39 41
45 45 63 64
-1 47 65 67
51 51 45 69
-1 69 65 67
33 33 49 50
43 43 51 52
52 52 33 43
34 34 49 50
59 59 76 77
60 60 79 80
36 36 59 60
61 61 82 83
62 62 85 86
38 38 61 62
-1 57 75 81
-1 54 71 78
40 40 58 55
-1 58 75 81
-1 55 71 78
53 53 70 72
56 56 73 74
42 42 53 56
29 29 34 44
44 44 51 52
119 119 34 44
63 63 88 89
64 64 91 92
46 46 63 64
65 65 84 87
67 67 93 90
15 15 21 23
21 21 30 31
23 23 32 29
-1 120 21 127
-1 127 122 124
-1 121 23 128
-1 128 123 119
30 30 36 38
31 31 40 42
22 22 30 31
32 32 46 48
24 24 32 29
-1 130 22 24
16 16 22 24
122 122 36 38
123 123 40 42
-1 48 66 68
124 124 46 129
-1 129 66 68
70 70 122 123
72 72 124 119
71 71 70 72
66 66 84 87
68 68 93 90
78 78 77 76
73 73 97 98
74 74 95 96
75 75 74 73
81 81 80 79
76 76 101 102
77 77 99 100
79 79 105 106
80 80 103 104
82 82 109 110
83 83 107 108
84 84 83 82
85 85 113 114
86 86 111 112
87 87 86 85
88 88 120 121
89 89 115 116
90 90 89 88
91 91 -1 94
92 92 117 118
93 93 92 91
-1 94 125 126
125 125 -1 130
-1 126 125 16
