11 11 17 19
17 17 25 26
19 19 27 28
12 12 17 19
25 25 35 37
26 26 39 41
18 18 25 26
27 27 44 46
28 28 33 42
20 20 27 28
13 13 18 20
14 14 18 20
35 35 53 54
37 37 55 56
49 49 35 37
39 39 57 58
-1 41 59 61
50 50 39 67
-1 67 59 129
44 44 63 64
46 46 65 66
51 51 44 46
33 33 49 50
42 42 51 52
52 52 33 42
34 34 49 50
53 53 69 70
54 54 71 68
36 36 53 54
55 55 72 73
56 56 74 75
38 38 55 56
57 57 76 77
58 58 78 79
40 40 57 58
59 59 80 81
-1 61 90 92
-1 129 90 92
29 29 34 43
43 43 51 52
68 68 34 43
63 63 82 83
64 64 84 85
45 45 63 64
65 65 86 87
66 66 88 89
47 47 65 66
15 15 21 23
21 21 30 31
23 23 32 29
-1 124 21 137
-1 137 69 71
-1 125 23 138
-1 138 70 68
30 30 36 38
31 31 40 48
22 22 30 31
32 32 45 47
24 24 32 29
-1 136 22 24
16 16 22 24
69 69 36 38
-1 48 60 62
70 70 40 126
-1 126 60 139
71 71 45 47
60 60 81 80
-1 62 91 93
-1 139 91 93
72 72 97 98
73 73 95 96
74 74 101 102
75 75 99 100
76 76 105 106
77 77 103 104
127 127 77 76
78 78 109 110
79 79 107 108
128 128 79 78
80 80 134 135
81 81 132 133
90 90 127 128
92 92 130 131
91 91 127 128
93 93 130 131
82 82 113 114
83 83 111 112
84 84 117 118
85 85 115 116
86 86 124 125
87 87 119 120
130 130 87 86
88 88 123 94
89 89 121 122
131 131 89 88
-1 132 73 83
-1 133 72 82
-1 134 75 85
-1 135 74 84
-1 94 16 136
