11 11 17 19
17 17 25 27
19 19 29 30
12 12 17 19
25 25 33 34
27 27 35 36
18 18 25 27
29 29 37 39
30 30 41 43
20 20 29 30
13 13 18 20
14 14 18 20
33 33 45 46
34 34 47 48
26 26 33 34
35 35 49 50
36 36 51 52
28 28 35 36
37 37 53 54
39 39 57 55
41 41 58 60
43 43 62 63
21 21 26 28
22 22 26 28
45 45 64 65
46 46 66 67
181 181 45 46
47 47 68 69
-1 48 87 88
182 182 47 185
-1 185 87 88
-1 49 89 90
-1 50 91 92
183 183 186 187
-1 186 89 90
-1 187 91 92
51 51 70 71
52 52 72 73
184 184 51 52
15 15 21 23
23 23 31 32
-1 167 22 24
24 24 31 32
16 16 22 24
-1 168 37 181
-1 169 39 182
53 53 74 75
54 54 76 77
38 38 53 54
57 57 79 80
55 55 -1 78
40 40 57 56
56 56 -1 78
-1 170 41 183
-1 171 43 184
58 58 -1 81
60 60 -1 82
42 42 59 61
59 59 -1 81
61 61 -1 82
62 62 83 84
63 63 85 86
44 44 62 63
-1 149 21 153
153 153 -1 174
-1 150 23 154
154 154 -1 175
31 31 38 40
32 32 42 44
172 172 38 40
173 173 42 44
-1 174 172 176
176 176 181 182
-1 175 173 177
177 177 183 184
-1 151 172 159
159 159 -1 170
-1 152 173 160
160 160 -1 171
-1 155 176 157
157 157 -1 168
-1 156 177 158
158 158 -1 169
-1 128 155 157
-1 129 156 158
-1 130 151 159
-1 131 152 160
64 64 96 97
65 65 94 95
66 66 100 101
67 67 98 99
68 68 140 141
69 69 138 139
132 132 69 68
87 87 132 142
88 88 143 144
89 89 133 134
90 90 136 137
91 91 135 55
92 92 58 60
70 70 104 105
71 71 102 103
133 133 71 70
72 72 108 109
73 73 106 107
134 134 73 72
74 74 112 113
75 75 110 111
76 76 116 117
77 77 114 115
78 78 145 146
79 79 120 121
80 80 118 119
135 135 80 79
81 81 128 129
82 82 130 131
83 83 124 125
84 84 122 123
136 136 84 83
85 85 -1 93
86 86 126 127
137 137 86 85
-1 138 65 75
-1 139 64 74
-1 140 67 77
-1 141 66 76
-1 142 161 162
161 161 132 178
-1 178 161 162
-1 143 163 164
-1 144 165 166
162 162 179 180
-1 179 163 164
-1 180 165 166
163 163 133 134
164 164 136 137
165 165 135 56
166 166 59 61
-1 145 153 149
-1 146 154 150
-1 93 147 148
147 147 -1 167
-1 148 147 16
