11 11 17 19
17 17 25 27
19 19 29 31
12 12 17 19
25 25 33 34
27 27 35 36
18 18 25 27
29 29 37 38
31 31 40 41
20 20 29 31
13 13 18 20
14 14 18 20
33 33 42 43
34 34 44 45
26 26 33 34
35 35 46 47
36 36 48 49
28 28 35 36
37 37 50 51
-1 38 52 53
30 30 37 39
-1 39 52 53
40 40 54 55
41 41 56 57
32 32 40 41
21 21 26 28
22 22 26 28
42 42 58 59
43 43 60 61
189 189 42 43
44 44 62 63
45 45 64 65
190 190 44 45
46 46 66 67
47 47 68 69
191 191 46 47
48 48 70 71
49 49 72 73
192 192 48 49
15 15 21 23
23 23 30 32
-1 148 22 24
24 24 30 32
16 16 22 24
50 50 74 75
51 51 76 77
193 193 50 51
52 52 82 83
53 53 84 85
54 54 -1 86
55 55 -1 87
194 194 181 182
181 181 -1 198
182 182 -1 199
56 56 78 79
57 57 80 81
195 195 56 57
-1 134 21 149
-1 149 173 179
-1 135 23 150
-1 150 176 180
173 173 189 190
58 58 91 92
59 59 89 90
60 60 95 96
61 61 93 94
62 62 99 100
63 63 97 98
64 64 103 104
65 65 101 102
-1 174 189 197
-1 197 200 201
-1 175 190 193
176 176 191 192
66 66 107 108
67 67 105 106
68 68 111 112
69 69 109 110
70 70 115 116
71 71 113 114
72 72 119 120
73 73 117 118
-1 177 191 194
-1 178 192 195
179 179 193 196
-1 196 200 201
74 74 123 124
75 75 121 122
76 76 127 128
77 77 125 126
82 82 138 139
83 83 140 141
200 200 82 83
84 84 142 143
85 85 144 145
201 201 84 85
180 180 194 195
-1 86 146 136
-1 198 146 183
-1 87 147 137
-1 199 147 184
78 78 134 135
79 79 129 130
80 80 133 88
81 81 131 132
-1 151 173 136
136 136 -1 169
-1 152 176 183
183 183 -1 169
-1 153 59 55
-1 154 58 182
-1 155 61 54
-1 156 60 181
-1 157 63 79
-1 158 62 78
-1 159 65 81
-1 160 64 80
-1 161 67 187
-1 187 139 143
-1 162 66 188
-1 188 138 142
-1 163 69 185
-1 185 141 145
-1 164 68 186
-1 186 140 144
-1 165 71 75
-1 166 70 74
-1 167 73 77
-1 168 72 76
169 169 174 175
137 137 -1 170
170 170 177 178
184 184 -1 170
-1 171 179 137
-1 172 180 184
138 138 159 160
139 139 157 158
140 140 155 156
141 141 153 154
142 142 167 168
143 143 165 166
144 144 163 164
145 145 161 162
146 146 151 152
147 147 171 172
-1 88 16 148
