11 11 17 19
17 17 25 27
19 19 29 31
12 12 17 19
25 25 33 34
27 27 35 36
18 18 25 27
29 29 37 38
31 31 40 41
20 20 29 31
13 13 18 20
14 14 18 20
33 33 42 43
34 34 44 45
26 26 33 34
35 35 46 47
36 36 48 49
28 28 35 36
37 37 50 51
-1 38 52 53
30 30 37 39
-1 39 52 53
40 40 54 55
41 41 56 57
32 32 40 41
21 21 26 28
22 22 26 28
42 42 58 59
43 43 60 61
182 182 42 43
44 44 62 63
45 45 64 65
183 183 44 45
46 46 66 67
47 47 68 69
184 184 46 47
48 48 70 71
49 49 72 73
185 185 48 49
15 15 21 23
23 23 30 32
-1 181 22 24
24 24 30 32
16 16 22 24
50 50 74 75
51 51 76 77
186 186 50 51
52 52 86 87
53 53 88 89
54 54 78 79
55 55 80 81
187 187 54 55
56 56 82 83
57 57 84 85
188 188 56 57
-1 139 21 163
-1 163 155 161
-1 140 23 164
-1 164 158 162
155 155 182 183
58 58 93 94
59 59 91 92
60 60 97 98
61 61 95 96
62 62 101 102
63 63 99 100
64 64 105 106
65 65 103 104
-1 156 182 190
-1 190 195 196
-1 157 183 186
158 158 184 185
66 66 109 110
67 67 107 108
68 68 113 114
69 69 111 112
70 70 117 118
71 71 115 116
72 72 121 122
73 73 119 120
-1 159 184 187
-1 160 185 188
161 161 186 189
-1 189 195 196
74 74 125 126
75 75 123 124
76 76 129 130
77 77 127 128
86 86 145 146
87 87 147 148
195 195 86 87
88 88 149 150
89 89 151 152
196 196 88 89
162 162 187 188
78 78 141 142
79 79 143 144
80 80 133 134
81 81 131 132
82 82 139 140
83 83 135 136
84 84 -1 90
85 85 137 138
-1 141 155 156
-1 142 158 157
-1 165 59 79
-1 166 58 78
-1 167 61 81
-1 168 60 80
-1 169 63 83
-1 170 62 82
-1 171 65 85
-1 172 64 84
-1 173 67 193
-1 193 146 150
-1 174 66 194
-1 194 145 149
-1 175 69 191
-1 191 148 152
-1 176 68 192
-1 192 147 151
-1 177 71 75
-1 178 70 74
-1 179 73 77
-1 180 72 76
-1 143 161 159
-1 144 162 160
145 145 171 172
146 146 169 170
147 147 167 168
148 148 165 166
149 149 179 180
150 150 177 178
151 151 175 176
152 152 173 174
-1 90 153 154
153 153 -1 181
-1 154 153 16
