11 11 17 19
17 17 25 27
19 19 29 30
12 12 17 19
25 25 33 34
27 27 35 36
18 18 25 27
29 29 37 39
30 30 41 43
20 20 29 30
13 13 18 20
14 14 18 20
33 33 46 47
34 34 48 49
26 26 33 34
35 35 50 51
36 36 52 53
28 28 35 36
37 37 54 55
39 39 56 57
41 41 45 58
43 43 59 60
21 21 26 28
22 22 26 28
46 46 63 64
47 47 65 66
174 174 46 47
48 48 67 68
-1 49 87 88
175 175 48 181
-1 181 87 88
-1 50 89 90
-1 51 91 92
176 176 182 183
-1 182 89 90
-1 183 91 92
52 52 69 70
53 53 71 72
177 177 52 53
15 15 21 23
23 23 31 32
-1 157 22 24
24 24 31 32
16 16 22 24
-1 158 37 174
-1 159 39 175
54 54 73 74
55 55 75 76
38 38 54 55
56 56 77 78
57 57 79 80
40 40 56 57
-1 160 41 176
-1 161 43 177
45 45 61 62
58 58 81 82
42 42 45 58
59 59 83 84
60 60 85 86
44 44 59 60
-1 135 21 164
-1 164 162 166
-1 136 23 165
-1 165 163 167
31 31 38 40
32 32 42 44
162 162 38 40
163 163 42 44
166 166 174 175
167 167 176 177
-1 137 162 160
-1 138 163 161
-1 139 166 158
-1 140 167 159
61 61 139 140
62 62 137 138
141 141 62 61
63 63 96 97
64 64 94 95
65 65 100 101
66 66 98 99
67 67 152 153
68 68 150 151
142 142 68 67
87 87 142 154
88 88 155 156
89 89 143 144
90 90 148 149
91 91 145 146
92 92 141 147
69 69 104 105
70 70 102 103
143 143 70 69
71 71 108 109
72 72 106 107
144 144 72 71
73 73 112 113
74 74 110 111
75 75 116 117
76 76 114 115
77 77 120 121
78 78 118 119
145 145 78 77
79 79 124 125
80 80 122 123
146 146 80 79
81 81 135 136
82 82 126 127
147 147 82 81
83 83 130 131
84 84 128 129
148 148 84 83
85 85 134 93
86 86 132 133
149 149 86 85
-1 150 64 74
-1 151 63 73
-1 152 66 76
-1 153 65 75
-1 154 168 169
168 168 142 178
-1 178 168 169
-1 155 170 171
-1 156 172 173
169 169 179 180
-1 179 170 171
-1 180 172 173
170 170 143 144
171 171 148 149
172 172 145 146
173 173 141 147
-1 93 16 157
