11 11 17 19
17 17 25 27
19 19 29 31
12 12 17 19
25 25 33 34
27 27 35 36
18 18 25 27
29 29 37 38
31 31 40 41
20 20 29 31
13 13 18 20
14 14 18 20
33 33 42 43
34 34 44 45
26 26 33 34
35 35 46 47
36 36 48 49
28 28 35 36
37 37 50 51
-1 38 52 53
30 30 37 39
-1 39 52 53
40 40 54 55
41 41 57 56
32 32 40 41
21 21 26 28
22 22 26 28
42 42 58 59
43 43 60 61
191 191 42 43
44 44 62 63
45 45 64 65
192 192 44 45
46 46 66 67
47 47 68 69
193 193 46 47
48 48 70 71
49 49 72 73
194 194 48 49
15 15 21 23
23 23 30 32
-1 145 22 24
24 24 30 32
16 16 22 24
50 50 74 75
51 51 76 77
195 195 50 51
52 52 80 81
53 53 82 83
54 54 -1 84
55 55 -1 85
196 196 179 180
179 179 -1 200
180 180 -1 201
57 57 78 79
56 56 -1 86
197 197 57 181
181 181 -1 202
-1 146 21 133
133 133 -1 168
-1 147 23 186
186 186 -1 168
171 171 191 192
58 58 90 91
59 59 88 89
60 60 94 95
61 61 92 93
62 62 98 99
63 63 96 97
64 64 102 103
65 65 100 101
-1 172 191 199
-1 199 203 204
-1 173 192 195
174 174 193 194
66 66 106 107
67 67 104 105
68 68 110 111
69 69 108 109
70 70 114 115
71 71 112 113
72 72 118 119
73 73 116 117
-1 175 193 196
-1 176 194 197
177 177 195 198
-1 198 203 204
74 74 122 123
75 75 120 121
76 76 126 127
77 77 124 125
80 80 134 135
81 81 136 137
203 203 80 81
82 82 138 139
83 83 140 141
204 204 82 83
178 178 196 197
-1 84 142 131
-1 200 142 184
-1 85 143 132
-1 201 143 185
-1 86 144 133
-1 202 144 186
78 78 130 87
79 79 128 129
-1 182 171 177
-1 183 174 178
-1 148 171 131
131 131 -1 166
-1 149 174 184
184 184 -1 166
-1 150 59 55
-1 151 58 180
-1 152 61 54
-1 153 60 179
-1 154 63 56
-1 155 62 181
-1 156 65 79
-1 157 64 78
-1 158 67 189
-1 189 135 139
-1 159 66 190
-1 190 134 138
-1 160 69 187
-1 187 137 141
-1 161 68 188
-1 188 136 140
-1 162 71 75
-1 163 70 74
-1 164 73 77
-1 165 72 76
166 166 172 173
132 132 -1 167
167 167 175 176
185 185 -1 167
168 168 182 183
-1 169 177 132
-1 170 178 185
134 134 156 157
135 135 154 155
136 136 152 153
137 137 150 151
138 138 164 165
139 139 162 163
140 140 160 161
141 141 158 159
142 142 148 149
143 143 169 170
144 144 146 147
-1 87 16 145
