11 11 17 19
17 17 25 27
19 19 29 31
12 12 17 19
25 25 33 34
27 27 36 38
18 18 25 27
29 29 40 42
31 31 44 45
20 20 29 31
13 13 18 20
14 14 18 20
33 33 46 47
-1 34 48 49
26 26 33 35
-1 35 48 49
-1 36 50 51
-1 38 52 53
28 28 37 39
-1 37 50 51
-1 39 52 53
-1 40 54 55
-1 42 56 57
30 30 41 43
-1 41 54 55
-1 43 56 58
44 44 59 60
45 45 61 62
32 32 44 45
21 21 26 28
22 22 26 28
46 46 64 65
47 47 66 67
270 270 46 47
48 48 68 69
49 49 70 71
50 50 72 73
51 51 74 75
52 52 76 77
53 53 78 79
15 15 21 23
23 23 30 32
-1 261 22 24
24 24 30 32
16 16 22 24
54 54 80 81
55 55 82 83
56 56 84 85
57 57 -1 86
58 58 -1 86
59 59 88 89
60 60 90 91
271 271 59 60
61 61 63 93
62 62 87 92
272 272 61 62
-1 217 21 251
-1 251 262 268
-1 218 23 252
-1 252 265 269
262 262 270 273
-1 273 279 280
64 64 100 155
65 65 139 152
94 94 64 65
66 66 145 142
67 67 151 148
95 95 66 67
68 68 105 106
69 69 107 108
279 279 68 69
70 70 101 102
71 71 103 104
280 280 70 71
-1 263 270 277
277 277 285 286
-1 264 274 278
-1 274 279 280
278 278 287 288
72 72 109 110
73 73 111 112
74 74 113 114
75 75 115 116
76 76 117 118
77 77 119 120
78 78 121 122
79 79 123 124
265 265 275 276
275 275 281 282
276 276 283 284
-1 266 276 271
-1 267 275 272
-1 281 72 74
-1 282 73 75
-1 283 76 78
-1 284 77 79
80 80 125 126
81 81 127 128
82 82 129 130
83 83 131 132
84 84 133 134
85 85 135 136
86 86 137 138
268 268 278 277
-1 285 80 82
-1 286 81 83
-1 287 84 249
249 249 -1 138
-1 288 85 250
250 250 -1 137
138 138 230 231
137 137 228 229
269 269 271 272
88 88 140 141
89 89 143 144
96 96 88 89
90 90 146 147
91 91 149 150
97 97 90 91
63 63 94 95
-1 93 153 154
98 98 63 227
-1 227 153 154
87 87 96 97
92 92 98 99
99 99 87 92
-1 253 262 255
255 255 -1 263
-1 254 265 256
256 256 -1 264
100 100 94 95
-1 155 232 233
101 101 100 234
-1 234 232 233
139 139 96 97
152 152 98 99
102 102 139 152
145 145 144 143
142 142 141 140
103 103 145 142
151 151 150 149
148 148 147 146
104 104 151 148
105 105 159 160
106 106 157 158
219 219 106 105
107 107 163 164
108 108 161 162
220 220 108 107
221 221 101 102
222 222 103 104
109 109 167 168
110 110 165 166
111 111 171 172
112 112 169 170
113 113 175 176
114 114 173 174
115 115 179 180
116 116 177 178
117 117 183 184
118 118 181 182
119 119 187 188
120 120 185 186
121 121 191 192
122 122 189 190
123 123 195 196
124 124 193 194
257 257 -1 266
258 258 -1 267
-1 259 268 257
-1 260 269 258
125 125 199 200
126 126 197 198
127 127 203 204
128 128 201 202
129 129 207 208
130 130 205 206
131 131 211 212
132 132 209 210
133 133 217 218
134 134 213 214
135 135 -1 156
136 136 215 216
-1 223 57 136
-1 224 58 135
-1 225 249 134
-1 226 250 133
140 140 237 238
141 141 235 236
143 143 241 242
144 144 239 240
146 146 245 246
147 147 243 244
149 149 223 224
150 150 225 226
153 153 219 220
154 154 221 222
-1 228 255 253
-1 229 256 254
-1 230 257 259
-1 231 258 260
232 232 219 220
233 233 221 222
-1 235 110 114
-1 236 109 113
-1 237 112 116
-1 238 111 115
-1 239 118 122
-1 240 117 121
-1 241 120 124
-1 242 119 123
-1 243 126 130
-1 244 125 129
-1 245 128 132
-1 246 127 131
-1 156 247 248
247 247 -1 261
-1 248 247 16
