34 34 18 20
18 18 28 26
20 20 30 32
12 12 18 20
26 26 34 37
37 37 54 55
27 27 34 37
28 28 35 36
19 19 28 26
30 30 38 39
32 32 40 41
21 21 30 32
13 13 21 19
14 14 21 19
15 15 22 24
22 22 27 33
24 24 29 31
16 16 22 24
33 33 40 41
23 23 27 33
29 29 35 36
31 31 38 39
25 25 29 31
-1 56 25 23
17 17 25 23
35 35 42 43
36 36 52 51
38 38 44 45
39 39 46 47
40 40 48 49
41 41 50 53
42 42 59 60
43 43 57 58
74 74 43 42
52 52 75 76
51 51 74 77
75 75 52 51
54 54 81 80
55 55 78 79
76 76 54 55
44 44 63 64
45 45 61 62
77 77 45 44
46 46 69 70
47 47 67 68
78 78 47 46
48 48 73 56
49 49 71 72
79 79 49 48
50 50 65 66
53 53 75 76
80 80 50 53
81 81 82 83
-1 84 74 78
-1 85 77 79
-1 86 81 83
83 83 84 85
-1 87 80 82
82 82 86 87
