12 12 18 20
18 18 24 26
20 20 28 30
13 13 18 20
-1 24 36 37
-1 26 38 39
19 19 25 27
-1 25 36 37
-1 27 38 39
-1 28 45 40
-1 30 46 47
21 21 29 31
-1 29 45 40
-1 31 46 47
14 14 19 21
15 15 19 21
36 36 52 53
37 37 54 55
38 38 56 57
39 39 58 59
45 45 61 62
40 40 60 67
46 46 63 64
47 47 65 66
52 52 74 75
53 53 72 73
54 54 78 79
55 55 76 77
56 56 82 83
57 57 80 81
58 58 86 87
59 59 84 85
60 60 32 33
32 32 41 42
33 33 43 44
22 22 33 32
67 67 34 35
16 16 22 23
23 23 35 34
17 17 22 23
-1 41 53 55
-1 42 52 54
-1 43 57 59
-1 44 56 58
61 61 70 71
62 62 68 69
63 63 90 91
64 64 88 89
65 65 94 95
66 66 92 93
34 34 48 49
35 35 50 51
-1 48 60 62
-1 49 67 61
-1 50 64 66
-1 51 63 65
