12 12 18 20
18 18 26 27
20 20 28 29
13 13 18 20
26 26 36 38
27 27 40 42
19 19 26 27
28 28 46 48
29 29 34 44
21 21 28 29
14 14 19 21
15 15 19 21
36 36 60 61
38 38 62 63
50 50 36 38
40 40 58 55
42 42 54 57
51 51 40 42
46 46 64 65
-1 48 66 68
52 52 46 70
-1 70 66 68
34 34 50 51
44 44 52 53
53 53 34 44
35 35 50 51
60 60 77 78
61 61 80 81
37 37 60 61
62 62 83 84
63 63 86 87
39 39 62 63
-1 58 76 82
-1 55 72 79
41 41 59 56
-1 59 76 82
-1 56 72 79
54 54 71 73
57 57 74 75
43 43 54 57
30 30 35 45
45 45 52 53
121 121 35 45
64 64 89 90
65 65 92 93
47 47 64 65
66 66 85 88
68 68 94 91
16 16 22 24
22 22 31 32
24 24 33 30
-1 122 22 127
-1 127 124 126
-1 123 24 128
-1 128 125 121
31 31 37 39
32 32 41 43
23 23 31 32
33 33 47 49
25 25 33 30
-1 95 23 25
17 17 23 25
124 124 37 39
125 125 41 43
-1 49 67 69
126 126 47 129
-1 129 67 69
71 71 124 125
73 73 126 121
72 72 71 73
67 67 85 88
69 69 94 91
79 79 78 77
74 74 98 99
75 75 96 97
76 76 75 74
82 82 81 80
77 77 102 103
78 78 100 101
80 80 106 107
81 81 104 105
83 83 110 111
84 84 108 109
85 85 84 83
86 86 114 115
87 87 112 113
88 88 87 86
89 89 122 123
90 90 116 117
91 91 90 89
92 92 120 95
93 93 118 119
94 94 93 92
