12 12 18 20
18 18 24 26
20 20 28 30
13 13 18 20
24 24 32 33
26 26 34 35
19 19 24 26
28 28 37 38
30 30 39 40
21 21 28 30
14 14 19 21
15 15 19 21
32 32 42 43
33 33 41 46
25 25 32 33
34 34 44 45
-1 35 55 56
27 27 34 36
-1 36 55 56
37 37 47 48
38 38 49 50
29 29 37 38
39 39 51 52
40 40 53 54
31 31 39 40
41 41 25 27
22 22 25 27
42 42 59 60
43 43 57 58
46 46 29 31
44 44 82 83
45 45 80 81
77 77 45 44
55 55 77 84
56 56 78 79
16 16 22 23
23 23 29 31
17 17 22 23
47 47 63 64
48 48 61 62
49 49 67 68
50 50 65 66
51 51 71 72
52 52 69 70
78 78 52 51
53 53 75 76
54 54 73 74
79 79 54 53
-1 80 41 48
-1 81 46 47
-1 82 43 50
-1 83 42 49
-1 84 85 86
85 85 77 87
-1 87 85 86
86 86 78 79
