12 12 18 20
18 18 26 28
20 20 30 31
13 13 18 20
26 26 34 35
28 28 36 37
19 19 26 28
30 30 38 40
31 31 42 44
21 21 30 31
14 14 19 21
15 15 19 21
34 34 48 49
35 35 50 51
27 27 34 35
36 36 52 53
37 37 54 55
29 29 36 37
38 38 56 57
40 40 58 59
42 42 60 61
44 44 47 46
22 22 27 29
23 23 27 29
48 48 67 68
49 49 69 70
163 163 48 49
50 50 71 72
-1 51 89 90
164 164 50 178
-1 178 89 90
-1 52 91 92
-1 53 93 45
165 165 179 180
-1 179 91 92
-1 180 93 161
54 54 73 74
55 55 75 76
166 166 54 55
16 16 22 24
24 24 32 33
-1 96 23 25
25 25 32 33
17 17 23 25
-1 136 38 163
-1 137 40 164
56 56 77 78
57 57 79 80
39 39 56 57
58 58 81 82
59 59 83 84
41 41 58 59
-1 138 42 165
-1 139 44 166
60 60 85 86
61 61 87 88
43 43 60 61
-1 47 66 65
-1 46 64 63
-1 158 22 94
94 94 -1 160
-1 159 24 162
162 162 -1 160
32 32 39 41
33 33 43 45
140 140 39 41
45 45 -1 62
141 141 43 161
161 161 -1 175
63 63 140 141
-1 62 95 94
-1 175 95 162
-1 173 140 142
142 142 163 164
-1 174 141 143
143 143 165 166
64 64 138 139
-1 176 64 63
160 160 173 174
65 65 142 143
66 66 136 137
-1 177 66 65
67 67 99 100
68 68 97 98
69 69 103 104
70 70 101 102
71 71 153 154
72 72 151 152
144 144 72 71
89 89 144 156
90 90 155 157
91 91 145 146
92 92 149 150
93 93 147 148
73 73 107 108
74 74 105 106
145 145 74 73
75 75 111 112
76 76 109 110
146 146 76 75
77 77 115 116
78 78 113 114
79 79 119 120
80 80 117 118
81 81 123 124
82 82 121 122
147 147 82 81
83 83 127 128
84 84 125 126
148 148 84 83
85 85 131 132
86 86 129 130
149 149 86 85
87 87 135 96
88 88 133 134
150 150 88 87
-1 167 177 147
-1 168 176 148
95 95 158 159
-1 151 68 78
-1 152 67 77
-1 153 70 80
-1 154 69 79
-1 156 169 170
169 169 144 181
-1 181 169 170
155 155 167 168
-1 157 171 172
170 170 155 182
-1 182 171 172
171 171 145 146
172 172 149 150
