32 32 45 46
45 45 26 24
46 46 28 29
60 60 45 46
24 24 32 33
33 33 49 50
25 25 32 33
124 124 60 61
61 61 49 50
44 44 60 61
26 26 35 34
18 18 26 24
28 28 36 38
29 29 40 42
19 19 28 29
12 12 18 19
13 13 18 19
35 35 47 48
34 34 44 51
27 27 35 34
36 36 52 53
38 38 54 55
47 47 36 38
40 40 56 57
42 42 58 59
48 48 40 42
20 20 25 27
21 21 25 27
49 49 64 65
50 50 66 67
64 64 88 89
65 65 86 87
66 66 92 93
67 67 90 91
51 51 63 62
62 62 44 51
63 63 47 48
14 14 20 22
22 22 30 31
15 15 20 22
16 16 21 23
23 23 30 31
17 17 21 23
52 52 68 69
53 53 70 71
37 37 52 53
54 54 72 73
55 55 74 75
39 39 54 55
56 56 76 77
57 57 78 79
41 41 56 57
58 58 80 83
59 59 81 82
43 43 58 59
157 157 63 62
30 30 37 39
31 31 41 43
125 125 37 39
85 85 41 43
-1 123 124 125
-1 158 157 85
-1 84 124 125
-1 83 123 85
-1 150 158 157
68 68 96 97
69 69 94 95
70 70 100 101
71 71 98 99
72 72 104 105
73 73 102 103
74 74 108 109
75 75 106 107
76 76 112 113
77 77 110 111
78 78 116 117
79 79 114 115
80 80 118 84
-1 81 119 120
-1 82 121 122
-1 134 65 73
-1 135 64 72
-1 136 67 75
-1 137 66 74
-1 138 69 77
-1 139 68 76
-1 140 71 79
-1 141 70 78
-1 142 80 146
146 146 -1 153
-1 143 147 150
147 147 -1 154
-1 144 151 148
-1 151 119 120
148 148 -1 155
-1 145 152 149
-1 152 121 122
149 149 -1 156
119 119 126 127
120 120 128 129
121 121 130 131
122 122 132 133
126 126 136 137
127 127 134 135
128 128 140 141
129 129 138 139
130 130 142 143
131 131 144 145
-1 153 127 129
-1 154 126 128
132 132 146 147
133 133 148 149
-1 155 131 132
-1 156 130 133
