12 12 18 20
18 18 24 26
20 20 28 30
13 13 18 20
24 24 33 35
26 26 37 39
19 19 24 26
28 28 32 41
30 30 42 43
21 21 28 30
14 14 19 21
15 15 19 21
-1 33 45 46
-1 35 47 48
25 25 34 36
-1 34 45 46
-1 36 47 48
-1 37 49 50
-1 39 51 52
27 27 38 40
-1 38 49 50
-1 40 51 52
32 32 25 27
41 41 29 31
29 29 32 41
42 42 53 54
-1 43 55 56
31 31 42 44
-1 44 55 56
22 22 25 27
45 45 58 59
46 46 60 61
47 47 62 63
48 48 64 65
49 49 66 67
50 50 68 69
51 51 70 71
52 52 72 73
16 16 22 23
23 23 29 31
17 17 22 23
-1 53 74 57
-1 54 75 80
57 57 121 122
-1 121 74 57
-1 122 75 129
55 55 76 77
56 56 78 79
58 58 83 84
59 59 81 82
60 60 87 88
61 61 85 86
62 62 91 92
63 63 89 90
64 64 95 96
65 65 93 94
66 66 103 104
67 67 101 102
68 68 107 108
69 69 105 106
70 70 99 100
71 71 97 98
72 72 119 120
73 73 117 118
-1 117 71 73
-1 118 70 72
-1 119 67 69
-1 120 66 68
74 74 125 126
75 75 127 128
-1 80 124 123
-1 129 124 123
76 76 111 112
77 77 109 110
123 123 77 76
78 78 115 116
79 79 113 114
124 124 79 78
-1 125 59 61
-1 126 58 60
-1 127 63 65
-1 128 62 64
