12 12 18 20
18 18 26 28
20 20 30 32
13 13 18 20
26 26 34 35
28 28 36 37
19 19 26 28
30 30 38 39
32 32 41 42
21 21 30 32
14 14 19 21
15 15 19 21
34 34 43 44
35 35 45 46
27 27 34 35
36 36 47 48
37 37 49 50
29 29 36 37
38 38 51 52
-1 39 53 54
31 31 38 40
-1 40 53 54
41 41 55 56
42 42 58 57
33 33 41 42
22 22 27 29
23 23 27 29
43 43 59 60
44 44 61 62
179 179 43 44
45 45 63 64
46 46 65 66
180 180 45 46
47 47 67 68
48 48 69 70
181 181 47 48
49 49 71 72
50 50 73 74
182 182 49 50
16 16 22 24
24 24 31 33
-1 90 23 25
25 25 31 33
17 17 23 25
51 51 75 76
52 52 77 78
183 183 51 52
53 53 85 86
54 54 87 88
55 55 79 80
56 56 81 82
184 184 55 56
58 58 83 84
57 57 -1 89
185 185 58 188
188 188 -1 198
-1 152 22 142
142 142 -1 178
-1 153 24 191
191 191 -1 178
154 154 179 180
59 59 93 94
60 60 91 92
61 61 97 98
62 62 95 96
63 63 101 102
64 64 99 100
65 65 105 106
66 66 103 104
-1 155 179 187
-1 187 196 197
-1 156 180 183
157 157 181 182
67 67 109 110
68 68 107 108
69 69 113 114
70 70 111 112
71 71 117 118
72 72 115 116
73 73 121 122
74 74 119 120
-1 158 181 184
-1 159 182 185
160 160 183 186
-1 186 196 197
75 75 125 126
76 76 123 124
77 77 129 130
78 78 127 128
85 85 143 144
86 86 145 146
196 196 85 86
87 87 147 148
88 88 149 150
197 197 87 88
161 161 184 185
79 79 138 139
80 80 140 141
81 81 133 134
82 82 131 132
-1 89 151 142
-1 198 151 191
83 83 137 90
84 84 135 136
-1 189 154 160
-1 190 157 161
-1 138 154 155
-1 139 157 156
-1 162 60 80
-1 163 59 79
-1 164 62 82
-1 165 61 81
-1 166 64 57
-1 167 63 188
-1 168 66 84
-1 169 65 83
-1 170 68 194
-1 194 144 148
-1 171 67 195
-1 195 143 147
-1 172 70 192
-1 192 146 150
-1 173 69 193
-1 193 145 149
-1 174 72 76
-1 175 71 75
-1 176 74 78
-1 177 73 77
-1 140 160 158
-1 141 161 159
178 178 189 190
143 143 168 169
144 144 166 167
145 145 164 165
146 146 162 163
147 147 176 177
148 148 174 175
149 149 172 173
150 150 170 171
151 151 152 153
