12 12 18 20
18 18 26 28
20 20 30 32
13 13 18 20
26 26 34 35
28 28 36 37
19 19 26 28
30 30 38 39
32 32 41 42
21 21 30 32
14 14 19 21
15 15 19 21
34 34 43 44
35 35 45 46
27 27 34 35
36 36 47 48
37 37 49 50
29 29 36 37
38 38 51 52
-1 39 53 54
31 31 38 40
-1 40 53 54
41 41 55 56
42 42 57 58
33 33 41 42
22 22 27 29
23 23 27 29
43 43 59 60
44 44 61 62
189 189 43 44
45 45 63 64
46 46 65 66
190 190 45 46
47 47 67 68
48 48 69 70
191 191 47 48
49 49 71 72
50 50 73 74
192 192 49 50
16 16 22 24
24 24 31 33
-1 89 23 25
25 25 31 33
17 17 23 25
51 51 75 76
52 52 77 78
193 193 51 52
53 53 83 84
54 54 85 86
55 55 -1 87
56 56 -1 88
194 194 181 182
181 181 -1 198
182 182 -1 199
57 57 79 80
58 58 81 82
195 195 57 58
-1 135 22 149
-1 149 173 179
-1 136 24 150
-1 150 176 180
173 173 189 190
59 59 92 93
60 60 90 91
61 61 96 97
62 62 94 95
63 63 100 101
64 64 98 99
65 65 104 105
66 66 102 103
-1 174 189 197
-1 197 200 201
-1 175 190 193
176 176 191 192
67 67 108 109
68 68 106 107
69 69 112 113
70 70 110 111
71 71 116 117
72 72 114 115
73 73 120 121
74 74 118 119
-1 177 191 194
-1 178 192 195
179 179 193 196
-1 196 200 201
75 75 124 125
76 76 122 123
77 77 128 129
78 78 126 127
83 83 139 140
84 84 141 142
200 200 83 84
85 85 143 144
86 86 145 146
201 201 85 86
180 180 194 195
-1 87 147 137
-1 198 147 183
-1 88 148 138
-1 199 148 184
79 79 135 136
80 80 130 131
81 81 134 89
82 82 132 133
-1 151 173 137
137 137 -1 169
-1 152 176 183
183 183 -1 169
-1 153 60 56
-1 154 59 182
-1 155 62 55
-1 156 61 181
-1 157 64 80
-1 158 63 79
-1 159 66 82
-1 160 65 81
-1 161 68 187
-1 187 140 144
-1 162 67 188
-1 188 139 143
-1 163 70 185
-1 185 142 146
-1 164 69 186
-1 186 141 145
-1 165 72 76
-1 166 71 75
-1 167 74 78
-1 168 73 77
169 169 174 175
138 138 -1 170
170 170 177 178
184 184 -1 170
-1 171 179 138
-1 172 180 184
139 139 159 160
140 140 157 158
141 141 155 156
142 142 153 154
143 143 167 168
144 144 165 166
145 145 163 164
146 146 161 162
147 147 151 152
148 148 171 172
