12 12 18 20
18 18 26 28
20 20 30 32
13 13 18 20
26 26 34 35
28 28 37 39
19 19 26 28
30 30 41 43
32 32 45 46
21 21 30 32
14 14 19 21
15 15 19 21
34 34 47 48
-1 35 49 50
27 27 34 36
-1 36 49 50
-1 37 51 52
-1 39 53 54
29 29 38 40
-1 38 51 52
-1 40 53 54
-1 41 55 56
-1 43 57 58
31 31 42 44
-1 42 55 56
-1 44 57 59
45 45 60 61
46 46 62 63
33 33 45 46
22 22 27 29
23 23 27 29
47 47 65 66
48 48 67 68
269 269 47 48
49 49 69 70
50 50 71 72
51 51 73 74
52 52 75 76
53 53 77 78
54 54 79 80
16 16 22 24
24 24 31 33
-1 157 23 25
25 25 31 33
17 17 23 25
55 55 81 82
56 56 83 84
57 57 85 86
58 58 -1 87
59 59 -1 87
60 60 89 90
61 61 91 92
270 270 60 61
62 62 64 94
63 63 88 93
271 271 62 63
-1 219 22 251
-1 251 261 267
-1 220 24 252
-1 252 264 268
261 261 269 272
-1 272 278 279
65 65 101 156
66 66 140 153
95 95 65 66
67 67 146 143
68 68 152 149
96 96 67 68
69 69 106 107
70 70 108 109
278 278 69 70
71 71 102 103
72 72 104 105
279 279 71 72
-1 262 269 276
276 276 284 285
-1 263 273 277
-1 273 278 279
277 277 286 287
73 73 110 111
74 74 112 113
75 75 114 115
76 76 116 117
77 77 118 119
78 78 120 121
79 79 122 123
80 80 124 125
264 264 274 275
274 274 280 281
275 275 282 283
-1 265 275 270
-1 266 274 271
-1 280 73 75
-1 281 74 76
-1 282 77 79
-1 283 78 80
81 81 126 127
82 82 128 129
83 83 130 131
84 84 132 133
85 85 134 135
86 86 136 137
87 87 138 139
267 267 277 276
-1 284 81 83
-1 285 82 84
-1 286 85 249
249 249 -1 139
-1 287 86 250
250 250 -1 138
139 139 232 233
138 138 230 231
268 268 270 271
89 89 141 142
90 90 144 145
97 97 89 90
91 91 147 148
92 92 150 151
98 98 91 92
64 64 95 96
-1 94 154 155
99 99 64 229
-1 229 154 155
88 88 97 98
93 93 99 100
100 100 88 93
-1 253 261 255
255 255 -1 262
-1 254 264 256
256 256 -1 263
101 101 95 96
-1 156 234 235
102 102 101 236
-1 236 234 235
140 140 97 98
153 153 99 100
103 103 140 153
146 146 145 144
143 143 142 141
104 104 146 143
152 152 151 150
149 149 148 147
105 105 152 149
106 106 160 161
107 107 158 159
221 221 107 106
108 108 164 165
109 109 162 163
222 222 109 108
223 223 102 103
224 224 104 105
110 110 168 169
111 111 166 167
112 112 172 173
113 113 170 171
114 114 176 177
115 115 174 175
116 116 180 181
117 117 178 179
118 118 184 185
119 119 182 183
120 120 188 189
121 121 186 187
122 122 192 193
123 123 190 191
124 124 196 197
125 125 194 195
257 257 -1 265
258 258 -1 266
-1 259 267 257
-1 260 268 258
126 126 200 201
127 127 198 199
128 128 204 205
129 129 202 203
130 130 208 209
131 131 206 207
132 132 212 213
133 133 210 211
134 134 219 220
135 135 214 215
136 136 218 157
137 137 216 217
-1 225 58 137
-1 226 59 136
-1 227 249 135
-1 228 250 134
141 141 239 240
142 142 237 238
144 144 243 244
145 145 241 242
147 147 247 248
148 148 245 246
150 150 225 226
151 151 227 228
154 154 221 222
155 155 223 224
-1 230 255 253
-1 231 256 254
-1 232 257 259
-1 233 258 260
234 234 221 222
235 235 223 224
-1 237 111 115
-1 238 110 114
-1 239 113 117
-1 240 112 116
-1 241 119 123
-1 242 118 122
-1 243 121 125
-1 244 120 124
-1 245 127 131
-1 246 126 130
-1 247 129 133
-1 248 128 132
