12 12 18 19
18 18 24 25
19 19 26 27
13 13 18 19
-1 24 32 33
-1 25 34 35
-1 26 40 41
-1 27 42 43
-1 156 160 164
-1 160 32 33
-1 164 168 170
-1 157 161 165
-1 161 34 35
-1 165 169 171
32 32 49 50
33 33 51 52
34 34 53 54
35 35 55 56
-1 158 162 166
-1 162 40 41
-1 166 172 174
-1 159 163 167
-1 163 42 43
-1 167 173 175
40 40 57 58
41 41 59 60
42 42 48 61
43 43 62 63
48 48 64 65
64 64 156 157
65 65 158 159
-1 168 178 186
-1 170 182 190
-1 169 179 187
-1 171 183 191
-1 178 69 73
-1 186 85 89
-1 179 68 72
-1 187 84 88
-1 182 77 81
-1 190 91 95
-1 183 76 80
-1 191 90 94
-1 172 176 184
-1 174 180 188
-1 173 177 185
-1 175 181 189
-1 176 67 71
-1 184 83 87
-1 177 66 70
-1 185 82 86
-1 180 75 79
-1 188 65 93
-1 181 74 78
-1 189 64 92
49 49 66 67
50 50 68 69
51 51 70 71
52 52 72 73
53 53 74 75
54 54 76 77
55 55 78 79
56 56 80 81
20 20 28 29
28 28 36 37
29 29 38 39
21 21 29 28
14 14 20 22
22 22 30 31
15 15 20 22
16 16 21 23
23 23 31 30
17 17 21 23
-1 36 49 51
-1 37 50 52
-1 38 53 55
-1 39 54 56
57 57 82 83
58 58 84 85
59 59 86 87
60 60 88 89
61 61 90 91
62 62 92 93
63 63 94 95
30 30 44 45
31 31 46 47
-1 44 57 59
-1 45 58 60
-1 46 48 62
-1 47 61 63
66 66 98 99
67 67 96 97
68 68 102 103
69 69 100 101
70 70 106 107
71 71 104 105
72 72 110 111
73 73 108 109
74 74 114 115
75 75 112 113
76 76 118 119
77 77 116 117
78 78 122 123
79 79 120 121
80 80 126 127
81 81 124 125
82 82 130 131
83 83 128 129
84 84 134 135
85 85 132 133
86 86 138 139
87 87 136 137
88 88 142 143
89 89 140 141
90 90 146 147
91 91 144 145
92 92 150 151
93 93 148 149
94 94 154 155
95 95 152 153
