12 12 18 20
18 18 26 28
20 20 30 32
13 13 18 20
26 26 34 35
28 28 37 39
19 19 26 28
30 30 41 43
32 32 45 46
21 21 30 32
14 14 19 21
15 15 19 21
34 34 47 48
-1 35 49 50
27 27 34 36
-1 36 49 50
-1 37 51 52
-1 39 53 54
29 29 38 40
-1 38 51 52
-1 40 53 54
-1 41 55 56
-1 43 57 58
31 31 42 44
-1 42 55 56
-1 44 57 58
45 45 59 60
46 46 61 62
33 33 45 46
22 22 27 29
23 23 27 29
47 47 64 65
48 48 66 67
265 265 47 48
49 49 68 69
50 50 70 71
51 51 72 73
52 52 74 75
53 53 76 77
54 54 78 79
16 16 22 24
24 24 31 33
-1 158 23 25
25 25 31 33
17 17 23 25
55 55 80 81
56 56 82 83
57 57 84 85
58 58 87 86
59 59 89 90
60 60 91 92
266 266 59 60
61 61 63 94
62 62 88 93
267 267 61 62
-1 252 22 262
262 262 -1 274
-1 253 24 263
263 263 -1 275
254 254 265 268
-1 268 276 277
64 64 101 157
65 65 141 154
95 95 64 65
66 66 147 144
67 67 153 150
96 96 66 67
68 68 106 107
69 69 108 109
276 276 68 69
70 70 102 103
71 71 104 105
277 277 70 71
-1 255 265 272
272 272 282 283
-1 256 269 273
-1 269 276 277
273 273 284 285
72 72 110 111
73 73 112 113
74 74 114 115
75 75 116 117
76 76 118 119
77 77 120 121
78 78 122 123
79 79 124 125
257 257 270 271
270 270 278 279
271 271 280 281
-1 258 271 266
-1 259 270 267
-1 278 72 74
-1 279 73 75
-1 280 76 78
-1 281 77 79
80 80 126 127
81 81 128 129
82 82 130 131
83 83 132 133
84 84 134 135
85 85 136 137
87 87 139 140
86 86 -1 138
260 260 273 272
-1 282 80 82
-1 283 81 83
-1 284 84 264
264 264 -1 138
-1 285 85 87
261 261 266 267
89 89 142 143
90 90 145 146
97 97 89 90
91 91 148 149
92 92 151 152
98 98 91 92
63 63 95 96
-1 94 155 156
99 99 63 230
-1 230 155 156
88 88 97 98
93 93 99 100
100 100 88 93
-1 274 254 260
-1 275 257 261
-1 222 254 255
-1 223 257 256
101 101 95 96
-1 157 231 232
102 102 101 233
-1 233 231 232
141 141 97 98
154 154 99 100
103 103 141 154
147 147 146 145
144 144 143 142
104 104 147 144
153 153 152 151
150 150 149 148
105 105 153 150
106 106 161 162
107 107 159 160
224 224 107 106
108 108 165 166
109 109 163 164
225 225 109 108
226 226 102 103
227 227 104 105
110 110 169 170
111 111 167 168
112 112 173 174
113 113 171 172
114 114 177 178
115 115 175 176
116 116 181 182
117 117 179 180
118 118 185 186
119 119 183 184
120 120 189 190
121 121 187 188
122 122 193 194
123 123 191 192
124 124 197 198
125 125 195 196
-1 228 260 258
-1 229 261 259
126 126 201 202
127 127 199 200
128 128 205 206
129 129 203 204
130 130 209 210
131 131 207 208
132 132 213 214
133 133 211 212
134 134 222 223
135 135 228 229
136 136 217 218
137 137 215 216
138 138 250 251
139 139 221 158
140 140 219 220
142 142 236 237
143 143 234 235
145 145 240 241
146 146 238 239
148 148 244 245
149 149 242 243
151 151 248 249
152 152 246 247
155 155 224 225
156 156 226 227
231 231 224 225
232 232 226 227
-1 234 111 115
-1 235 110 114
-1 236 113 117
-1 237 112 116
-1 238 119 123
-1 239 118 122
-1 240 121 125
-1 241 120 124
-1 242 127 131
-1 243 126 130
-1 244 129 133
-1 245 128 132
-1 246 135 86
-1 247 134 264
-1 248 137 140
-1 249 136 139
-1 250 262 252
-1 251 263 253
