40 40 57 58
57 57 31 28
58 58 33 34
41 41 57 58
28 28 40 42
42 42 61 62
29 29 40 42
30 30 41 43
43 43 61 62
56 56 41 43
31 31 46 44
20 20 31 28
33 33 48 50
34 34 52 54
21 21 33 34
13 13 20 21
14 14 20 21
46 46 59 60
44 44 56 63
32 32 46 44
48 48 65 66
50 50 67 68
59 59 48 50
52 52 69 70
54 54 64 71
60 60 52 54
22 22 29 32
23 23 29 32
61 61 72 73
62 62 74 75
72 72 95 96
73 73 93 94
74 74 99 100
75 75 97 98
24 24 30 35
35 35 47 45
63 63 47 45
45 45 56 63
47 47 59 60
15 15 22 25
25 25 36 38
16 16 22 25
17 17 23 26
26 26 36 38
18 18 23 26
65 65 78 79
66 66 80 81
49 49 65 66
67 67 82 83
68 68 84 85
51 51 67 68
69 69 86 87
70 70 88 89
53 53 69 70
64 64 76 77
71 71 90 91
55 55 64 71
36 36 49 51
38 38 53 55
37 37 49 51
39 39 53 55
27 27 37 39
-1 126 30 37
-1 127 35 39
-1 132 27 24
19 19 27 24
76 76 126 127
77 77 125 92
78 78 103 104
79 79 101 102
80 80 107 108
81 81 105 106
82 82 111 112
83 83 109 110
84 84 115 116
85 85 113 114
86 86 119 120
87 87 117 118
88 88 123 124
89 89 121 122
-1 90 128 129
-1 91 130 131
-1 141 73 83
-1 142 72 82
-1 143 75 85
-1 144 74 84
-1 145 79 87
-1 146 78 86
-1 147 81 89
-1 148 80 88
-1 149 77 153
153 153 -1 159
-1 150 76 154
154 154 -1 160
-1 92 19 132
-1 151 157 155
-1 157 128 129
155 155 -1 161
-1 152 158 156
-1 158 130 131
156 156 -1 162
128 128 133 134
129 129 135 136
130 130 137 138
131 131 139 140
133 133 143 144
134 134 141 142
135 135 147 148
136 136 145 146
137 137 149 150
138 138 151 152
-1 159 134 136
-1 160 133 135
139 139 153 154
140 140 155 156
-1 161 138 139
-1 162 137 140
