13 13 20 22
20 20 28 30
22 22 32 34
14 14 20 22
28 28 36 37
30 30 39 41
21 21 28 30
32 32 43 45
34 34 47 48
23 23 32 34
15 15 21 23
16 16 21 23
36 36 50 51
-1 37 52 53
29 29 36 38
-1 38 52 53
-1 39 54 55
-1 41 56 57
31 31 40 42
-1 40 54 55
-1 42 56 57
-1 43 59 60
-1 45 61 62
33 33 44 46
-1 44 59 60
-1 46 61 62
47 47 58 63
48 48 49 64
35 35 47 48
24 24 29 31
25 25 29 31
50 50 68 96
51 51 84 95
65 65 50 51
52 52 71 72
53 53 69 70
54 54 74 75
55 55 76 77
56 56 78 79
57 57 80 81
17 17 24 26
26 26 33 35
18 18 24 26
-1 145 25 27
27 27 33 35
19 19 25 27
59 59 85 86
60 60 87 88
61 61 89 90
62 62 91 92
58 58 82 83
63 63 93 94
66 66 58 63
49 49 65 73
64 64 66 67
67 67 49 64
-1 73 132 133
68 68 65 134
-1 134 132 133
96 96 66 67
69 69 68 96
84 84 83 82
95 95 94 93
70 70 84 95
71 71 100 101
72 72 98 99
132 132 72 71
133 133 69 70
74 74 104 105
75 75 102 103
76 76 108 109
77 77 106 107
78 78 112 113
79 79 110 111
80 80 116 117
81 81 114 115
82 82 135 136
83 83 137 138
-1 135 75 77
-1 136 74 76
-1 137 79 81
-1 138 78 80
85 85 120 121
86 86 118 119
87 87 124 125
88 88 122 123
89 89 128 129
90 90 126 127
91 91 -1 97
92 92 130 131
93 93 139 140
94 94 141 142
-1 139 86 88
-1 140 85 87
-1 141 90 92
-1 142 89 91
-1 97 143 144
143 143 -1 145
-1 144 143 19
