13 13 20 21
20 20 31 30
-1 21 32 33
14 14 20 22
-1 22 32 33
-1 31 48 47
-1 30 46 50
46 46 79 78
-1 79 48 114
-1 78 46 50
32 32 52 53
33 33 54 56
50 50 86 88
48 48 82 84
-1 47 80 81
-1 114 80 81
52 52 101 99
53 53 106 108
80 80 52 53
54 54 110 112
56 56 97 95
81 81 54 56
82 82 115 116
84 84 117 118
49 49 82 84
115 115 175 176
116 116 173 174
83 83 116 115
117 117 179 180
118 118 177 178
85 85 118 117
86 86 119 120
88 88 121 122
51 51 86 88
119 119 183 184
120 120 181 182
87 87 120 119
121 121 -1 140
122 122 185 186
89 89 122 121
101 101 131 130
99 99 129 128
106 106 132 133
108 108 134 135
110 110 136 137
112 112 138 139
55 55 110 112
97 97 127 126
95 95 125 124
57 57 97 95
15 15 23 24
23 23 35 34
-1 24 36 37
16 16 23 25
-1 25 36 37
-1 35 60 59
-1 34 58 62
58 58 91 90
-1 91 60 123
-1 90 58 62
36 36 64 66
37 37 68 69
62 62 85 83
60 60 94 96
-1 59 92 93
-1 123 92 93
64 64 107 109
66 66 111 113
92 92 64 66
68 68 98 100
69 69 89 87
93 93 68 69
94 94 124 125
96 96 126 127
61 61 94 96
124 124 171 172
125 125 169 170
126 126 167 168
127 127 165 166
63 63 85 83
107 107 133 132
109 109 135 134
65 65 107 109
111 111 137 136
113 113 139 138
67 67 111 113
98 98 128 129
100 100 130 131
17 17 26 27
26 26 40 41
27 27 38 39
18 18 26 27
38 38 70 71
39 39 72 73
-1 40 61 65
-1 41 63 67
-1 70 98 39
-1 71 100 38
-1 72 89 102
-1 102 61 65
-1 73 87 103
-1 103 63 67
128 128 147 148
129 129 145 146
130 130 143 144
131 131 141 142
-1 189 28 29
28 28 44 45
29 29 42 43
19 19 28 29
42 42 74 75
43 43 76 77
-1 44 49 55
-1 45 51 57
-1 74 101 43
-1 75 99 42
-1 76 106 104
-1 104 49 55
-1 77 108 105
-1 105 51 57
132 132 151 152
133 133 149 150
134 134 155 156
135 135 153 154
136 136 159 160
137 137 157 158
138 138 163 164
139 139 161 162
-1 140 187 188
187 187 -1 189
-1 188 187 19
