13 13 20 22
20 20 28 30
22 22 32 34
14 14 20 22
-1 28 40 41
-1 30 42 43
21 21 29 31
-1 29 40 41
-1 31 42 43
-1 32 48 49
-1 34 50 51
23 23 33 35
-1 33 48 49
-1 35 50 51
15 15 21 23
16 16 21 23
40 40 56 57
41 41 58 59
42 42 60 61
43 43 62 63
48 48 64 65
49 49 66 67
50 50 68 69
51 51 70 71
56 56 72 73
57 57 74 75
58 58 76 77
59 59 78 79
60 60 80 81
61 61 82 83
62 62 84 85
63 63 86 87
24 24 36 37
36 36 44 45
37 37 46 47
25 25 37 36
17 17 24 26
26 26 38 39
18 18 24 26
-1 181 25 27
27 27 39 38
19 19 25 27
-1 44 56 58
-1 45 57 59
-1 46 60 62
-1 47 61 63
64 64 88 89
65 65 90 91
66 66 92 93
67 67 94 95
68 68 101 102
69 69 96 97
70 70 98 103
71 71 99 100
38 38 52 53
39 39 54 55
-1 52 64 66
-1 53 65 67
-1 54 68 70
-1 55 69 71
72 72 107 108
73 73 105 106
74 74 111 112
75 75 109 110
76 76 115 116
77 77 113 114
78 78 119 120
79 79 117 118
80 80 123 124
81 81 121 122
82 82 127 128
83 83 125 126
84 84 131 132
85 85 129 130
86 86 135 136
87 87 133 134
88 88 139 140
89 89 137 138
90 90 143 144
91 91 141 142
92 92 147 148
93 93 145 146
94 94 151 152
95 95 149 150
-1 101 162 161
-1 102 163 164
96 96 155 156
97 97 153 154
98 98 157 158
-1 103 165 166
99 99 -1 104
100 100 159 160
-1 182 73 77
-1 183 72 76
-1 184 75 79
-1 185 74 78
-1 186 81 85
-1 187 80 84
-1 188 83 87
-1 189 82 86
-1 161 169 172
169 169 170 171
172 172 173 174
-1 201 169 172
162 162 171 170
-1 198 162 201
170 170 184 185
171 171 182 183
173 173 190 191
174 174 192 193
163 163 174 173
-1 164 175 178
-1 199 163 202
-1 202 175 178
-1 190 91 95
-1 191 90 94
-1 192 89 93
-1 193 88 92
175 175 176 177
178 178 179 180
176 176 188 189
177 177 186 187
165 165 177 176
179 179 194 195
180 180 196 197
166 166 180 179
-1 200 165 166
-1 194 97 100
-1 195 96 99
-1 196 198 98
-1 197 199 200
-1 104 167 168
167 167 -1 181
-1 168 167 19
