13 13 20 22
20 20 28 30
22 22 32 34
14 14 20 22
-1 28 40 41
-1 30 42 43
21 21 29 31
-1 29 40 41
-1 31 42 43
-1 32 48 49
-1 34 50 51
23 23 33 35
-1 33 48 49
-1 35 50 52
15 15 21 23
16 16 21 23
40 40 59 60
41 41 61 62
42 42 63 64
43 43 65 66
48 48 67 68
49 49 69 70
50 50 71 72
51 51 -1 73
52 52 -1 74
59 59 75 76
60 60 77 78
61 61 79 80
62 62 81 82
63 63 83 84
64 64 85 86
65 65 87 88
66 66 89 90
24 24 36 37
36 36 44 45
37 37 46 47
25 25 37 36
17 17 24 26
26 26 38 39
18 18 24 26
-1 169 25 27
27 27 39 38
19 19 25 27
-1 44 59 61
-1 45 60 62
-1 46 63 65
-1 47 64 66
67 67 91 92
68 68 93 94
69 69 95 96
70 70 97 98
71 71 99 104
72 72 100 101
-1 73 105 106
-1 74 105 106
38 38 53 54
39 39 55 56
-1 53 67 69
-1 54 68 70
-1 55 71 57
57 57 -1 102
-1 56 72 58
58 58 -1 103
-1 102 164 167
-1 103 163 168
75 75 110 111
76 76 108 109
77 77 114 115
78 78 112 113
79 79 118 119
80 80 116 117
81 81 122 123
82 82 120 121
83 83 126 127
84 84 124 125
85 85 130 131
86 86 128 129
87 87 134 135
88 88 132 133
89 89 138 139
90 90 136 137
91 91 142 143
92 92 140 141
93 93 146 147
94 94 144 145
95 95 150 151
96 96 148 149
97 97 154 155
98 98 152 153
99 99 156 157
-1 104 161 162
100 100 160 107
101 101 158 159
-1 182 51 101
-1 183 52 100
105 105 163 164
106 106 165 166
-1 184 57 99
-1 185 58 206
-1 206 161 162
164 164 174 175
167 167 -1 170
163 163 172 173
168 168 -1 176
-1 198 76 80
-1 199 75 79
-1 200 78 82
-1 201 77 81
-1 186 84 88
-1 187 83 87
-1 188 86 90
-1 189 85 89
-1 170 190 193
190 190 191 192
193 193 194 195
-1 171 190 193
191 191 200 201
192 192 198 199
194 194 202 203
195 195 204 205
-1 172 192 165
165 165 -1 171
-1 173 191 166
166 166 -1 177
-1 174 195 167
-1 175 194 168
-1 202 94 98
-1 203 93 97
-1 204 92 96
-1 205 91 95
-1 176 196 197
196 196 178 179
197 197 180 181
-1 177 196 197
178 178 188 189
179 179 186 187
161 161 179 178
180 180 182 183
181 181 184 185
162 162 181 180
-1 107 19 169
