37 37 21 23
21 21 31 29
23 23 33 35
14 14 21 23
29 29 37 40
40 40 57 58
30 30 37 40
31 31 38 39
22 22 31 29
33 33 41 42
35 35 43 44
24 24 33 35
15 15 24 22
16 16 24 22
17 17 25 27
25 25 30 36
27 27 32 34
18 18 25 27
36 36 43 44
26 26 30 36
32 32 38 39
34 34 41 42
28 28 32 34
19 19 28 26
20 20 28 26
38 38 45 46
39 39 55 54
41 41 47 48
42 42 49 50
43 43 51 52
44 44 53 56
45 45 61 62
46 46 59 60
77 77 46 45
55 55 78 79
54 54 77 80
78 78 55 54
57 57 84 83
58 58 81 82
79 79 57 58
47 47 65 66
48 48 63 64
80 80 48 47
49 49 71 72
50 50 69 70
81 81 50 49
51 51 75 76
52 52 73 74
82 82 52 51
53 53 67 68
56 56 78 79
83 83 53 56
84 84 85 86
-1 87 77 81
-1 88 80 82
-1 89 84 86
86 86 87 88
-1 90 83 85
85 85 89 90
