14 14 21 23
21 21 29 31
23 23 33 35
15 15 21 23
29 29 37 38
31 31 39 40
22 22 29 31
33 33 41 42
35 35 43 44
24 24 33 35
16 16 25 22
25 25 34 36
17 17 25 22
34 34 41 42
36 36 43 44
26 26 34 36
18 18 27 26
27 27 30 32
19 19 27 26
30 30 37 38
32 32 39 40
28 28 30 32
37 37 24 28
20 20 24 28
38 38 45 46
39 39 47 56
40 40 57 58
41 41 48 49
42 42 50 51
43 43 52 53
44 44 54 55
45 45 61 62
46 46 59 60
47 47 85 86
56 56 79 80
79 79 47 56
-1 57 81 82
-1 58 83 84
80 80 87 88
-1 87 81 82
-1 88 83 84
48 48 65 66
49 49 63 64
81 81 49 48
50 50 69 70
51 51 67 68
82 82 51 50
52 52 73 74
53 53 71 72
83 83 53 52
54 54 77 78
55 55 75 76
84 84 55 54
-1 85 46 79
-1 86 45 80
