41 41 58 59
58 58 32 29
59 59 34 35
42 42 58 59
29 29 41 43
43 43 62 63
30 30 41 43
31 31 42 44
44 44 62 63
57 57 42 44
32 32 47 45
21 21 32 29
34 34 49 51
35 35 53 55
22 22 34 35
14 14 21 22
15 15 21 22
47 47 60 61
45 45 57 64
33 33 47 45
49 49 66 67
51 51 68 69
60 60 49 51
53 53 70 71
55 55 65 72
61 61 53 55
23 23 30 33
24 24 30 33
62 62 73 74
63 63 75 76
73 73 96 97
74 74 94 95
75 75 100 101
76 76 98 99
25 25 31 36
36 36 48 46
64 64 48 46
46 46 57 64
48 48 60 61
16 16 23 26
26 26 37 39
17 17 23 26
18 18 24 27
27 27 37 39
19 19 24 27
66 66 79 80
67 67 81 82
50 50 66 67
68 68 83 84
69 69 85 86
52 52 68 69
70 70 87 88
71 71 89 90
54 54 70 71
65 65 77 78
72 72 91 92
56 56 65 72
37 37 50 52
39 39 54 56
38 38 50 52
40 40 54 56
28 28 38 40
-1 127 31 38
-1 128 36 40
-1 93 28 25
20 20 28 25
77 77 127 128
78 78 126 93
79 79 104 105
80 80 102 103
81 81 108 109
82 82 106 107
83 83 112 113
84 84 110 111
85 85 116 117
86 86 114 115
87 87 120 121
88 88 118 119
89 89 124 125
90 90 122 123
-1 91 129 130
-1 92 131 132
-1 141 74 84
-1 142 73 83
-1 143 76 86
-1 144 75 85
-1 145 80 88
-1 146 79 87
-1 147 82 90
-1 148 81 89
-1 149 78 153
153 153 -1 159
-1 150 77 154
154 154 -1 160
-1 151 157 155
-1 157 129 130
155 155 -1 161
-1 152 158 156
-1 158 131 132
156 156 -1 162
129 129 133 134
130 130 135 136
131 131 137 138
132 132 139 140
133 133 143 144
134 134 141 142
135 135 147 148
136 136 145 146
137 137 149 150
138 138 151 152
-1 159 134 136
-1 160 133 135
139 139 153 154
140 140 155 156
-1 161 138 139
-1 162 137 140
