14 14 21 23
21 21 29 30
23 23 31 32
15 15 21 23
29 29 39 41
30 30 43 45
22 22 29 30
31 31 48 50
32 32 37 46
24 24 31 32
16 16 22 24
17 17 22 24
39 39 57 58
41 41 59 60
53 53 39 41
43 43 61 62
-1 45 63 65
54 54 43 71
-1 71 63 133
48 48 67 68
50 50 69 70
55 55 48 50
37 37 53 54
46 46 55 56
56 56 37 46
38 38 53 54
57 57 73 74
58 58 75 72
40 40 57 58
59 59 76 77
60 60 78 79
42 42 59 60
61 61 80 81
62 62 82 83
44 44 61 62
63 63 84 85
-1 65 94 96
-1 133 94 96
33 33 38 47
47 47 55 56
72 72 38 47
67 67 86 87
68 68 88 89
49 49 67 68
69 69 90 91
70 70 92 93
51 51 69 70
18 18 25 27
25 25 34 35
27 27 36 33
-1 128 25 140
-1 140 73 75
-1 129 27 141
-1 141 74 72
34 34 40 42
35 35 44 52
26 26 34 35
36 36 49 51
28 28 36 33
19 19 26 28
20 20 26 28
73 73 40 42
-1 52 64 66
74 74 44 130
-1 130 64 142
75 75 49 51
64 64 85 84
-1 66 95 97
-1 142 95 97
76 76 100 101
77 77 98 99
78 78 104 105
79 79 102 103
80 80 108 109
81 81 106 107
131 131 81 80
82 82 112 113
83 83 110 111
132 132 83 82
84 84 138 139
85 85 136 137
94 94 131 132
96 96 134 135
95 95 131 132
97 97 134 135
86 86 116 117
87 87 114 115
88 88 120 121
89 89 118 119
90 90 128 129
91 91 122 123
134 134 91 90
92 92 126 127
93 93 124 125
135 135 93 92
-1 136 77 87
-1 137 76 86
-1 138 79 89
-1 139 78 88
