14 14 21 23
21 21 29 31
23 23 33 35
15 15 21 23
29 29 37 38
31 31 39 40
22 22 29 31
33 33 41 42
35 35 44 45
24 24 33 35
16 16 22 24
17 17 22 24
37 37 46 47
38 38 48 49
30 30 37 38
39 39 50 51
40 40 52 53
32 32 39 40
41 41 54 55
-1 42 56 57
34 34 41 43
-1 43 56 57
44 44 58 59
45 45 61 60
36 36 44 45
25 25 30 32
26 26 30 32
46 46 62 63
47 47 64 65
182 182 46 47
48 48 66 67
49 49 68 69
183 183 48 49
50 50 70 71
51 51 72 73
184 184 50 51
52 52 74 75
53 53 76 77
185 185 52 53
18 18 25 27
27 27 34 36
19 19 26 28
28 28 34 36
20 20 26 28
54 54 78 79
55 55 80 81
186 186 54 55
56 56 88 89
57 57 90 91
58 58 82 83
59 59 84 85
187 187 58 59
61 61 86 87
60 60 -1 92
188 188 61 191
191 191 -1 201
-1 155 25 145
145 145 -1 181
-1 156 27 194
194 194 -1 181
157 157 182 183
62 62 95 96
63 63 93 94
64 64 99 100
65 65 97 98
66 66 103 104
67 67 101 102
68 68 107 108
69 69 105 106
-1 158 182 190
-1 190 199 200
-1 159 183 186
160 160 184 185
70 70 111 112
71 71 109 110
72 72 115 116
73 73 113 114
74 74 119 120
75 75 117 118
76 76 123 124
77 77 121 122
-1 161 184 187
-1 162 185 188
163 163 186 189
-1 189 199 200
78 78 127 128
79 79 125 126
80 80 131 132
81 81 129 130
88 88 146 147
89 89 148 149
199 199 88 89
90 90 150 151
91 91 152 153
200 200 90 91
164 164 187 188
82 82 141 142
83 83 143 144
84 84 135 136
85 85 133 134
-1 92 154 145
-1 201 154 194
86 86 139 140
87 87 137 138
-1 192 157 163
-1 193 160 164
-1 141 157 158
-1 142 160 159
-1 165 63 83
-1 166 62 82
-1 167 65 85
-1 168 64 84
-1 169 67 60
-1 170 66 191
-1 171 69 87
-1 172 68 86
-1 173 71 197
-1 197 147 151
-1 174 70 198
-1 198 146 150
-1 175 73 195
-1 195 149 153
-1 176 72 196
-1 196 148 152
-1 177 75 79
-1 178 74 78
-1 179 77 81
-1 180 76 80
-1 143 163 161
-1 144 164 162
181 181 192 193
146 146 171 172
147 147 169 170
148 148 167 168
149 149 165 166
150 150 179 180
151 151 177 178
152 152 175 176
153 153 173 174
154 154 155 156
