14 14 21 23
21 21 29 31
23 23 33 34
15 15 21 23
29 29 37 38
31 31 39 40
22 22 29 31
33 33 41 43
34 34 45 47
24 24 33 34
16 16 22 24
17 17 22 24
37 37 50 51
38 38 52 53
30 30 37 38
39 39 54 55
40 40 56 57
32 32 39 40
41 41 58 59
43 43 60 61
45 45 49 62
47 47 63 64
25 25 30 32
26 26 30 32
50 50 67 68
51 51 69 70
177 177 50 51
52 52 71 72
-1 53 91 92
178 178 52 184
-1 184 91 92
-1 54 93 94
-1 55 95 96
179 179 185 186
-1 185 93 94
-1 186 95 96
56 56 73 74
57 57 75 76
180 180 56 57
18 18 25 27
27 27 35 36
19 19 26 28
28 28 35 36
20 20 26 28
-1 161 41 177
-1 162 43 178
58 58 77 78
59 59 79 80
42 42 58 59
60 60 81 82
61 61 83 84
44 44 60 61
-1 163 45 179
-1 164 47 180
49 49 65 66
62 62 85 86
46 46 49 62
63 63 87 88
64 64 89 90
48 48 63 64
-1 139 25 167
-1 167 165 169
-1 140 27 168
-1 168 166 170
35 35 42 44
36 36 46 48
165 165 42 44
166 166 46 48
169 169 177 178
170 170 179 180
-1 141 165 163
-1 142 166 164
-1 143 169 161
-1 144 170 162
65 65 143 144
66 66 141 142
145 145 66 65
67 67 99 100
68 68 97 98
69 69 103 104
70 70 101 102
71 71 156 157
72 72 154 155
146 146 72 71
91 91 146 158
92 92 159 160
93 93 147 148
94 94 152 153
95 95 149 150
96 96 145 151
73 73 107 108
74 74 105 106
147 147 74 73
75 75 111 112
76 76 109 110
148 148 76 75
77 77 115 116
78 78 113 114
79 79 119 120
80 80 117 118
81 81 123 124
82 82 121 122
149 149 82 81
83 83 127 128
84 84 125 126
150 150 84 83
85 85 139 140
86 86 129 130
151 151 86 85
87 87 133 134
88 88 131 132
152 152 88 87
89 89 137 138
90 90 135 136
153 153 90 89
-1 154 68 78
-1 155 67 77
-1 156 70 80
-1 157 69 79
-1 158 171 172
171 171 146 181
-1 181 171 172
-1 159 173 174
-1 160 175 176
172 172 182 183
-1 182 173 174
-1 183 175 176
173 173 147 148
174 174 152 153
175 175 149 150
176 176 145 151
