14 14 21 23
21 21 29 31
23 23 33 34
15 15 21 23
29 29 37 38
31 31 39 40
22 22 29 31
33 33 41 43
34 34 45 47
24 24 33 34
16 16 22 24
17 17 22 24
37 37 51 52
38 38 53 54
30 30 37 38
39 39 55 56
40 40 57 58
32 32 39 40
41 41 59 60
43 43 61 62
45 45 50 49
47 47 63 64
25 25 30 32
26 26 30 32
51 51 69 70
52 52 71 72
161 161 51 52
53 53 73 74
-1 54 91 92
162 162 53 175
-1 175 91 92
-1 55 93 94
-1 56 95 96
163 163 176 177
-1 176 93 94
-1 177 95 96
57 57 75 76
58 58 77 78
164 164 57 58
18 18 25 27
27 27 35 36
19 19 25 27
-1 97 26 28
28 28 35 36
20 20 26 28
-1 165 41 161
-1 166 43 162
59 59 79 80
60 60 81 82
42 42 59 60
61 61 83 84
62 62 85 86
44 44 61 62
-1 167 45 163
-1 168 47 164
50 50 67 68
49 49 65 66
46 46 50 49
63 63 87 88
64 64 89 90
48 48 63 64
35 35 42 44
36 36 46 48
-1 139 42 161
-1 140 44 162
-1 141 46 167
-1 142 48 168
65 65 139 140
66 66 130 131
143 143 66 65
-1 144 165 163
-1 145 166 164
67 67 144 145
68 68 141 142
146 146 68 67
69 69 100 101
70 70 98 99
71 71 104 105
72 72 102 103
73 73 156 157
74 74 154 155
147 147 74 73
91 91 147 158
92 92 159 160
93 93 148 149
94 94 152 153
95 95 150 151
96 96 146 143
75 75 108 109
76 76 106 107
148 148 76 75
77 77 112 113
78 78 110 111
149 149 78 77
79 79 116 117
80 80 114 115
81 81 120 121
82 82 118 119
83 83 124 125
84 84 122 123
150 150 84 83
85 85 128 129
86 86 126 127
151 151 86 85
87 87 134 135
88 88 132 133
152 152 88 87
89 89 138 97
90 90 136 137
153 153 90 89
-1 154 70 80
-1 155 69 79
-1 156 72 82
-1 157 71 81
-1 158 169 170
169 169 147 178
-1 178 169 170
-1 159 171 172
-1 160 173 174
170 170 179 180
-1 179 171 172
-1 180 173 174
171 171 148 149
172 172 152 153
173 173 150 151
174 174 146 143
