14 14 21 23
21 21 29 31
23 23 33 35
15 15 21 23
29 29 37 38
31 31 39 40
22 22 29 31
33 33 41 42
35 35 44 45
24 24 33 35
16 16 22 24
17 17 22 24
37 37 46 47
38 38 48 49
30 30 37 38
39 39 50 51
40 40 52 53
32 32 39 40
41 41 54 55
-1 42 56 57
34 34 41 43
-1 43 56 57
44 44 58 59
45 45 60 61
36 36 44 45
25 25 30 32
26 26 30 32
46 46 62 63
47 47 64 65
154 154 46 47
48 48 66 67
49 49 68 69
155 155 48 49
50 50 70 71
51 51 72 73
182 182 50 51
52 52 74 75
53 53 76 77
183 183 52 53
18 18 25 27
27 27 34 36
19 19 25 27
-1 94 26 28
28 28 34 36
20 20 26 28
54 54 78 79
55 55 80 81
156 156 54 55
56 56 90 91
57 57 92 93
58 58 82 83
59 59 84 85
184 184 58 59
60 60 86 87
61 61 88 89
185 185 60 61
62 62 97 98
63 63 95 96
64 64 101 102
65 65 99 100
66 66 105 106
67 67 103 104
68 68 109 110
69 69 107 108
-1 186 154 196
-1 196 190 191
-1 187 155 156
-1 140 154 156
-1 141 155 159
-1 159 190 191
70 70 113 114
71 71 111 112
72 72 117 118
73 73 115 116
74 74 121 122
75 75 119 120
76 76 125 126
77 77 123 124
-1 188 182 184
-1 189 183 185
-1 157 182 178
178 178 -1 186
-1 158 183 179
179 179 -1 187
78 78 129 130
79 79 127 128
80 80 133 134
81 81 131 132
90 90 142 143
91 91 144 145
190 190 90 91
92 92 146 147
93 93 148 149
191 191 92 93
82 82 -1 150
83 83 -1 151
-1 150 178 157
-1 151 179 158
84 84 -1 152
85 85 -1 153
-1 152 180 160
-1 153 181 161
86 86 140 141
87 87 135 136
88 88 139 94
89 89 137 138
-1 160 184 180
180 180 -1 188
-1 161 185 181
181 181 -1 189
-1 162 63 84
-1 163 62 85
-1 164 65 82
-1 165 64 83
-1 166 67 87
-1 167 66 86
-1 168 69 89
-1 169 68 88
-1 170 71 194
-1 194 143 147
-1 171 70 195
-1 195 142 146
-1 172 73 192
-1 192 145 149
-1 173 72 193
-1 193 144 148
-1 174 75 79
-1 175 74 78
-1 176 77 81
-1 177 76 80
142 142 168 169
143 143 166 167
144 144 164 165
145 145 162 163
146 146 176 177
147 147 174 175
148 148 172 173
149 149 170 171
