14 14 21 23
21 21 29 31
23 23 33 35
15 15 21 23
-1 29 41 42
-1 31 43 44
22 22 30 32
-1 30 41 42
-1 32 43 44
-1 33 49 50
-1 35 51 52
24 24 34 36
-1 34 49 50
-1 36 51 53
16 16 22 24
17 17 22 24
41 41 60 61
42 42 62 63
43 43 64 65
44 44 66 67
49 49 68 69
50 50 70 71
51 51 72 73
52 52 -1 74
53 53 -1 75
60 60 76 77
61 61 78 79
62 62 80 81
63 63 82 83
64 64 84 85
65 65 86 87
66 66 88 89
67 67 90 91
25 25 37 38
37 37 45 46
38 38 47 48
26 26 38 37
18 18 25 27
27 27 39 40
19 19 26 28
28 28 40 39
20 20 26 28
-1 45 60 62
-1 46 61 63
-1 47 64 66
-1 48 65 67
68 68 92 93
69 69 94 95
70 70 96 97
71 71 98 99
72 72 100 101
73 73 102 103
-1 74 106 107
-1 75 106 107
39 39 54 55
40 40 56 57
-1 54 68 70
-1 55 69 71
-1 56 72 58
58 58 -1 104
-1 57 73 59
59 59 -1 105
-1 104 165 168
-1 105 164 169
-1 162 25 170
-1 170 178 184
-1 163 27 171
-1 171 179 185
76 76 110 111
77 77 108 109
78 78 114 115
79 79 112 113
80 80 118 119
81 81 116 117
82 82 122 123
83 83 120 121
84 84 126 127
85 85 124 125
86 86 130 131
87 87 128 129
88 88 134 135
89 89 132 133
90 90 138 139
91 91 136 137
92 92 142 143
93 93 140 141
94 94 146 147
95 95 144 145
96 96 150 151
97 97 148 149
98 98 154 155
99 99 152 153
100 100 162 163
101 101 156 157
102 102 160 161
103 103 158 159
-1 194 52 103
-1 195 53 102
106 106 164 165
107 107 166 167
-1 196 58 101
-1 197 59 100
165 165 176 177
168 168 -1 175
164 164 172 173
169 169 -1 174
-1 198 77 81
-1 199 76 80
-1 200 79 83
-1 201 78 82
-1 202 85 89
-1 203 84 88
-1 204 87 91
-1 205 86 90
178 178 186 187
184 184 191 190
179 179 188 189
185 185 193 192
-1 172 178 166
166 166 -1 174
-1 173 179 167
167 167 -1 175
186 186 204 205
187 187 202 203
188 188 200 201
189 189 198 199
-1 180 187 192
192 192 194 195
-1 181 186 193
193 193 196 197
-1 182 189 190
190 190 206 207
-1 183 188 191
191 191 208 209
174 174 182 183
-1 206 95 99
-1 207 94 98
-1 208 93 97
-1 209 92 96
175 175 180 181
-1 176 184 168
-1 177 185 169
