14 14 21 23
21 21 29 31
23 23 33 35
15 15 21 23
-1 29 41 42
-1 31 43 44
22 22 30 32
-1 30 41 42
-1 32 43 44
-1 33 49 50
-1 35 51 52
24 24 34 36
-1 34 49 50
-1 36 51 53
16 16 22 24
17 17 22 24
41 41 60 61
42 42 62 63
43 43 64 65
44 44 66 67
49 49 68 69
50 50 70 71
51 51 72 73
52 52 -1 74
53 53 -1 75
60 60 76 77
61 61 78 79
62 62 80 81
63 63 82 83
64 64 84 85
65 65 86 87
66 66 88 89
67 67 90 91
25 25 37 38
37 37 45 46
38 38 47 48
26 26 38 37
18 18 25 27
27 27 39 40
19 19 25 27
-1 108 26 28
28 28 40 39
20 20 26 28
-1 45 60 62
-1 46 61 63
-1 47 64 66
-1 48 65 67
68 68 92 93
69 69 94 95
70 70 96 97
71 71 98 99
72 72 100 105
73 73 101 102
-1 74 106 107
-1 75 106 107
39 39 54 55
40 40 56 57
-1 54 68 70
-1 55 69 71
-1 56 72 58
58 58 -1 103
-1 57 73 59
59 59 -1 104
-1 103 165 168
-1 104 164 169
76 76 111 112
77 77 109 110
78 78 115 116
79 79 113 114
80 80 119 120
81 81 117 118
82 82 123 124
83 83 121 122
84 84 127 128
85 85 125 126
86 86 131 132
87 87 129 130
88 88 135 136
89 89 133 134
90 90 139 140
91 91 137 138
92 92 143 144
93 93 141 142
94 94 147 148
95 95 145 146
96 96 151 152
97 97 149 150
98 98 155 156
99 99 153 154
100 100 157 158
-1 105 162 163
101 101 161 108
102 102 159 160
-1 182 52 102
-1 183 53 101
106 106 164 165
107 107 166 167
-1 184 58 100
-1 185 59 206
-1 206 162 163
165 165 174 175
168 168 -1 170
164 164 172 173
169 169 -1 176
-1 198 77 81
-1 199 76 80
-1 200 79 83
-1 201 78 82
-1 186 85 89
-1 187 84 88
-1 188 87 91
-1 189 86 90
-1 170 190 193
190 190 191 192
193 193 194 195
-1 171 190 193
191 191 200 201
192 192 198 199
194 194 202 203
195 195 204 205
-1 172 192 166
166 166 -1 171
-1 173 191 167
167 167 -1 177
-1 174 195 168
-1 175 194 169
-1 202 95 99
-1 203 94 98
-1 204 93 97
-1 205 92 96
-1 176 196 197
196 196 178 179
197 197 180 181
-1 177 196 197
178 178 188 189
179 179 186 187
162 162 179 178
180 180 182 183
181 181 184 185
163 163 181 180
