14 14 21 23
21 21 29 31
23 23 33 35
15 15 21 23
-1 29 41 42
-1 31 43 44
22 22 30 32
-1 30 41 42
-1 32 43 44
-1 33 49 50
-1 35 51 52
24 24 34 36
-1 34 49 50
-1 36 51 52
16 16 22 24
17 17 22 24
41 41 57 58
42 42 59 60
43 43 61 62
44 44 63 64
49 49 65 66
50 50 67 68
51 51 69 70
52 52 73 71
57 57 74 75
58 58 76 77
59 59 78 79
60 60 80 81
61 61 82 83
62 62 84 85
63 63 86 87
64 64 88 89
25 25 37 38
37 37 45 46
38 38 47 48
26 26 38 37
18 18 25 27
27 27 39 40
19 19 26 28
28 28 40 39
20 20 26 28
-1 45 57 59
-1 46 58 60
-1 47 61 63
-1 48 62 64
65 65 90 91
66 66 92 93
67 67 94 95
68 68 96 97
69 69 102 103
70 70 98 99
73 73 100 101
71 71 -1 104
39 39 53 54
40 40 55 56
-1 53 65 67
-1 54 66 68
-1 55 69 72
72 72 -1 105
-1 56 70 73
-1 169 25 166
166 166 -1 179
-1 170 27 167
167 167 -1 179
74 74 108 109
75 75 106 107
76 76 112 113
77 77 110 111
78 78 116 117
79 79 114 115
80 80 120 121
81 81 118 119
82 82 124 125
83 83 122 123
84 84 128 129
85 85 126 127
86 86 132 133
87 87 130 131
88 88 136 137
89 89 134 135
90 90 140 141
91 91 138 139
92 92 144 145
93 93 142 143
94 94 148 149
95 95 146 147
96 96 152 153
97 97 150 151
-1 102 162 163
-1 103 165 164
98 98 156 157
99 99 154 155
-1 104 168 166
-1 105 168 167
100 100 160 161
101 101 158 159
-1 190 75 79
-1 191 74 78
-1 192 77 81
-1 193 76 80
-1 194 83 87
-1 195 82 86
-1 196 85 89
-1 197 84 88
162 162 171 172
171 171 182 183
172 172 184 185
-1 180 171 177
177 177 187 186
-1 181 172 178
178 178 189 188
-1 163 173 176
-1 206 162 208
-1 208 173 176
182 182 196 197
183 183 194 195
184 184 192 193
185 185 190 191
173 173 185 184
-1 174 183 188
188 188 202 203
-1 175 182 189
189 189 204 205
176 176 186 187
186 186 198 199
187 187 200 201
164 164 177 178
-1 198 93 97
-1 199 92 96
-1 200 91 95
-1 201 90 94
165 165 174 175
-1 207 165 164
-1 202 99 101
-1 203 98 100
-1 204 206 71
-1 205 207 72
179 179 180 181
168 168 169 170
