14 14 21 23
21 21 29 31
23 23 33 35
15 15 21 23
29 29 37 38
31 31 40 42
22 22 29 31
33 33 44 46
35 35 48 49
24 24 33 35
16 16 22 24
17 17 22 24
37 37 50 51
-1 38 52 53
30 30 37 39
-1 39 52 53
-1 40 54 55
-1 42 56 57
32 32 41 43
-1 41 54 55
-1 43 56 57
-1 44 58 59
-1 46 60 61
34 34 45 47
-1 45 58 59
-1 47 60 62
48 48 63 64
49 49 65 66
36 36 48 49
25 25 30 32
26 26 30 32
50 50 68 69
51 51 70 71
272 272 50 51
52 52 72 73
53 53 74 75
54 54 76 77
55 55 78 79
56 56 80 81
57 57 82 83
18 18 25 27
27 27 34 36
19 19 26 28
28 28 34 36
20 20 26 28
58 58 84 85
59 59 86 87
60 60 88 89
61 61 -1 90
62 62 -1 90
63 63 92 93
64 64 94 95
273 273 63 64
65 65 67 97
66 66 91 96
274 274 65 66
-1 222 25 254
-1 254 264 270
-1 223 27 255
-1 255 267 271
264 264 272 275
-1 275 281 282
68 68 104 159
69 69 143 156
98 98 68 69
70 70 149 146
71 71 155 152
99 99 70 71
72 72 109 110
73 73 111 112
281 281 72 73
74 74 105 106
75 75 107 108
282 282 74 75
-1 265 272 279
279 279 287 288
-1 266 276 280
-1 276 281 282
280 280 289 290
76 76 113 114
77 77 115 116
78 78 117 118
79 79 119 120
80 80 121 122
81 81 123 124
82 82 125 126
83 83 127 128
267 267 277 278
277 277 283 284
278 278 285 286
-1 268 278 273
-1 269 277 274
-1 283 76 78
-1 284 77 79
-1 285 80 82
-1 286 81 83
84 84 129 130
85 85 131 132
86 86 133 134
87 87 135 136
88 88 137 138
89 89 139 140
90 90 141 142
270 270 280 279
-1 287 84 86
-1 288 85 87
-1 289 88 252
252 252 -1 142
-1 290 89 253
253 253 -1 141
142 142 235 236
141 141 233 234
271 271 273 274
92 92 144 145
93 93 147 148
100 100 92 93
94 94 150 151
95 95 153 154
101 101 94 95
67 67 98 99
-1 97 157 158
102 102 67 232
-1 232 157 158
91 91 100 101
96 96 102 103
103 103 91 96
-1 256 264 258
258 258 -1 265
-1 257 267 259
259 259 -1 266
104 104 98 99
-1 159 237 238
105 105 104 239
-1 239 237 238
143 143 100 101
156 156 102 103
106 106 143 156
149 149 148 147
146 146 145 144
107 107 149 146
155 155 154 153
152 152 151 150
108 108 155 152
109 109 162 163
110 110 160 161
224 224 110 109
111 111 166 167
112 112 164 165
225 225 112 111
226 226 105 106
227 227 107 108
113 113 170 171
114 114 168 169
115 115 174 175
116 116 172 173
117 117 178 179
118 118 176 177
119 119 182 183
120 120 180 181
121 121 186 187
122 122 184 185
123 123 190 191
124 124 188 189
125 125 194 195
126 126 192 193
127 127 198 199
128 128 196 197
260 260 -1 268
261 261 -1 269
-1 262 270 260
-1 263 271 261
129 129 202 203
130 130 200 201
131 131 206 207
132 132 204 205
133 133 210 211
134 134 208 209
135 135 214 215
136 136 212 213
137 137 222 223
138 138 216 217
139 139 220 221
140 140 218 219
-1 228 61 140
-1 229 62 139
-1 230 252 138
-1 231 253 137
144 144 242 243
145 145 240 241
147 147 246 247
148 148 244 245
150 150 250 251
151 151 248 249
153 153 228 229
154 154 230 231
157 157 224 225
158 158 226 227
-1 233 258 256
-1 234 259 257
-1 235 260 262
-1 236 261 263
237 237 224 225
238 238 226 227
-1 240 114 118
-1 241 113 117
-1 242 116 120
-1 243 115 119
-1 244 122 126
-1 245 121 125
-1 246 124 128
-1 247 123 127
-1 248 130 134
-1 249 129 133
-1 250 132 136
-1 251 131 135
