14 14 21 23
-1 21 35 37
-1 23 39 41
15 15 22 24
-1 22 36 38
-1 24 40 42
-1 35 63 65
-1 37 67 69
-1 36 63 65
-1 38 67 69
-1 39 71 73
-1 41 75 77
-1 40 71 73
-1 42 75 77
63 63 95 97
65 65 99 101
67 67 103 105
69 69 107 109
71 71 111 113
73 73 115 117
75 75 119 121
77 77 123 125
16 16 25 27
-1 25 43 45
-1 27 47 49
17 17 26 28
-1 26 44 46
-1 28 48 50
-1 43 64 66
-1 45 68 70
-1 44 64 66
-1 46 68 70
-1 47 72 74
-1 49 76 78
-1 48 72 74
-1 50 76 78
64 64 95 97
66 66 99 101
68 68 103 105
70 70 107 109
72 72 111 113
74 74 115 117
76 76 119 121
78 78 123 125
95 95 127 128
97 97 129 130
99 99 131 132
101 101 133 134
103 103 135 136
105 105 137 138
107 107 139 140
109 109 141 142
111 111 143 144
113 113 145 146
115 115 147 148
117 117 149 150
119 119 151 152
121 121 153 154
123 123 155 156
125 125 157 158
127 127 162 163
128 128 160 161
96 96 128 127
129 129 166 167
130 130 164 165
98 98 130 129
131 131 170 171
132 132 168 169
100 100 132 131
133 133 174 175
134 134 172 173
102 102 134 133
135 135 178 179
136 136 176 177
104 104 136 135
137 137 182 183
138 138 180 181
106 106 138 137
139 139 186 187
140 140 184 185
108 108 140 139
141 141 190 191
142 142 188 189
110 110 142 141
143 143 194 195
144 144 192 193
112 112 144 143
145 145 198 199
146 146 196 197
114 114 146 145
147 147 202 203
148 148 200 201
116 116 148 147
149 149 206 207
150 150 204 205
118 118 150 149
151 151 210 211
152 152 208 209
120 120 152 151
153 153 214 215
154 154 212 213
122 122 154 153
155 155 218 219
156 156 216 217
124 124 156 155
157 157 222 159
158 158 220 221
126 126 158 157
18 18 29 31
-1 29 51 53
-1 31 55 57
19 19 30 32
-1 30 52 54
-1 32 56 58
-1 51 79 81
-1 53 83 85
-1 52 79 81
-1 54 83 85
-1 55 87 89
-1 57 91 93
-1 56 87 89
-1 58 91 93
79 79 102 100
81 81 98 96
83 83 110 108
85 85 106 104
87 87 118 116
89 89 114 112
91 91 126 124
93 93 122 120
-1 159 223 224
-1 223 225 226
-1 224 227 228
20 20 33 34
-1 33 59 60
-1 34 61 62
-1 225 80 82
-1 226 84 86
-1 59 80 82
-1 60 84 86
-1 227 88 90
-1 228 92 94
-1 61 88 90
-1 62 92 94
80 80 102 100
82 82 98 96
84 84 110 108
86 86 106 104
88 88 118 116
90 90 114 112
92 92 126 124
94 94 122 120
