15 15 23 25
23 23 31 33
25 25 35 37
16 16 23 25
31 31 43 44
33 33 46 48
24 24 31 33
35 35 50 52
37 37 55 57
43 43 35 37
17 17 26 24
26 26 36 40
18 18 26 24
36 36 50 52
40 40 56 58
27 27 36 40
19 19 28 27
28 28 32 34
20 20 28 27
32 32 43 44
34 34 46 48
44 44 32 34
21 21 29 30
29 29 41 39
30 30 38 42
22 22 29 30
41 41 56 58
39 39 49 53
38 38 47 51
42 42 45 54
45 45 38 42
-1 98 41 51
51 51 65 64
-1 99 59 54
59 59 55 57
54 54 59 71
-1 100 71 39
71 71 49 53
46 46 60 61
48 48 62 63
50 50 64 65
52 52 66 67
55 55 68 69
57 57 70 72
60 60 76 77
61 61 74 75
47 47 61 60
62 62 80 81
63 63 78 79
49 49 63 62
64 64 84 85
65 65 82 83
66 66 88 89
67 67 86 87
53 53 67 66
68 68 92 93
69 69 90 91
56 56 69 68
70 70 94 73
72 72 95 96
58 58 70 72
73 73 97 98
95 95 99 100
96 96 101 102
-1 101 96 47
-1 102 95 45
-1 97 73 21
