15 15 23 25
23 23 31 33
25 25 35 37
16 16 23 25
31 31 39 40
33 33 41 42
24 24 31 33
35 35 44 45
37 37 46 47
26 26 35 37
17 17 24 26
18 18 24 26
39 39 48 49
40 40 50 51
32 32 39 40
41 41 52 53
-1 42 54 55
34 34 41 43
-1 43 54 55
44 44 56 57
45 45 58 59
36 36 44 45
46 46 60 61
47 47 62 63
38 38 46 47
27 27 32 34
28 28 32 34
48 48 65 66
49 49 67 68
97 97 48 49
50 50 64 69
51 51 74 83
98 98 50 51
52 52 70 71
53 53 72 73
99 99 52 53
54 54 92 93
55 55 94 95
19 19 27 29
29 29 36 38
20 20 27 29
21 21 28 30
30 30 36 38
22 22 28 30
56 56 75 76
57 57 77 78
100 100 56 57
58 58 79 80
59 59 81 82
101 101 58 59
60 60 84 85
61 61 86 87
102 102 60 61
62 62 88 89
63 63 90 91
103 103 62 63
64 64 97 98
177 177 97 98
65 65 106 107
66 66 104 105
67 67 110 111
68 68 108 109
69 69 99 140
74 74 100 101
83 83 102 103
170 170 177 178
178 178 99 182
-1 140 158 159
-1 182 158 159
70 70 149 150
71 71 147 148
138 138 71 70
72 72 145 146
73 73 151 152
139 139 73 72
92 92 138 139
-1 93 153 154
158 158 92 172
-1 172 153 154
94 94 141 142
95 95 143 144
159 159 94 95
179 179 100 101
75 75 114 115
76 76 112 113
77 77 118 119
78 78 116 117
79 79 122 123
80 80 120 121
81 81 126 127
82 82 124 125
171 171 179 180
180 180 102 103
84 84 130 131
85 85 128 129
141 141 85 84
86 86 134 135
87 87 132 133
142 142 87 86
88 88 -1 155
89 89 -1 156
-1 155 164 166
-1 156 165 167
143 143 88 89
90 90 -1 96
91 91 136 137
144 144 91 90
-1 145 64 78
-1 146 69 77
-1 173 177 179
-1 174 178 180
-1 169 170 171
-1 147 66 80
-1 148 65 79
-1 149 68 82
-1 150 67 81
-1 151 74 76
-1 152 83 75
161 161 138 139
153 153 161 168
-1 168 175 176
175 175 161 181
-1 181 175 176
154 154 162 163
162 162 141 142
163 163 143 144
164 164 -1 173
165 165 -1 174
-1 166 170 164
-1 167 171 165
176 176 162 163
-1 96 157 160
157 157 -1 169
-1 160 157 21
