15 15 23 25
23 23 31 33
25 25 35 37
16 16 23 25
31 31 39 40
33 33 41 42
24 24 31 33
35 35 44 45
37 37 46 47
26 26 35 37
17 17 24 26
18 18 24 26
39 39 48 49
40 40 50 51
32 32 39 40
41 41 52 53
-1 42 54 55
34 34 41 43
-1 43 54 55
44 44 56 57
45 45 58 59
36 36 44 45
46 46 60 61
47 47 62 63
38 38 46 47
27 27 32 34
28 28 32 34
48 48 65 66
49 49 67 68
97 97 48 49
50 50 64 69
51 51 74 83
98 98 50 51
52 52 70 71
53 53 72 73
99 99 52 53
54 54 91 92
55 55 93 94
19 19 27 29
29 29 36 38
20 20 27 29
21 21 28 30
30 30 36 38
22 22 28 30
56 56 75 76
57 57 77 78
100 100 56 57
58 58 79 80
59 59 81 82
101 101 58 59
60 60 84 85
61 61 86 87
102 102 60 61
62 62 88 95
63 63 89 90
103 103 62 63
64 64 97 98
172 172 97 98
65 65 106 107
66 66 104 105
67 67 110 111
68 68 108 109
69 69 99 143
74 74 100 101
83 83 102 103
161 161 172 173
173 173 99 179
-1 143 163 164
-1 179 163 164
70 70 153 154
71 71 151 152
141 141 71 70
72 72 148 149
73 73 155 156
142 142 73 72
91 91 141 142
-1 92 157 159
163 163 91 176
-1 176 157 159
93 93 144 145
94 94 146 147
164 164 93 94
174 174 100 101
75 75 114 115
76 76 112 113
77 77 118 119
78 78 116 117
79 79 122 123
80 80 120 121
81 81 126 127
82 82 124 125
162 162 174 175
175 175 102 103
84 84 130 131
85 85 128 129
144 144 85 84
86 86 134 135
87 87 132 133
145 145 87 86
88 88 136 137
-1 95 158 150
146 146 88 170
-1 170 158 150
89 89 140 96
90 90 138 139
147 147 90 89
-1 148 64 78
-1 149 69 77
-1 165 172 174
-1 166 173 175
150 150 161 162
-1 160 161 162
-1 151 66 80
-1 152 65 79
-1 153 68 82
-1 154 67 81
-1 155 74 76
-1 156 83 75
167 167 141 142
157 157 167 171
-1 171 177 178
177 177 167 180
-1 180 177 178
159 159 168 169
168 168 144 145
169 169 146 147
158 158 165 166
178 178 168 169
-1 96 21 160
