15 15 23 25
23 23 31 33
25 25 35 36
16 16 23 25
31 31 39 40
33 33 41 42
24 24 31 33
35 35 43 45
36 36 47 49
26 26 35 36
17 17 24 26
18 18 24 26
39 39 55 56
40 40 57 58
32 32 39 40
41 41 59 60
42 42 61 62
34 34 41 42
43 43 51 52
45 45 53 54
51 51 43 45
47 47 63 64
49 49 65 66
52 52 47 49
27 27 32 34
28 28 32 34
55 55 71 72
56 56 73 74
67 67 55 56
57 57 75 76
58 58 77 78
68 68 57 58
59 59 79 80
-1 60 93 94
69 69 59 96
-1 96 93 94
61 61 81 82
62 62 83 84
70 70 61 62
19 19 27 29
29 29 37 38
20 20 27 29
21 21 28 30
30 30 37 38
22 22 28 30
44 44 51 52
53 53 67 68
54 54 69 70
46 46 53 54
63 63 85 86
64 64 87 88
48 48 63 64
65 65 89 90
66 66 91 92
50 50 65 66
37 37 44 46
151 151 44 46
38 38 48 50
152 152 48 50
145 145 151 152
-1 147 151 153
153 153 67 68
-1 148 152 154
154 154 69 70
-1 144 145 146
146 146 153 154
-1 130 145 147
-1 131 146 148
71 71 99 100
72 72 97 98
73 73 103 104
74 74 101 102
75 75 107 108
76 76 105 106
77 77 111 112
78 78 109 110
79 79 141 142
80 80 139 140
132 132 80 79
93 93 132 143
94 94 133 134
81 81 115 116
82 82 113 114
83 83 119 120
84 84 117 118
85 85 137 138
86 86 135 136
133 133 86 85
87 87 123 124
88 88 121 122
134 134 88 87
89 89 130 131
90 90 125 126
91 91 129 95
92 92 127 128
-1 135 72 90
-1 136 71 89
-1 137 74 92
-1 138 73 91
-1 139 76 82
-1 140 75 81
-1 141 78 84
-1 142 77 83
-1 143 149 150
149 149 132 155
-1 155 149 150
150 150 133 134
-1 95 21 144
