15 15 23 25
23 23 31 33
25 25 35 36
16 16 23 25
31 31 39 40
33 33 41 42
24 24 31 33
35 35 43 45
36 36 47 49
26 26 35 36
17 17 24 26
18 18 24 26
39 39 51 52
40 40 53 54
32 32 39 40
41 41 55 56
42 42 57 58
34 34 41 42
43 43 60 61
45 45 62 63
47 47 59 64
49 49 65 66
27 27 32 34
28 28 32 34
51 51 67 68
52 52 69 70
165 165 51 52
53 53 71 72
-1 54 93 94
166 166 53 183
-1 183 93 94
-1 55 95 96
-1 56 97 98
167 167 184 185
-1 184 95 96
-1 185 97 98
57 57 73 74
58 58 75 76
168 168 57 58
19 19 27 29
29 29 37 38
20 20 27 29
21 21 28 30
30 30 37 38
22 22 28 30
-1 140 43 165
-1 141 45 166
60 60 79 80
61 61 81 82
44 44 60 61
62 62 83 84
63 63 85 86
46 46 62 63
-1 142 47 167
-1 143 49 168
59 59 77 78
64 64 87 88
48 48 59 64
65 65 89 90
66 66 91 92
50 50 65 66
37 37 44 46
38 38 48 50
179 179 44 46
180 180 48 50
163 163 179 180
-1 170 179 181
181 181 165 166
-1 171 180 182
182 182 167 168
-1 178 163 164
164 164 181 182
-1 144 163 170
-1 145 164 171
67 67 102 103
68 68 100 101
69 69 106 107
70 70 104 105
71 71 157 158
72 72 155 156
146 146 72 71
93 93 146 159
94 94 160 161
95 95 147 148
96 96 153 154
97 97 150 151
98 98 149 152
73 73 110 111
74 74 108 109
147 147 74 73
75 75 114 115
76 76 112 113
148 148 76 75
77 77 140 141
78 78 142 143
149 149 78 77
79 79 118 119
80 80 116 117
81 81 122 123
82 82 120 121
83 83 126 127
84 84 124 125
150 150 84 83
85 85 130 131
86 86 128 129
151 151 86 85
87 87 144 145
88 88 132 133
152 152 88 87
89 89 136 137
90 90 134 135
153 153 90 89
91 91 -1 99
92 92 138 139
154 154 92 91
-1 155 68 80
-1 156 67 79
-1 157 70 82
-1 158 69 81
-1 159 172 173
172 172 146 186
-1 186 172 173
-1 160 174 175
-1 161 176 177
173 173 187 188
-1 187 174 175
-1 188 176 177
174 174 147 148
175 175 153 154
176 176 150 151
177 177 149 152
-1 99 162 169
162 162 -1 178
-1 169 162 21
