15 15 23 25
23 23 31 33
25 25 35 37
16 16 23 25
31 31 39 40
33 33 41 42
24 24 31 33
35 35 43 44
37 37 46 47
26 26 35 37
17 17 24 26
18 18 24 26
39 39 48 49
40 40 50 51
32 32 39 40
41 41 52 53
42 42 54 55
34 34 41 42
43 43 56 57
-1 44 58 59
36 36 43 45
-1 45 58 59
46 46 60 61
47 47 62 63
38 38 46 47
27 27 32 34
28 28 32 34
48 48 64 65
49 49 66 67
163 163 48 49
50 50 68 69
51 51 70 71
164 164 50 51
52 52 72 73
53 53 74 75
165 165 52 53
54 54 76 77
55 55 78 79
166 166 54 55
19 19 27 29
29 29 36 38
20 20 27 29
21 21 28 30
30 30 36 38
22 22 28 30
56 56 80 81
57 57 82 83
167 167 56 57
58 58 92 93
59 59 94 95
60 60 84 85
61 61 86 87
168 168 60 61
62 62 88 91
63 63 89 90
169 169 62 63
189 189 163 164
64 64 99 100
65 65 97 98
66 66 103 104
67 67 101 102
68 68 107 108
69 69 105 106
70 70 111 112
71 71 109 110
161 161 189 190
190 190 165 166
-1 146 163 170
-1 170 193 194
-1 147 164 167
72 72 115 116
73 73 113 114
74 74 119 120
75 75 117 118
76 76 123 124
77 77 121 122
78 78 127 128
79 79 125 126
-1 148 165 168
-1 149 166 169
191 191 167 200
-1 200 193 194
80 80 131 132
81 81 129 130
82 82 135 136
83 83 133 134
92 92 152 153
93 93 154 155
193 193 92 93
94 94 156 157
95 95 158 159
194 194 94 95
162 162 191 192
192 192 168 169
84 84 146 147
85 85 148 149
86 86 139 140
87 87 137 138
88 88 141 142
-1 91 151 150
89 89 145 96
90 90 143 144
-1 171 189 191
-1 172 190 192
150 150 161 162
-1 160 161 162
-1 173 65 85
-1 174 64 84
-1 175 67 87
-1 176 66 86
-1 177 69 88
-1 178 68 195
-1 195 151 150
-1 179 71 90
-1 180 70 89
-1 181 73 198
-1 198 153 157
-1 182 72 199
-1 199 152 156
-1 183 75 196
-1 196 155 159
-1 184 74 197
-1 197 154 158
-1 185 77 81
-1 186 76 80
-1 187 79 83
-1 188 78 82
151 151 171 172
152 152 179 180
153 153 177 178
154 154 175 176
155 155 173 174
156 156 187 188
157 157 185 186
158 158 183 184
159 159 181 182
-1 96 21 160
