15 15 23 25
23 23 31 33
25 25 35 37
16 16 23 25
-1 31 43 44
-1 33 45 46
24 24 32 34
-1 32 43 44
-1 34 45 46
-1 35 51 52
-1 37 53 54
26 26 36 38
-1 36 51 52
-1 38 53 54
17 17 24 26
18 18 24 26
43 43 59 60
44 44 61 62
45 45 63 64
46 46 65 66
51 51 67 68
52 52 69 70
53 53 71 72
54 54 73 74
59 59 75 76
60 60 77 78
61 61 79 80
62 62 81 82
63 63 83 84
64 64 85 86
65 65 87 88
66 66 89 90
27 27 39 40
39 39 47 48
40 40 49 50
28 28 40 39
19 19 27 29
29 29 41 42
20 20 27 29
21 21 28 30
30 30 42 41
22 22 28 30
-1 47 59 61
-1 48 60 62
-1 49 63 65
-1 50 64 66
67 67 91 92
68 68 93 94
69 69 102 103
70 70 104 105
71 71 95 96
72 72 97 98
73 73 99 106
74 74 100 101
41 41 55 56
42 42 57 58
-1 55 67 69
-1 56 68 70
-1 57 71 73
-1 58 72 74
75 75 118 119
76 76 116 117
77 77 122 123
78 78 120 121
79 79 126 127
80 80 124 125
81 81 130 131
82 82 128 129
83 83 134 135
84 84 132 133
85 85 138 139
86 86 136 137
87 87 142 143
88 88 140 141
89 89 146 147
90 90 144 145
91 91 150 151
92 92 148 149
93 93 154 155
94 94 152 153
102 102 108 109
103 103 110 111
104 104 112 113
105 105 114 115
95 95 158 159
96 96 156 157
97 97 162 163
98 98 160 161
99 99 164 165
-1 106 169 168
100 100 -1 107
101 101 166 167
-1 173 76 80
-1 174 75 79
-1 175 78 82
-1 176 77 81
-1 177 84 88
-1 178 83 87
-1 179 86 90
-1 180 85 89
-1 181 94 102
-1 182 93 103
108 108 175 176
109 109 173 174
193 193 109 108
110 110 179 180
111 111 177 178
194 194 111 110
171 171 193 194
-1 190 193 196
196 196 115 114
-1 191 194 195
195 195 113 112
168 168 171 172
172 172 196 195
-1 192 171 172
-1 183 92 104
-1 184 91 105
112 112 181 182
113 113 183 184
114 114 187 188
115 115 185 186
169 169 190 191
-1 197 169 168
-1 185 96 99
-1 186 95 197
-1 187 98 101
-1 188 97 100
-1 107 170 189
170 170 -1 192
-1 189 170 21
