15 15 23 25
23 23 31 33
25 25 35 37
16 16 23 25
-1 31 43 44
-1 33 45 46
24 24 32 34
-1 32 43 44
-1 34 45 46
-1 35 51 52
-1 37 53 54
26 26 36 38
-1 36 51 52
-1 38 53 54
17 17 24 26
18 18 24 26
43 43 59 60
44 44 61 62
45 45 63 64
46 46 65 66
51 51 67 68
52 52 69 70
53 53 71 72
54 54 75 73
59 59 76 77
60 60 78 79
61 61 80 81
62 62 82 83
63 63 84 85
64 64 86 87
65 65 88 89
66 66 90 91
27 27 39 40
39 39 47 48
40 40 49 50
28 28 40 39
19 19 27 29
29 29 41 42
20 20 27 29
21 21 28 30
30 30 42 41
22 22 28 30
-1 47 59 61
-1 48 60 62
-1 49 63 65
-1 50 64 66
67 67 92 93
68 68 94 95
69 69 96 97
70 70 98 99
71 71 105 104
72 72 100 101
75 75 102 103
73 73 -1 106
41 41 55 56
42 42 57 58
-1 55 67 69
-1 56 68 70
-1 57 71 74
74 74 -1 107
-1 58 72 75
76 76 111 112
77 77 109 110
78 78 115 116
79 79 113 114
80 80 119 120
81 81 117 118
82 82 123 124
83 83 121 122
84 84 127 128
85 85 125 126
86 86 131 132
87 87 129 130
88 88 135 136
89 89 133 134
90 90 139 140
91 91 137 138
92 92 143 144
93 93 141 142
94 94 147 148
95 95 145 146
96 96 151 152
97 97 149 150
98 98 155 156
99 99 153 154
-1 105 164 165
-1 104 163 166
100 100 159 160
101 101 157 158
-1 106 169 167
-1 107 169 168
102 102 -1 108
103 103 161 162
-1 186 77 81
-1 187 76 80
-1 188 79 83
-1 189 78 82
-1 190 85 89
-1 191 84 88
-1 192 87 91
-1 193 86 90
184 184 204 205
204 204 171 172
205 205 173 174
-1 202 204 206
206 206 176 175
-1 203 205 207
207 207 178 177
-1 183 184 185
185 185 206 207
171 171 192 193
172 172 190 191
163 163 172 171
173 173 188 189
174 174 186 187
164 164 174 173
166 166 177 178
-1 208 163 166
165 165 175 176
-1 209 164 165
175 175 194 195
176 176 196 197
-1 194 95 99
-1 195 94 98
-1 196 93 97
-1 197 92 96
177 177 198 199
178 178 200 201
-1 198 101 103
-1 199 100 102
-1 200 209 73
-1 201 208 74
167 167 -1 180
180 180 202 203
168 168 -1 180
-1 181 184 167
-1 182 185 168
169 169 181 182
-1 108 170 179
170 170 -1 183
-1 179 170 21
