15 15 23 25
23 23 31 33
25 25 35 37
16 16 23 25
-1 31 43 44
-1 33 45 46
24 24 32 34
-1 32 43 44
-1 34 45 46
-1 35 51 52
-1 37 53 54
26 26 36 38
-1 36 51 52
-1 38 53 54
17 17 24 26
18 18 24 26
43 43 59 60
44 44 61 62
45 45 63 64
46 46 65 66
51 51 67 68
52 52 69 70
53 53 71 72
54 54 75 73
59 59 76 77
60 60 78 79
61 61 80 81
62 62 82 83
63 63 84 85
64 64 86 87
65 65 88 89
66 66 90 91
27 27 39 40
39 39 47 48
40 40 49 50
28 28 40 39
19 19 27 29
29 29 41 42
20 20 27 29
21 21 28 30
30 30 42 41
22 22 28 30
-1 47 59 61
-1 48 60 62
-1 49 63 65
-1 50 64 66
67 67 92 93
68 68 94 95
69 69 102 103
70 70 104 105
71 71 96 97
72 72 98 99
75 75 100 101
73 73 -1 106
41 41 55 56
42 42 57 58
-1 55 67 69
-1 56 68 70
-1 57 71 74
74 74 -1 107
-1 58 72 75
76 76 119 120
77 77 117 118
78 78 123 124
79 79 121 122
80 80 127 128
81 81 125 126
82 82 131 132
83 83 129 130
84 84 135 136
85 85 133 134
86 86 139 140
87 87 137 138
88 88 143 144
89 89 141 142
90 90 147 148
91 91 145 146
92 92 151 152
93 93 149 150
94 94 155 156
95 95 153 154
102 102 109 110
103 103 111 112
104 104 113 114
105 105 115 116
96 96 159 160
97 97 157 158
98 98 163 164
99 99 161 162
-1 106 170 168
-1 107 170 169
100 100 167 108
101 101 165 166
-1 172 77 81
-1 173 76 80
-1 174 79 83
-1 175 78 82
-1 176 85 89
-1 177 84 88
-1 178 87 91
-1 179 86 90
-1 180 95 102
-1 181 94 103
109 109 174 175
110 110 172 173
195 195 110 109
111 111 178 179
112 112 176 177
196 196 112 111
191 191 195 196
-1 193 195 198
198 198 116 115
-1 194 196 197
197 197 114 113
-1 171 191 192
192 192 198 197
-1 182 93 104
-1 183 92 105
113 113 180 181
114 114 182 183
115 115 186 187
116 116 184 185
168 168 -1 188
188 188 193 194
169 169 -1 188
-1 189 191 168
-1 190 192 169
-1 184 97 73
-1 185 96 74
-1 186 99 101
-1 187 98 100
170 170 189 190
-1 108 21 171
