15 15 23 25
23 23 31 33
25 25 35 37
16 16 23 25
31 31 39 40
33 33 42 44
24 24 31 33
35 35 46 48
37 37 50 51
26 26 35 37
17 17 24 26
18 18 24 26
39 39 52 53
-1 40 54 55
32 32 39 41
-1 41 54 55
-1 42 56 57
-1 44 58 59
34 34 43 45
-1 43 56 57
-1 45 58 59
-1 46 60 61
-1 48 62 63
36 36 47 49
-1 47 60 61
-1 49 62 63
50 50 64 65
51 51 66 67
38 38 50 51
27 27 32 34
28 28 32 34
52 52 69 70
53 53 71 72
258 258 52 53
54 54 73 74
55 55 75 76
56 56 77 78
57 57 79 80
58 58 81 82
59 59 83 84
19 19 27 29
29 29 36 38
20 20 27 29
21 21 28 30
30 30 36 38
22 22 28 30
60 60 86 87
61 61 88 89
62 62 85 90
63 63 92 91
64 64 94 95
65 65 96 97
259 259 64 65
66 66 68 99
67 67 93 98
260 260 66 67
285 285 258 289
-1 289 273 274
69 69 106 162
70 70 146 159
100 100 69 70
71 71 152 149
72 72 158 155
101 101 71 72
73 73 111 112
74 74 113 114
273 273 73 74
75 75 107 108
76 76 109 110
274 274 75 76
271 271 285 286
286 286 261 262
-1 227 258 263
263 263 279 280
-1 228 266 264
-1 266 273 274
264 264 281 282
77 77 115 116
78 78 117 118
79 79 119 120
80 80 121 122
81 81 123 124
82 82 125 126
83 83 127 128
84 84 129 130
261 261 275 276
262 262 277 278
-1 229 262 259
-1 230 261 260
-1 275 77 79
-1 276 78 80
-1 277 81 83
-1 278 82 84
86 86 133 134
87 87 135 136
88 88 137 138
89 89 139 140
85 85 131 132
90 90 141 142
92 92 144 145
91 91 -1 143
287 287 264 263
272 272 287 288
288 288 259 260
-1 279 86 88
-1 280 87 89
-1 281 85 265
265 265 -1 143
-1 282 90 92
94 94 147 148
95 95 150 151
102 102 94 95
96 96 153 154
97 97 156 157
103 103 96 97
68 68 100 101
-1 99 160 161
104 104 68 235
-1 235 160 161
93 93 102 103
98 98 104 105
105 105 93 98
-1 283 285 287
-1 284 286 288
-1 257 271 272
106 106 100 101
-1 162 240 241
107 107 106 242
-1 242 240 241
146 146 102 103
159 159 104 105
108 108 146 159
152 152 151 150
149 149 148 147
109 109 152 149
158 158 157 156
155 155 154 153
110 110 158 155
111 111 170 171
112 112 168 169
231 231 112 111
113 113 174 175
114 114 172 173
232 232 114 113
233 233 107 108
234 234 109 110
115 115 178 179
116 116 176 177
117 117 182 183
118 118 180 181
119 119 186 187
120 120 184 185
121 121 190 191
122 122 188 189
123 123 194 195
124 124 192 193
125 125 198 199
126 126 196 197
127 127 202 203
128 128 200 201
129 129 206 207
130 130 204 205
131 131 227 228
132 132 229 230
267 267 -1 283
268 268 -1 284
-1 269 271 267
-1 270 272 268
133 133 210 211
134 134 208 209
135 135 214 215
136 136 212 213
137 137 218 219
138 138 216 217
139 139 222 223
140 140 220 221
141 141 166 167
142 142 164 165
143 143 255 256
144 144 226 163
145 145 224 225
147 147 245 246
148 148 243 244
150 150 249 250
151 151 247 248
153 153 253 254
154 154 251 252
156 156 238 239
157 157 236 237
160 160 231 232
161 161 233 234
-1 236 132 91
-1 237 131 265
-1 238 142 145
-1 239 141 144
240 240 231 232
241 241 233 234
-1 243 116 120
-1 244 115 119
-1 245 118 122
-1 246 117 121
-1 247 124 128
-1 248 123 127
-1 249 126 130
-1 250 125 129
-1 251 134 138
-1 252 133 137
-1 253 136 140
-1 254 135 139
-1 255 267 269
-1 256 268 270
-1 163 21 257
