16 16 24 26
24 24 32 34
26 26 36 38
17 17 24 26
32 32 44 45
34 34 47 49
25 25 32 34
36 36 51 53
38 38 56 58
44 44 36 38
18 18 27 25
27 27 37 41
19 19 27 25
37 37 51 53
41 41 57 59
28 28 37 41
20 20 29 28
29 29 33 35
21 21 29 28
33 33 44 45
35 35 47 49
45 45 33 35
22 22 30 31
30 30 42 40
31 31 39 43
23 23 30 31
42 42 57 59
40 40 50 54
98 98 42 40
39 39 48 52
43 43 46 55
46 46 39 43
-1 74 99 98
99 99 104 105
-1 100 99 60
60 60 56 58
-1 101 98 72
72 72 50 54
104 104 48 52
105 105 46 55
47 47 61 62
49 49 63 64
51 51 65 66
53 53 67 68
56 56 69 70
58 58 71 73
61 61 77 78
62 62 75 76
48 48 62 61
63 63 81 82
64 64 79 80
50 50 64 63
65 65 85 86
66 66 83 84
52 52 66 65
67 67 89 90
68 68 87 88
54 54 68 67
55 55 60 72
69 69 93 94
70 70 91 92
57 57 70 69
71 71 95 74
73 73 96 97
59 59 71 73
96 96 100 101
97 97 102 103
-1 102 104 97
-1 103 105 96
