16 16 24 26
24 24 32 34
26 26 36 38
17 17 24 26
32 32 40 41
34 34 42 43
25 25 32 34
36 36 44 45
38 38 47 48
27 27 36 38
18 18 25 27
19 19 25 27
40 40 49 50
41 41 51 52
33 33 40 41
42 42 53 54
43 43 55 56
35 35 42 43
44 44 57 58
-1 45 63 64
37 37 44 46
-1 46 63 64
47 47 59 60
48 48 61 62
39 39 47 48
28 28 33 35
29 29 33 35
49 49 67 68
50 50 65 66
51 51 71 72
52 52 69 70
53 53 75 76
54 54 73 74
55 55 79 80
56 56 77 78
20 20 28 30
30 30 37 39
21 21 28 30
22 22 29 31
31 31 37 39
23 23 29 31
57 57 83 84
58 58 81 82
63 63 93 94
64 64 95 96
59 59 87 88
60 60 85 86
61 61 91 92
62 62 89 90
-1 97 50 60
-1 98 49 59
-1 99 52 62
-1 100 51 61
-1 101 54 105
-1 105 94 96
-1 102 53 106
-1 106 93 95
-1 103 56 58
-1 104 55 57
93 93 99 100
94 94 97 98
95 95 103 104
96 96 101 102
