16 16 24 26
24 24 32 34
26 26 36 38
17 17 24 26
32 32 40 41
34 34 42 43
25 25 32 34
36 36 44 45
38 38 46 47
27 27 36 38
18 18 27 25
19 19 27 25
20 20 28 30
28 28 37 39
30 30 33 35
21 21 28 30
37 37 44 45
39 39 46 47
29 29 37 39
33 33 40 41
35 35 42 43
31 31 33 35
22 22 31 29
23 23 31 29
40 40 48 49
41 41 51 52
42 42 54 55
43 43 50 63
44 44 53 59
45 45 57 58
46 46 60 61
47 47 56 62
48 48 66 67
49 49 64 65
50 50 49 48
51 51 70 71
52 52 68 69
53 53 52 51
54 54 74 75
55 55 72 73
56 56 55 54
63 63 84 85
59 59 58 57
57 57 82 83
58 58 80 81
60 60 78 79
61 61 76 77
62 62 61 60
-1 86 50 85
85 85 86 87
-1 87 63 84
84 84 88 89
-1 88 53 56
-1 89 59 62
