16 16 24 26
24 24 32 33
26 26 34 35
17 17 24 26
32 32 42 44
33 33 46 48
25 25 32 33
34 34 51 53
35 35 40 49
27 27 34 35
18 18 25 27
19 19 25 27
42 42 60 61
44 44 63 64
56 56 42 44
46 46 65 66
-1 48 67 69
57 57 46 74
-1 74 67 137
51 51 71 72
53 53 62 73
58 58 51 53
40 40 56 57
49 49 58 59
59 59 40 49
41 41 56 57
60 60 76 77
61 61 78 75
43 43 60 61
63 63 81 82
64 64 83 84
45 45 63 64
65 65 85 86
66 66 87 88
47 47 65 66
67 67 89 90
-1 69 97 99
-1 137 97 99
36 36 41 50
50 50 58 59
75 75 41 50
71 71 91 92
72 72 93 94
52 52 71 72
62 62 79 80
73 73 95 96
54 54 62 73
20 20 28 30
28 28 37 38
30 30 39 36
21 21 28 30
37 37 43 45
38 38 47 55
29 29 37 38
39 39 52 54
31 31 39 36
22 22 29 31
23 23 29 31
76 76 43 45
-1 55 68 70
77 77 47 131
-1 131 68 143
78 78 52 54
68 68 90 89
-1 70 98 100
-1 143 98 100
-1 132 76 78
-1 133 77 75
79 79 132 133
80 80 125 126
134 134 80 79
81 81 103 104
82 82 101 102
83 83 107 108
84 84 105 106
85 85 111 112
86 86 109 110
135 135 86 85
87 87 115 116
88 88 113 114
136 136 88 87
89 89 141 142
90 90 139 140
97 97 135 136
99 99 134 138
98 98 135 136
100 100 134 138
91 91 119 120
92 92 117 118
93 93 123 124
94 94 121 122
95 95 129 130
96 96 127 128
138 138 96 95
-1 139 82 92
-1 140 81 91
-1 141 84 94
-1 142 83 93
