16 16 24 26
24 24 32 34
26 26 36 38
17 17 24 26
-1 32 44 45
-1 34 46 47
25 25 33 35
-1 33 44 45
-1 35 46 47
36 36 52 53
-1 38 54 56
27 27 36 39
-1 39 54 56
18 18 25 27
19 19 25 27
44 44 58 59
45 45 60 61
46 46 62 63
47 47 64 65
52 52 67 68
53 53 66 69
37 37 52 53
54 54 70 71
56 56 72 73
58 58 80 81
59 59 82 83
60 60 84 85
61 61 86 87
62 62 88 89
63 63 90 91
64 64 92 93
65 65 94 95
28 28 40 41
40 40 48 49
41 41 50 51
29 29 41 40
20 20 28 30
30 30 37 42
21 21 28 30
22 22 29 31
31 31 37 43
23 23 29 31
-1 48 58 60
-1 49 59 61
-1 50 62 64
-1 51 63 65
-1 42 55 57
-1 43 55 57
67 67 76 77
68 68 78 79
74 74 67 68
66 66 74 75
-1 69 104 105
75 75 66 107
-1 107 104 105
70 70 96 97
71 71 98 99
55 55 70 71
72 72 100 103
73 73 101 102
57 57 72 73
80 80 122 123
81 81 120 121
82 82 126 127
83 83 124 125
84 84 130 131
85 85 128 129
86 86 134 135
87 87 132 133
88 88 138 139
89 89 136 137
90 90 142 143
91 91 140 141
92 92 146 147
93 93 144 145
94 94 150 151
95 95 148 149
167 167 74 75
76 76 114 115
77 77 112 113
168 168 77 76
78 78 118 119
79 79 116 117
169 169 79 78
104 104 110 111
105 105 108 109
96 96 154 155
97 97 152 153
108 108 97 96
98 98 158 159
99 99 156 157
109 109 99 98
100 100 160 161
-1 103 166 165
110 110 100 171
-1 171 166 165
101 101 164 106
102 102 162 163
111 111 102 101
-1 112 81 85
-1 113 80 84
-1 114 83 87
-1 115 82 86
-1 116 89 93
-1 117 88 92
-1 118 91 95
-1 119 90 94
-1 172 176 168
-1 176 174 175
-1 173 167 169
165 165 167 168
-1 106 170 169
-1 170 174 175
166 166 172 173
174 174 110 111
175 175 108 109
