16 16 24 26
24 24 32 34
26 26 36 38
17 17 24 26
-1 32 44 45
-1 34 46 47
25 25 33 35
-1 33 44 45
-1 35 46 47
-1 36 52 53
-1 38 54 55
27 27 37 39
-1 37 52 53
-1 39 54 55
18 18 25 27
19 19 25 27
44 44 60 61
45 45 62 63
46 46 64 65
47 47 66 67
52 52 68 69
53 53 70 71
54 54 72 74
55 55 76 77
60 60 78 79
61 61 80 81
62 62 82 83
63 63 84 85
64 64 86 87
65 65 88 89
66 66 90 91
67 67 92 93
28 28 40 41
40 40 48 49
41 41 50 51
29 29 41 40
20 20 28 30
30 30 42 43
21 21 28 30
22 22 29 31
31 31 43 42
23 23 29 31
-1 48 60 62
-1 49 61 63
-1 50 64 66
-1 51 65 67
68 68 94 95
69 69 96 97
70 70 98 99
71 71 100 101
-1 72 106 107
-1 74 108 109
76 76 102 103
77 77 104 105
42 42 56 57
43 43 58 59
-1 56 68 70
-1 57 69 71
-1 58 73 76
-1 73 106 107
-1 59 75 77
-1 75 108 109
78 78 112 113
79 79 110 111
80 80 116 117
81 81 114 115
82 82 120 121
83 83 118 119
84 84 124 125
85 85 122 123
86 86 128 129
87 87 126 127
88 88 132 133
89 89 130 131
90 90 136 137
91 91 134 135
92 92 140 141
93 93 138 139
94 94 144 145
95 95 142 143
96 96 148 149
97 97 146 147
98 98 152 153
99 99 150 151
100 100 156 157
101 101 154 155
106 106 166 167
107 107 168 169
108 108 170 171
109 109 172 173
102 102 160 161
103 103 158 159
104 104 164 165
105 105 162 163
-1 174 79 83
-1 175 78 82
-1 176 81 85
-1 177 80 84
-1 178 87 91
-1 179 86 90
-1 180 89 93
-1 181 88 92
-1 182 95 99
-1 183 94 98
-1 184 97 101
-1 185 96 100
166 166 176 177
167 167 174 175
168 168 184 185
169 169 182 183
170 170 180 181
171 171 178 179
172 172 188 189
173 173 186 187
-1 186 103 192
-1 192 171 173
-1 187 102 193
-1 193 170 172
-1 188 105 190
-1 190 167 169
-1 189 104 191
-1 191 166 168
