16 16 24 26
24 24 32 34
26 26 36 38
17 17 24 26
-1 32 44 45
-1 34 46 47
25 25 33 35
-1 33 44 45
-1 35 46 47
-1 36 52 53
-1 38 54 55
27 27 37 39
-1 37 52 53
-1 39 54 55
18 18 25 27
19 19 25 27
44 44 60 61
45 45 62 63
46 46 64 65
47 47 66 67
52 52 68 69
53 53 70 71
54 54 72 73
55 55 74 75
60 60 76 77
61 61 78 79
62 62 80 81
63 63 82 83
64 64 84 85
65 65 86 87
66 66 88 89
67 67 90 91
28 28 40 41
40 40 48 49
41 41 50 51
29 29 41 40
20 20 28 30
30 30 42 43
21 21 28 30
22 22 29 31
31 31 43 42
23 23 29 31
-1 48 60 62
-1 49 61 63
-1 50 64 66
-1 51 65 67
68 68 92 93
69 69 94 95
70 70 102 103
71 71 106 107
72 72 105 104
73 73 96 97
74 74 98 99
75 75 100 101
42 42 56 57
43 43 58 59
-1 56 68 70
-1 57 69 71
-1 58 72 74
-1 59 73 75
76 76 110 111
77 77 108 109
78 78 114 115
79 79 112 113
80 80 118 119
81 81 116 117
82 82 122 123
83 83 120 121
84 84 126 127
85 85 124 125
86 86 130 131
87 87 128 129
88 88 134 135
89 89 132 133
90 90 138 139
91 91 136 137
92 92 142 143
93 93 140 141
94 94 146 147
95 95 144 145
102 102 160 161
103 103 163 164
106 106 166 167
107 107 169 170
-1 105 165 171
-1 104 162 168
96 96 150 151
97 97 148 149
98 98 154 155
99 99 152 153
100 100 158 159
101 101 156 157
-1 172 77 81
-1 173 76 80
-1 174 79 83
-1 175 78 82
-1 176 85 89
-1 177 84 88
-1 178 87 91
-1 179 86 90
-1 180 95 102
-1 181 94 103
160 160 174 175
161 161 172 173
162 162 161 160
163 163 178 179
164 164 176 177
165 165 164 163
168 168 167 166
-1 188 162 168
171 171 170 169
-1 189 165 171
-1 182 93 106
-1 183 92 107
166 166 180 181
167 167 182 183
169 169 184 185
170 170 186 187
-1 184 97 101
-1 185 96 100
-1 186 189 99
-1 187 188 98
