16 16 24 26
24 24 32 34
26 26 36 38
17 17 24 26
-1 32 44 45
-1 34 46 47
25 25 33 35
-1 33 44 45
-1 35 46 47
-1 36 52 53
-1 38 54 55
27 27 37 39
-1 37 52 53
-1 39 54 55
18 18 25 27
19 19 25 27
44 44 60 61
45 45 62 63
46 46 64 65
47 47 66 67
52 52 68 69
53 53 70 71
54 54 72 73
55 55 75 76
60 60 77 78
61 61 79 80
62 62 81 82
63 63 83 84
64 64 85 86
65 65 87 88
66 66 89 90
67 67 91 92
28 28 40 41
40 40 48 49
41 41 50 51
29 29 41 40
20 20 28 30
30 30 42 43
21 21 28 30
22 22 29 31
31 31 43 42
23 23 29 31
-1 48 60 62
-1 49 61 63
-1 50 64 66
-1 51 65 67
68 68 93 94
69 69 95 96
70 70 97 98
71 71 99 100
72 72 101 102
-1 73 107 108
75 75 103 104
76 76 105 106
42 42 56 57
43 43 58 59
-1 56 68 70
-1 57 69 71
-1 58 72 75
-1 59 74 76
-1 74 107 109
77 77 112 113
78 78 110 111
79 79 116 117
80 80 114 115
81 81 120 121
82 82 118 119
83 83 124 125
84 84 122 123
85 85 128 129
86 86 126 127
87 87 132 133
88 88 130 131
89 89 136 137
90 90 134 135
91 91 140 141
92 92 138 139
93 93 144 145
94 94 142 143
95 95 148 149
96 96 146 147
97 97 152 153
98 98 150 151
99 99 156 157
100 100 154 155
101 101 160 161
102 102 158 159
107 107 170 171
-1 108 172 173
-1 109 172 173
103 103 164 165
104 104 162 163
105 105 168 169
106 106 166 167
-1 182 78 82
-1 183 77 81
-1 184 80 84
-1 185 79 83
-1 186 86 90
-1 187 85 89
-1 188 88 92
-1 189 87 91
-1 190 94 98
-1 191 93 97
-1 192 96 100
-1 193 95 99
-1 194 102 106
-1 195 101 105
-1 170 174 175
-1 171 176 177
172 172 178 179
173 173 180 181
-1 196 104 198
-1 198 200 202
-1 197 103 199
-1 199 201 203
174 174 184 185
175 175 192 193
-1 200 175 174
176 176 182 183
177 177 190 191
-1 201 177 176
-1 202 179 181
-1 203 178 180
178 178 188 189
179 179 186 187
180 180 194 195
181 181 196 197
