16 16 24 26
24 24 32 34
26 26 36 38
17 17 24 26
32 32 40 41
34 34 43 45
25 25 32 34
36 36 47 49
38 38 51 52
27 27 36 38
18 18 25 27
19 19 25 27
40 40 53 54
-1 41 55 56
33 33 40 42
-1 42 55 56
-1 43 57 58
-1 45 59 60
35 35 44 46
-1 44 57 58
-1 46 59 60
-1 47 61 62
-1 49 63 64
37 37 48 50
-1 48 61 62
-1 50 63 64
51 51 65 66
52 52 67 68
39 39 51 52
28 28 33 35
29 29 33 35
53 53 70 71
54 54 72 73
260 260 53 54
55 55 74 75
56 56 76 77
57 57 78 79
58 58 80 81
59 59 82 83
60 60 84 85
20 20 28 30
30 30 37 39
21 21 28 30
22 22 29 31
31 31 37 39
23 23 29 31
61 61 87 88
62 62 89 90
63 63 86 91
64 64 93 92
65 65 95 96
66 66 97 98
261 261 65 66
67 67 69 100
68 68 94 99
262 262 67 68
258 258 260 275
-1 275 276 277
70 70 107 163
71 71 147 160
101 101 70 71
72 72 153 150
73 73 159 156
102 102 72 73
74 74 112 113
75 75 114 115
276 276 74 75
76 76 108 109
77 77 110 111
277 277 76 77
-1 228 260 265
265 265 282 283
-1 229 268 266
-1 268 276 277
266 266 284 285
78 78 116 117
79 79 118 119
80 80 120 121
81 81 122 123
82 82 124 125
83 83 126 127
84 84 128 129
85 85 130 131
273 273 263 264
263 263 278 279
264 264 280 281
-1 230 264 261
-1 231 263 262
-1 278 78 80
-1 279 79 81
-1 280 82 84
-1 281 83 85
87 87 134 135
88 88 136 137
89 89 138 139
90 90 140 141
86 86 132 133
91 91 142 143
93 93 145 146
92 92 -1 144
259 259 266 265
-1 282 87 89
-1 283 88 90
-1 284 86 267
267 267 -1 144
-1 285 91 93
274 274 261 262
95 95 148 149
96 96 151 152
103 103 95 96
97 97 154 155
98 98 157 158
104 104 97 98
69 69 101 102
-1 100 161 162
105 105 69 236
-1 236 161 162
94 94 103 104
99 99 105 106
106 106 94 99
-1 286 258 259
-1 287 273 274
-1 164 258 259
107 107 101 102
-1 163 241 242
108 108 107 243
-1 243 241 242
147 147 103 104
160 160 105 106
109 109 147 160
153 153 152 151
150 150 149 148
110 110 153 150
159 159 158 157
156 156 155 154
111 111 159 156
112 112 171 172
113 113 169 170
232 232 113 112
114 114 175 176
115 115 173 174
233 233 115 114
234 234 108 109
235 235 110 111
116 116 179 180
117 117 177 178
118 118 183 184
119 119 181 182
120 120 187 188
121 121 185 186
122 122 191 192
123 123 189 190
124 124 195 196
125 125 193 194
126 126 199 200
127 127 197 198
128 128 203 204
129 129 201 202
130 130 207 208
131 131 205 206
132 132 228 229
133 133 230 231
269 269 -1 286
270 270 -1 287
-1 271 269 273
-1 272 270 274
134 134 211 212
135 135 209 210
136 136 215 216
137 137 213 214
138 138 219 220
139 139 217 218
140 140 223 224
141 141 221 222
142 142 167 168
143 143 165 166
144 144 256 257
145 145 227 164
146 146 225 226
148 148 246 247
149 149 244 245
151 151 250 251
152 152 248 249
154 154 254 255
155 155 252 253
157 157 239 240
158 158 237 238
161 161 232 233
162 162 234 235
-1 237 133 92
-1 238 132 267
-1 239 143 146
-1 240 142 145
241 241 232 233
242 242 234 235
-1 244 117 121
-1 245 116 120
-1 246 119 123
-1 247 118 122
-1 248 125 129
-1 249 124 128
-1 250 127 131
-1 251 126 130
-1 252 135 139
-1 253 134 138
-1 254 137 141
-1 255 136 140
-1 256 269 271
-1 257 270 272
