17 17 26 28
26 26 36 37
28 28 38 39
18 18 26 28
36 36 50 52
37 37 54 56
27 27 36 37
38 38 59 61
39 39 48 57
29 29 38 39
19 19 27 29
20 20 27 29
50 50 71 72
52 52 73 74
66 66 50 52
54 54 75 76
-1 56 77 79
67 67 54 86
-1 86 77 79
59 59 70 81
-1 61 82 84
68 68 59 87
-1 87 82 84
48 48 66 67
57 57 68 69
69 69 48 57
49 49 66 67
71 71 91 92
72 72 94 95
51 51 71 72
73 73 97 98
74 74 100 101
53 53 73 74
75 75 103 104
76 76 106 107
55 55 75 76
77 77 93 96
79 79 105 108
40 40 49 58
58 58 68 69
41 41 49 58
70 70 88 89
81 81 109 110
60 60 70 81
82 82 99 102
84 84 111 90
21 21 30 32
30 30 42 44
32 32 46 40
22 22 30 32
42 42 51 53
44 44 55 62
31 31 42 44
46 46 60 64
33 33 46 40
23 23 31 33
24 24 31 33
43 43 51 53
-1 62 78 80
45 45 55 63
-1 63 78 80
-1 64 83 85
47 47 60 65
-1 65 83 85
34 34 43 45
78 78 93 96
80 80 105 108
-1 142 43 47
-1 143 45 41
-1 144 34 35
35 35 47 41
25 25 34 35
83 83 99 102
85 85 111 90
88 88 142 143
89 89 137 138
90 90 89 88
91 91 115 116
92 92 113 114
93 93 92 91
94 94 119 120
95 95 117 118
96 96 95 94
97 97 123 124
98 98 121 122
99 99 98 97
100 100 127 128
101 101 125 126
102 102 101 100
103 103 131 132
104 104 129 130
105 105 104 103
106 106 135 136
107 107 133 134
108 108 107 106
109 109 141 112
110 110 139 140
111 111 110 109
-1 112 25 144
