17 17 26 28
26 26 36 37
28 28 38 39
18 18 26 28
36 36 48 50
37 37 52 54
27 27 36 37
38 38 56 58
39 39 60 62
29 29 38 39
19 19 27 29
20 20 27 29
48 48 64 65
50 50 66 67
52 52 68 69
54 54 70 71
56 56 72 73
58 58 74 75
60 60 76 77
62 62 78 79
-1 107 48 56
-1 108 50 58
64 64 84 85
65 65 82 83
49 49 65 64
66 66 88 89
67 67 86 87
51 51 67 66
-1 109 52 60
-1 110 54 62
68 68 92 93
69 69 90 91
53 53 69 68
70 70 96 97
71 71 94 95
55 55 71 70
72 72 100 101
73 73 98 99
57 57 73 72
74 74 104 105
75 75 102 103
59 59 75 74
76 76 107 108
77 77 109 110
61 61 77 76
78 78 106 81
-1 79 111 112
63 63 78 80
-1 80 111 112
21 21 30 32
30 30 40 42
32 32 44 46
22 22 30 32
40 40 51 49
42 42 55 53
31 31 40 42
44 44 59 57
46 46 63 61
33 33 44 46
23 23 31 33
24 24 31 33
41 41 51 49
43 43 55 53
45 45 59 57
47 47 63 61
111 111 41 43
34 34 41 43
112 112 45 47
-1 113 34 35
35 35 45 47
25 25 34 35
-1 81 25 113
