17 17 26 28
26 26 36 38
28 28 40 42
18 18 26 28
36 36 48 50
38 38 52 54
27 27 36 38
40 40 56 58
42 42 60 62
29 29 40 42
19 19 27 29
20 20 27 29
48 48 65 66
50 50 67 68
37 37 48 50
52 52 69 70
54 54 71 72
39 39 52 54
56 56 73 74
-1 58 75 77
41 41 56 59
-1 59 75 77
60 60 79 80
62 62 81 82
43 43 60 62
30 30 37 39
31 31 37 39
65 65 83 84
66 66 85 86
49 49 65 66
67 67 87 88
68 68 89 90
51 51 67 68
69 69 91 92
70 70 93 94
53 53 69 70
71 71 95 96
72 72 97 98
55 55 71 72
21 21 30 32
32 32 41 43
22 22 30 32
23 23 31 33
33 33 41 43
24 24 31 33
73 73 99 100
74 74 101 102
57 57 73 74
75 75 111 112
77 77 113 114
79 79 103 104
80 80 105 106
61 61 79 80
81 81 107 108
82 82 109 110
63 63 81 82
44 44 49 51
83 83 118 119
84 84 116 117
85 85 122 123
86 86 120 121
87 87 126 127
88 88 124 125
89 89 130 131
90 90 128 129
34 34 44 45
45 45 53 55
-1 201 49 209
-1 209 76 78
-1 202 51 57
91 91 134 135
92 92 132 133
93 93 138 139
94 94 136 137
95 95 142 143
96 96 140 141
97 97 146 147
98 98 144 145
-1 203 53 61
-1 204 55 63
46 46 57 64
-1 64 76 78
99 99 150 151
100 100 148 149
101 101 154 155
102 102 152 153
111 111 162 163
112 112 164 165
76 76 111 112
113 113 166 167
114 114 168 169
78 78 113 114
35 35 46 47
47 47 61 63
103 103 -1 170
104 104 -1 171
-1 170 194 176
-1 171 195 177
105 105 -1 172
106 106 -1 173
-1 172 196 198
-1 173 197 199
107 107 158 159
108 108 156 157
109 109 -1 115
110 110 160 161
-1 200 34 35
25 25 34 35
-1 176 44 194
194 194 -1 201
-1 177 45 195
195 195 -1 202
-1 178 84 105
-1 179 83 106
-1 180 86 103
-1 181 85 104
-1 182 88 108
-1 183 87 107
-1 184 90 110
-1 185 89 109
-1 186 92 207
-1 207 163 167
-1 187 91 208
-1 208 162 166
-1 188 94 205
-1 205 165 169
-1 189 93 206
-1 206 164 168
-1 190 96 100
-1 191 95 99
-1 192 98 102
-1 193 97 101
196 196 -1 203
197 197 -1 204
-1 198 46 196
-1 199 47 197
162 162 184 185
163 163 182 183
164 164 180 181
165 165 178 179
166 166 192 193
167 167 190 191
168 168 188 189
169 169 186 187
-1 115 174 175
174 174 -1 200
-1 175 174 25
