17 17 26 28
26 26 36 38
28 28 40 41
18 18 26 28
36 36 48 50
38 38 52 54
27 27 36 38
40 40 56 58
41 41 60 62
29 29 40 41
19 19 27 29
20 20 27 29
48 48 65 66
50 50 67 68
37 37 48 50
52 52 70 72
54 54 74 75
39 39 52 54
56 56 77 78
58 58 79 80
60 60 76 64
62 62 81 82
30 30 37 39
31 31 37 39
65 65 85 86
66 66 87 88
49 49 65 66
67 67 89 90
-1 68 109 110
51 51 67 69
-1 69 109 110
-1 70 111 112
-1 72 113 114
53 53 71 73
-1 71 111 112
-1 73 113 114
74 74 91 92
75 75 93 94
55 55 74 75
21 21 30 32
32 32 42 44
22 22 30 32
23 23 31 33
33 33 42 44
24 24 31 33
-1 157 56 49
-1 158 58 51
77 77 97 98
78 78 99 100
57 57 77 78
79 79 101 102
80 80 103 104
59 59 79 80
-1 159 60 53
-1 160 62 55
76 76 95 96
64 64 83 84
61 61 76 64
81 81 105 106
82 82 107 108
63 63 81 82
42 42 57 59
44 44 61 63
43 43 57 59
45 45 61 63
34 34 43 45
-1 161 43 46
46 46 49 51
-1 162 45 47
47 47 53 55
-1 179 34 35
35 35 46 47
25 25 34 35
83 83 161 162
84 84 148 149
163 163 84 83
85 85 118 119
86 86 116 117
87 87 122 123
88 88 120 121
89 89 174 175
90 90 172 173
164 164 90 89
109 109 164 176
110 110 177 178
111 111 165 166
112 112 170 171
113 113 168 169
114 114 167 163
91 91 126 127
92 92 124 125
165 165 92 91
93 93 130 131
94 94 128 129
166 166 94 93
95 95 157 158
96 96 159 160
167 167 96 95
97 97 134 135
98 98 132 133
99 99 138 139
100 100 136 137
101 101 142 143
102 102 140 141
168 168 102 101
103 103 146 147
104 104 144 145
169 169 104 103
105 105 152 153
106 106 150 151
170 170 106 105
107 107 156 115
108 108 154 155
171 171 108 107
-1 172 86 98
-1 173 85 97
-1 174 88 100
-1 175 87 99
-1 176 180 181
180 180 164 186
-1 186 180 181
-1 177 182 183
-1 178 184 185
181 181 187 188
-1 187 182 183
-1 188 184 185
182 182 165 166
183 183 170 171
184 184 168 169
185 185 167 163
-1 115 25 179
