17 17 26 28
26 26 36 38
28 28 40 41
18 18 26 28
36 36 48 50
38 38 52 54
27 27 36 38
40 40 56 58
41 41 60 62
29 29 40 41
19 19 27 29
20 20 27 29
48 48 65 66
50 50 67 68
37 37 48 50
52 52 70 72
54 54 74 75
39 39 52 54
56 56 77 78
58 58 79 80
60 60 76 64
62 62 81 82
30 30 37 39
31 31 37 39
65 65 85 86
66 66 87 88
49 49 65 66
67 67 89 90
-1 68 109 110
51 51 67 69
-1 69 109 110
-1 70 111 112
-1 72 113 114
53 53 71 73
-1 71 111 112
-1 73 113 114
74 74 91 92
75 75 93 94
55 55 74 75
21 21 30 32
32 32 42 44
22 22 30 32
23 23 31 33
33 33 42 44
24 24 31 33
-1 156 56 49
-1 157 58 51
77 77 97 98
78 78 99 100
57 57 77 78
79 79 101 102
80 80 103 104
59 59 79 80
-1 158 60 53
-1 159 62 55
76 76 95 96
64 64 83 84
61 61 76 64
81 81 105 106
82 82 107 108
63 63 81 82
42 42 57 59
44 44 61 63
43 43 57 59
45 45 61 63
34 34 43 45
-1 160 43 46
46 46 49 51
-1 161 45 47
47 47 53 55
-1 186 34 35
35 35 46 47
25 25 34 35
83 83 160 161
84 84 148 149
162 162 84 83
85 85 118 119
86 86 116 117
87 87 122 123
88 88 120 121
89 89 173 174
90 90 171 172
163 163 90 89
109 109 163 175
110 110 176 177
111 111 164 165
112 112 169 170
113 113 167 168
114 114 166 162
91 91 126 127
92 92 124 125
164 164 92 91
93 93 130 131
94 94 128 129
165 165 94 93
95 95 156 157
96 96 158 159
166 166 96 95
97 97 134 135
98 98 132 133
99 99 138 139
100 100 136 137
101 101 142 143
102 102 140 141
167 167 102 101
103 103 146 147
104 104 144 145
168 168 104 103
105 105 152 153
106 106 150 151
169 169 106 105
107 107 -1 115
108 108 154 155
170 170 108 107
-1 171 86 98
-1 172 85 97
-1 173 88 100
-1 174 87 99
-1 175 180 181
180 180 163 187
-1 187 180 181
-1 176 182 183
-1 177 184 185
181 181 188 189
-1 188 182 183
-1 189 184 185
182 182 164 165
183 183 169 170
184 184 167 168
185 185 166 162
-1 115 178 179
178 178 -1 186
-1 179 178 25
