17 17 26 28
26 26 36 38
28 28 40 42
18 18 26 28
-1 36 52 53
-1 38 54 55
27 27 37 39
-1 37 52 53
-1 39 54 55
-1 40 60 61
-1 42 62 63
29 29 41 43
-1 41 60 61
-1 43 62 63
19 19 27 29
20 20 27 29
52 52 76 77
53 53 78 79
54 54 80 81
55 55 82 83
60 60 84 85
61 61 86 87
62 62 88 89
63 63 90 91
76 76 108 109
77 77 110 111
78 78 112 113
79 79 114 115
80 80 116 117
81 81 118 119
82 82 120 121
83 83 122 123
30 30 44 45
44 44 56 57
45 45 58 59
31 31 45 44
21 21 30 32
32 32 46 47
22 22 30 32
23 23 31 33
33 33 47 46
24 24 31 33
-1 56 76 78
-1 57 77 79
-1 58 80 82
-1 59 81 83
84 84 124 125
85 85 126 127
86 86 135 136
87 87 139 140
88 88 128 129
89 89 130 131
90 90 132 137
91 91 133 134
46 46 64 65
47 47 66 67
-1 64 84 86
-1 65 85 87
-1 66 88 90
-1 67 89 91
108 108 144 145
109 109 142 143
110 110 148 149
111 111 146 147
112 112 152 153
113 113 150 151
114 114 156 157
115 115 154 155
116 116 160 161
117 117 158 159
118 118 164 165
119 119 162 163
120 120 168 169
121 121 166 167
122 122 172 173
123 123 170 171
124 124 176 177
125 125 174 175
126 126 180 181
127 127 178 179
135 135 68 69
136 136 70 71
139 139 72 73
140 140 74 75
128 128 184 185
129 129 182 183
130 130 188 189
131 131 186 187
132 132 190 191
-1 137 195 196
133 133 194 141
134 134 192 193
-1 92 109 113
-1 93 108 112
-1 94 111 115
-1 95 110 114
-1 96 117 121
-1 97 116 120
-1 98 119 123
-1 99 118 122
-1 100 127 135
-1 101 126 136
68 68 94 95
69 69 92 93
48 48 69 68
70 70 98 99
71 71 96 97
49 49 71 70
195 195 48 49
34 34 48 49
196 196 51 50
-1 138 195 196
-1 197 34 35
35 35 51 50
25 25 34 35
-1 102 125 139
-1 103 124 140
72 72 100 101
73 73 102 103
50 50 73 72
74 74 106 107
75 75 104 105
51 51 75 74
-1 104 129 132
-1 105 128 138
-1 106 131 134
-1 107 130 133
-1 141 25 197
