17 17 26 28
26 26 36 38
28 28 40 42
18 18 26 28
-1 36 52 53
-1 38 54 55
27 27 37 39
-1 37 52 53
-1 39 54 55
-1 40 60 61
-1 42 62 63
29 29 41 43
-1 41 60 61
-1 43 62 64
19 19 27 29
20 20 27 29
52 52 79 80
53 53 81 82
54 54 83 84
55 55 85 86
60 60 87 88
61 61 89 90
62 62 91 92
63 63 -1 95
64 64 -1 96
79 79 111 112
80 80 113 114
81 81 115 116
82 82 117 118
83 83 119 120
84 84 121 122
85 85 123 124
86 86 125 126
30 30 44 45
44 44 56 57
45 45 58 59
31 31 45 44
21 21 30 32
32 32 46 47
22 22 30 32
23 23 31 33
33 33 47 46
24 24 31 33
-1 56 79 81
-1 57 80 82
-1 58 83 85
-1 59 84 86
87 87 127 128
88 88 129 130
89 89 131 132
90 90 133 134
91 91 135 136
92 92 137 138
-1 95 141 142
-1 96 141 142
46 46 65 66
47 47 67 68
-1 65 87 89
-1 66 88 90
-1 67 91 77
77 77 -1 139
-1 68 92 78
78 78 -1 140
-1 139 199 202
-1 140 198 203
111 111 146 147
112 112 144 145
113 113 150 151
114 114 148 149
115 115 154 155
116 116 152 153
117 117 158 159
118 118 156 157
119 119 162 163
120 120 160 161
121 121 166 167
122 122 164 165
123 123 170 171
124 124 168 169
125 125 174 175
126 126 172 173
127 127 178 179
128 128 176 177
129 129 182 183
130 130 180 181
131 131 186 187
132 132 184 185
133 133 190 191
134 134 188 189
135 135 194 195
136 136 192 193
137 137 -1 143
138 138 196 197
-1 93 63 138
-1 94 64 137
141 141 198 199
142 142 200 201
-1 97 77 136
-1 98 78 135
199 199 210 211
202 202 -1 209
198 198 206 207
203 203 -1 208
-1 99 112 116
-1 100 111 115
-1 101 114 118
-1 102 113 117
-1 103 120 124
-1 104 119 123
-1 105 122 126
-1 106 121 125
34 34 48 49
48 48 69 70
49 49 71 72
-1 212 34 35
35 35 50 51
25 25 34 35
-1 206 48 200
200 200 -1 208
-1 207 49 201
201 201 -1 209
69 69 105 106
70 70 103 104
71 71 101 102
72 72 99 100
-1 213 70 75
75 75 93 94
-1 214 69 76
76 76 97 98
-1 215 72 73
73 73 107 108
-1 216 71 74
74 74 109 110
208 208 215 216
50 50 74 73
51 51 76 75
-1 107 130 134
-1 108 129 133
-1 109 128 132
-1 110 127 131
209 209 213 214
-1 210 50 202
-1 211 51 203
-1 143 204 205
204 204 -1 212
-1 205 204 25
