17 17 26 28
26 26 36 38
28 28 40 42
18 18 26 28
36 36 48 50
38 38 52 54
27 27 36 38
40 40 56 58
42 42 60 62
29 29 40 42
19 19 27 29
20 20 27 29
48 48 65 66
50 50 67 68
37 37 48 50
52 52 69 70
54 54 71 72
39 39 52 54
56 56 73 74
-1 58 75 77
41 41 56 59
-1 59 75 77
60 60 79 80
62 62 81 82
43 43 60 62
30 30 37 39
31 31 37 39
65 65 83 84
66 66 85 86
49 49 65 66
67 67 87 88
68 68 89 90
51 51 67 68
69 69 91 92
70 70 93 94
53 53 69 70
71 71 95 96
72 72 97 98
55 55 71 72
21 21 30 32
32 32 41 43
22 22 30 32
23 23 31 33
33 33 41 43
24 24 31 33
73 73 99 100
74 74 101 102
57 57 73 74
75 75 111 112
77 77 113 114
79 79 103 104
80 80 105 106
61 61 79 80
81 81 107 108
82 82 109 110
63 63 81 82
44 44 49 51
83 83 118 119
84 84 116 117
85 85 122 123
86 86 120 121
87 87 126 127
88 88 124 125
89 89 130 131
90 90 128 129
34 34 44 45
45 45 53 55
-1 180 49 200
-1 200 76 78
-1 181 51 57
91 91 134 135
92 92 132 133
93 93 138 139
94 94 136 137
95 95 142 143
96 96 140 141
97 97 146 147
98 98 144 145
-1 182 53 61
-1 183 55 63
46 46 57 64
-1 64 76 78
99 99 150 151
100 100 148 149
101 101 154 155
102 102 152 153
111 111 171 172
112 112 173 174
76 76 111 112
113 113 175 176
114 114 177 178
78 78 113 114
35 35 46 47
47 47 61 63
103 103 167 168
104 104 169 170
105 105 158 159
106 106 156 157
107 107 162 163
108 108 160 161
109 109 166 115
110 110 164 165
-1 179 34 35
25 25 34 35
-1 167 44 180
-1 168 45 181
-1 184 84 104
-1 185 83 103
-1 186 86 106
-1 187 85 105
-1 188 88 108
-1 189 87 107
-1 190 90 110
-1 191 89 109
-1 192 92 203
-1 203 172 176
-1 193 91 204
-1 204 171 175
-1 194 94 201
-1 201 174 178
-1 195 93 202
-1 202 173 177
-1 196 96 100
-1 197 95 99
-1 198 98 102
-1 199 97 101
-1 169 46 182
-1 170 47 183
171 171 190 191
172 172 188 189
173 173 186 187
174 174 184 185
175 175 198 199
176 176 196 197
177 177 194 195
178 178 192 193
-1 115 25 179
