17 17 26 28
26 26 36 38
28 28 40 42
18 18 26 28
36 36 48 50
38 38 52 54
27 27 36 38
40 40 56 58
42 42 60 62
29 29 40 42
19 19 27 29
20 20 27 29
48 48 69 70
-1 50 71 73
37 37 48 51
-1 51 71 73
-1 52 75 76
-1 54 77 78
39 39 53 55
-1 53 75 76
-1 55 77 78
-1 56 83 84
-1 58 85 86
41 41 57 59
-1 57 83 84
-1 59 85 86
60 60 91 92
62 62 93 94
43 43 60 62
30 30 37 39
31 31 37 39
69 69 96 97
70 70 98 99
49 49 69 70
71 71 100 101
73 73 102 103
75 75 104 105
76 76 106 107
77 77 108 109
78 78 110 111
21 21 30 32
32 32 41 43
22 22 30 32
23 23 31 33
33 33 41 43
24 24 31 33
83 83 114 115
84 84 116 117
85 85 112 118
86 86 113 119
91 91 121 122
92 92 123 124
61 61 91 92
93 93 95 126
94 94 120 125
63 63 93 94
44 44 49 64
-1 64 72 74
96 96 133 190
97 97 174 187
127 127 96 97
98 98 180 177
99 99 186 183
128 128 98 99
100 100 138 139
101 101 140 141
72 72 100 101
102 102 134 135
103 103 136 137
74 74 102 103
34 34 44 45
45 45 65 66
-1 256 49 67
67 67 87 88
-1 257 288 68
-1 288 72 74
68 68 89 90
104 104 142 143
105 105 144 145
106 106 146 147
107 107 148 149
108 108 150 151
109 109 152 153
110 110 154 155
111 111 156 157
65 65 79 80
66 66 81 82
-1 258 66 61
-1 259 65 63
-1 79 104 106
-1 80 105 107
-1 81 108 110
-1 82 109 111
114 114 162 163
115 115 164 165
116 116 166 167
117 117 168 169
112 112 158 159
118 118 170 171
113 113 160 161
119 119 172 173
46 46 68 67
35 35 46 47
47 47 61 63
-1 87 114 116
-1 88 115 117
-1 89 112 113
-1 90 118 119
121 121 175 176
122 122 178 179
129 129 121 122
123 123 181 182
124 124 184 185
130 130 123 124
95 95 127 128
-1 126 188 189
131 131 95 266
-1 266 188 189
120 120 129 130
125 125 131 132
132 132 120 125
-1 260 44 46
-1 261 45 47
-1 289 34 35
25 25 34 35
133 133 127 128
-1 190 271 272
134 134 133 273
-1 273 271 272
174 174 129 130
187 187 131 132
135 135 174 187
180 180 179 178
177 177 176 175
136 136 180 177
186 186 185 184
183 183 182 181
137 137 186 183
138 138 198 199
139 139 196 197
262 262 139 138
140 140 202 203
141 141 200 201
263 263 141 140
264 264 134 135
265 265 136 137
142 142 206 207
143 143 204 205
144 144 210 211
145 145 208 209
146 146 214 215
147 147 212 213
148 148 218 219
149 149 216 217
150 150 222 223
151 151 220 221
152 152 226 227
153 153 224 225
154 154 230 231
155 155 228 229
156 156 234 235
157 157 232 233
158 158 256 257
159 159 258 259
160 160 260 261
161 161 252 253
162 162 238 239
163 163 236 237
164 164 242 243
165 165 240 241
166 166 246 247
167 167 244 245
168 168 250 251
169 169 248 249
170 170 194 195
171 171 192 193
172 172 -1 191
173 173 254 255
175 175 276 277
176 176 274 275
178 178 280 281
179 179 278 279
181 181 284 285
182 182 282 283
184 184 269 270
185 185 267 268
188 188 262 263
189 189 264 265
-1 267 159 161
-1 268 158 160
-1 269 171 173
-1 270 170 172
271 271 262 263
272 272 264 265
-1 274 143 147
-1 275 142 146
-1 276 145 149
-1 277 144 148
-1 278 151 155
-1 279 150 154
-1 280 153 157
-1 281 152 156
-1 282 163 167
-1 283 162 166
-1 284 165 169
-1 285 164 168
-1 191 286 287
286 286 -1 289
-1 287 286 25
