49 49 66 67
66 66 40 37
67 67 42 43
50 50 66 67
37 37 49 51
51 51 70 71
38 38 49 51
39 39 50 52
52 52 70 71
65 65 50 52
40 40 55 53
27 27 40 37
42 42 57 59
43 43 61 63
28 28 42 43
18 18 27 28
19 19 27 28
55 55 68 69
53 53 65 72
41 41 55 53
57 57 73 74
59 59 75 76
68 68 57 59
61 61 77 78
63 63 79 80
69 69 61 63
29 29 38 41
30 30 38 41
70 70 81 82
71 71 83 84
81 81 104 105
82 82 102 103
83 83 108 109
84 84 106 107
31 31 39 44
44 44 56 54
32 32 39 44
72 72 56 54
54 54 65 72
56 56 68 69
20 20 29 33
33 33 45 47
21 21 29 33
22 22 30 34
34 34 45 47
23 23 30 34
73 73 85 86
74 74 87 88
58 58 73 74
75 75 89 90
76 76 91 92
60 60 75 76
77 77 93 94
78 78 95 96
62 62 77 78
79 79 97 98
80 80 99 100
64 64 79 80
45 45 58 60
47 47 62 64
46 46 58 60
48 48 62 64
35 35 46 48
36 36 46 48
24 24 35 31
25 25 35 31
-1 101 36 32
26 26 36 32
85 85 112 113
86 86 110 111
87 87 116 117
88 88 114 115
89 89 120 121
90 90 118 119
91 91 124 125
92 92 122 123
93 93 128 129
94 94 126 127
95 95 132 133
96 96 130 131
97 97 136 101
98 98 134 135
-1 99 137 138
-1 100 139 140
-1 149 82 90
-1 150 81 89
-1 151 84 92
-1 152 83 91
-1 153 86 94
-1 154 85 93
-1 155 88 96
-1 156 87 95
-1 157 98 161
161 161 -1 167
-1 158 97 162
162 162 -1 168
-1 159 165 163
-1 165 137 138
163 163 -1 169
-1 160 166 164
-1 166 139 140
164 164 -1 170
137 137 141 142
138 138 143 144
139 139 145 146
140 140 147 148
141 141 151 152
142 142 149 150
143 143 155 156
144 144 153 154
145 145 157 158
146 146 159 160
-1 167 142 144
-1 168 141 143
147 147 161 162
148 148 163 164
-1 169 146 147
-1 170 145 148
