18 18 27 29
27 27 37 39
29 29 41 42
19 19 27 29
37 37 49 51
39 39 53 55
28 28 37 39
41 41 57 59
42 42 61 63
30 30 41 42
20 20 28 30
21 21 28 30
49 49 69 70
51 51 71 72
38 38 49 51
53 53 73 74
55 55 76 77
40 40 53 55
57 57 65 66
59 59 67 68
65 65 57 59
61 61 78 79
63 63 80 81
66 66 61 63
31 31 38 40
32 32 38 40
69 69 82 83
70 70 84 85
50 50 69 70
71 71 86 87
72 72 88 89
52 52 71 72
73 73 90 91
-1 74 104 105
54 54 73 75
-1 75 104 105
76 76 92 93
77 77 94 95
56 56 76 77
22 22 31 33
33 33 43 45
23 23 31 33
24 24 32 34
34 34 43 45
25 25 32 34
58 58 65 66
67 67 50 52
68 68 54 56
60 60 67 68
78 78 96 97
79 79 98 99
62 62 78 79
80 80 100 101
81 81 102 103
64 64 80 81
43 43 58 60
44 44 58 60
45 45 62 64
46 46 62 64
35 35 44 46
-1 154 44 47
47 47 50 52
-1 155 46 48
48 48 54 56
26 26 35 36
36 36 47 48
-1 140 35 154
-1 141 36 155
82 82 108 109
83 83 106 107
84 84 112 113
85 85 110 111
86 86 116 117
87 87 114 115
88 88 120 121
89 89 118 119
90 90 151 152
91 91 149 150
142 142 91 90
104 104 142 153
105 105 143 144
92 92 124 125
93 93 122 123
94 94 128 129
95 95 126 127
96 96 147 148
97 97 145 146
143 143 97 96
98 98 132 133
99 99 130 131
144 144 99 98
100 100 140 141
101 101 134 135
102 102 138 139
103 103 136 137
-1 145 83 101
-1 146 82 100
-1 147 85 103
-1 148 84 102
-1 149 87 93
-1 150 86 92
-1 151 89 95
-1 152 88 94
-1 153 156 157
156 156 142 158
-1 158 156 157
157 157 143 144
