18 18 27 29
27 27 37 39
29 29 41 43
19 19 27 29
37 37 49 51
39 39 53 55
28 28 37 39
41 41 57 59
43 43 61 63
30 30 41 43
20 20 28 30
21 21 28 30
49 49 66 67
51 51 68 69
38 38 49 51
53 53 70 71
55 55 72 73
40 40 53 55
57 57 74 75
-1 59 76 78
42 42 57 60
-1 60 76 78
61 61 80 81
63 63 82 83
44 44 61 63
31 31 38 40
32 32 38 40
66 66 84 85
67 67 86 87
50 50 66 67
68 68 88 89
69 69 90 91
52 52 68 69
70 70 92 93
71 71 94 95
54 54 70 71
72 72 96 97
73 73 98 99
56 56 72 73
22 22 31 33
33 33 42 44
23 23 31 33
24 24 32 34
34 34 42 44
25 25 32 34
74 74 100 101
75 75 102 103
58 58 74 75
76 76 112 113
78 78 114 115
80 80 104 105
81 81 106 107
62 62 80 81
82 82 108 109
83 83 110 111
64 64 82 83
45 45 50 52
84 84 118 119
85 85 116 117
86 86 122 123
87 87 120 121
88 88 126 127
89 89 124 125
90 90 130 131
91 91 128 129
35 35 45 46
46 46 54 56
-1 164 50 178
-1 178 77 79
-1 165 52 58
92 92 134 135
93 93 132 133
94 94 138 139
95 95 136 137
96 96 142 143
97 97 140 141
98 98 146 147
99 99 144 145
-1 166 54 62
-1 167 56 64
47 47 58 65
-1 65 77 79
100 100 150 151
101 101 148 149
102 102 154 155
103 103 152 153
112 112 168 169
113 113 170 171
77 77 112 113
114 114 172 173
115 115 174 175
79 79 114 115
36 36 47 48
48 48 62 64
104 104 164 165
105 105 166 167
106 106 158 159
107 107 156 157
108 108 -1 176
109 109 -1 177
-1 176 195 197
-1 177 196 198
110 110 162 163
111 111 160 161
-1 199 45 47
-1 200 46 48
26 26 35 36
-1 179 85 105
-1 180 84 104
-1 181 87 107
-1 182 86 106
-1 183 89 108
-1 184 88 109
-1 185 91 111
-1 186 90 110
-1 187 93 203
-1 203 169 173
-1 188 92 204
-1 204 168 172
-1 189 95 201
-1 201 171 175
-1 190 94 202
-1 202 170 174
-1 191 97 101
-1 192 96 100
-1 193 99 103
-1 194 98 102
195 195 -1 199
196 196 -1 200
-1 197 35 195
-1 198 36 196
168 168 185 186
169 169 183 184
170 170 181 182
171 171 179 180
172 172 193 194
173 173 191 192
174 174 189 190
175 175 187 188
