18 18 27 29
27 27 37 39
29 29 41 43
19 19 27 29
-1 37 53 54
-1 39 55 56
28 28 38 40
-1 38 53 54
-1 40 55 56
41 41 61 63
-1 43 65 67
30 30 41 44
-1 44 65 67
20 20 28 30
21 21 28 30
53 53 75 76
54 54 77 78
55 55 79 80
56 56 81 82
61 61 84 85
63 63 83 86
42 42 61 63
65 65 88 90
67 67 94 92
75 75 104 105
76 76 106 107
77 77 108 109
78 78 110 111
79 79 112 113
80 80 114 115
81 81 116 117
82 82 118 119
31 31 45 46
45 45 57 58
46 46 59 60
32 32 46 45
22 22 31 33
33 33 42 47
23 23 31 33
24 24 32 34
34 34 42 48
25 25 32 34
-1 57 75 77
-1 58 76 78
-1 59 79 81
-1 60 80 82
-1 47 66 68
-1 48 66 68
84 84 69 70
85 85 71 72
62 62 84 85
83 83 62 64
-1 86 126 127
64 64 83 87
-1 87 126 127
88 88 120 121
90 90 122 123
66 66 88 90
94 94 124 125
92 92 -1 128
68 68 94 93
93 93 -1 129
104 104 132 133
105 105 130 131
106 106 136 137
107 107 134 135
108 108 140 141
109 109 138 139
110 110 144 145
111 111 142 143
112 112 148 149
113 113 146 147
114 114 152 153
115 115 150 151
116 116 156 157
117 117 154 155
118 118 160 161
119 119 158 159
49 49 62 64
69 69 98 99
70 70 96 97
50 50 70 69
71 71 102 103
72 72 100 101
51 51 72 71
126 126 95 92
127 127 89 91
35 35 49 52
-1 52 73 74
120 120 164 165
121 121 162 163
89 89 121 120
122 122 168 169
123 123 166 167
91 91 123 122
-1 128 176 174
-1 129 176 175
124 124 172 173
125 125 170 171
95 95 125 124
-1 96 105 109
-1 97 104 108
-1 98 107 111
-1 99 106 110
-1 100 113 117
-1 101 112 116
-1 102 115 119
-1 103 114 118
36 36 50 51
-1 180 182 50
-1 182 73 74
-1 181 49 51
26 26 36 35
174 174 -1 177
177 177 180 181
175 175 -1 177
73 73 95 93
74 74 89 91
-1 178 36 174
-1 179 35 175
176 176 178 179
