18 18 27 29
27 27 37 39
29 29 41 43
19 19 27 29
37 37 49 51
39 39 53 55
28 28 37 39
41 41 57 59
43 43 61 63
30 30 41 43
20 20 28 30
21 21 28 30
49 49 70 71
-1 51 72 74
38 38 49 52
-1 52 72 74
-1 53 76 77
-1 55 78 79
40 40 54 56
-1 54 76 77
-1 56 78 79
-1 57 84 85
-1 59 86 87
42 42 58 60
-1 58 84 85
-1 60 86 87
61 61 92 93
63 63 94 95
44 44 61 63
31 31 38 40
32 32 38 40
70 70 97 98
71 71 99 100
50 50 70 71
72 72 101 102
74 74 103 104
76 76 105 106
77 77 107 108
78 78 109 110
79 79 111 112
22 22 31 33
33 33 42 44
23 23 31 33
24 24 32 34
34 34 42 44
25 25 32 34
84 84 114 115
85 85 116 117
86 86 113 118
87 87 121 119
92 92 123 124
93 93 125 126
62 62 92 93
94 94 96 128
95 95 122 127
64 64 94 95
45 45 50 65
-1 65 73 75
97 97 135 191
98 98 175 188
129 129 97 98
99 99 181 178
100 100 187 184
130 130 99 100
101 101 140 141
102 102 142 143
73 73 101 102
103 103 136 137
104 104 138 139
75 75 103 104
35 35 45 46
46 46 66 67
-1 256 50 68
68 68 88 89
-1 257 286 69
-1 286 73 75
69 69 90 91
105 105 144 145
106 106 146 147
107 107 148 149
108 108 150 151
109 109 152 153
110 110 154 155
111 111 156 157
112 112 158 159
66 66 80 81
67 67 82 83
-1 258 67 62
-1 259 66 64
-1 80 105 107
-1 81 106 108
-1 82 109 111
-1 83 110 112
114 114 162 163
115 115 164 165
116 116 166 167
117 117 168 169
113 113 160 161
118 118 170 171
121 121 173 174
119 119 -1 172
47 47 69 68
36 36 47 48
48 48 62 64
-1 88 114 116
-1 89 115 117
-1 90 113 120
120 120 -1 172
-1 91 118 121
123 123 176 177
124 124 179 180
131 131 123 124
125 125 182 183
126 126 185 186
132 132 125 126
96 96 129 130
-1 128 189 190
133 133 96 264
-1 264 189 190
122 122 131 132
127 127 133 134
134 134 122 127
-1 291 45 47
-1 292 46 48
26 26 35 36
135 135 129 130
-1 191 269 270
136 136 135 271
-1 271 269 270
175 175 131 132
188 188 133 134
137 137 175 188
181 181 180 179
178 178 177 176
138 138 181 178
187 187 186 185
184 184 183 182
139 139 187 184
140 140 198 199
141 141 196 197
260 260 141 140
142 142 202 203
143 143 200 201
261 261 143 142
262 262 136 137
263 263 138 139
144 144 206 207
145 145 204 205
146 146 210 211
147 147 208 209
148 148 214 215
149 149 212 213
150 150 218 219
151 151 216 217
152 152 222 223
153 153 220 221
154 154 226 227
155 155 224 225
156 156 230 231
157 157 228 229
158 158 234 235
159 159 232 233
160 160 256 257
161 161 258 259
287 287 -1 291
288 288 -1 292
-1 289 35 287
-1 290 36 288
162 162 238 239
163 163 236 237
164 164 242 243
165 165 240 241
166 166 246 247
167 167 244 245
168 168 250 251
169 169 248 249
170 170 194 195
171 171 192 193
172 172 284 285
173 173 254 255
174 174 252 253
176 176 274 275
177 177 272 273
179 179 278 279
180 180 276 277
182 182 282 283
183 183 280 281
185 185 267 268
186 186 265 266
189 189 260 261
190 190 262 263
-1 265 161 119
-1 266 160 120
-1 267 171 174
-1 268 170 173
269 269 260 261
270 270 262 263
-1 272 145 149
-1 273 144 148
-1 274 147 151
-1 275 146 150
-1 276 153 157
-1 277 152 156
-1 278 155 159
-1 279 154 158
-1 280 163 167
-1 281 162 166
-1 282 165 169
-1 283 164 168
-1 284 287 289
-1 285 288 290
