19 19 -1 29
29 29 -1 38
20 20 -1 30
30 30 -1 38
38 38 49 50
80 80 -1 29
74 74 -1 30
49 49 42 44
50 50 46 48
21 21 -1 31
31 31 39 40
22 22 -1 31
39 39 -1 49
40 40 -1 50
76 76 -1 39
77 77 -1 40
42 42 52 51
44 44 54 53
32 32 42 44
46 46 56 55
48 48 58 57
33 33 46 48
23 23 34 36
34 34 41 43
36 36 45 47
24 24 34 36
41 41 51 52
43 43 53 54
35 35 41 43
45 45 55 56
47 47 57 58
37 37 45 47
25 25 35 37
26 26 35 37
51 51 62 63
52 52 60 61
53 53 66 67
54 54 64 65
55 55 72 73
56 56 68 69
57 57 -1 59
58 58 70 71
27 27 32 33
28 28 32 33
-1 72 76 78
-1 78 80 76
-1 73 77 79
-1 79 74 77
-1 59 74 75
-1 75 80 27
