19 19 29 31
29 29 39 40
31 31 42 44
20 20 29 31
39 39 53 55
40 40 57 59
30 30 39 40
42 42 61 63
44 44 65 51
32 32 42 44
21 21 32 30
22 22 32 30
23 23 33 35
33 33 43 47
35 35 41 45
24 24 33 35
43 43 61 63
47 47 54 56
34 34 43 47
41 41 57 59
45 45 65 51
36 36 41 45
25 25 36 34
26 26 36 34
27 27 37 38
37 37 48 46
38 38 49 50
28 28 37 38
48 48 58 60
46 46 54 56
84 84 48 46
49 49 62 64
50 50 66 52
85 85 49 50
67 67 85 84
-1 107 85 84
51 51 67 82
82 82 66 52
52 52 67 82
53 53 69 68
55 55 70 71
68 68 53 55
57 57 72 73
59 59 74 80
61 61 75 76
63 63 77 81
65 65 78 79
69 69 86 87
54 54 69 68
70 70 90 91
71 71 88 89
56 56 71 70
72 72 94 95
73 73 92 93
58 58 73 72
74 74 96 97
80 80 58 60
60 60 74 80
75 75 100 101
76 76 98 99
62 62 76 75
77 77 102 103
81 81 62 64
64 64 77 81
78 78 106 83
79 79 104 105
66 66 79 78
-1 83 27 107
