19 19 29 31
29 29 39 41
31 31 43 45
20 20 29 31
39 39 51 53
41 41 55 57
30 30 39 41
43 43 59 61
45 45 63 65
32 32 43 45
21 21 30 32
22 22 30 32
51 51 67 82
53 53 68 69
40 40 51 53
55 55 70 71
57 57 72 73
42 42 55 57
59 59 74 75
61 61 76 77
44 44 59 61
63 63 78 79
65 65 80 81
46 46 63 65
33 33 40 42
34 34 40 42
67 67 108 109
-1 82 114 115
52 52 67 83
-1 83 114 115
68 68 110 111
69 69 112 113
54 54 68 69
70 70 84 85
71 71 86 87
56 56 70 71
72 72 88 89
73 73 90 91
58 58 72 73
23 23 33 35
35 35 44 46
24 24 33 35
25 25 34 36
36 36 44 46
26 26 34 36
74 74 92 93
75 75 94 95
60 60 74 75
76 76 96 97
77 77 98 99
62 62 76 77
78 78 100 101
79 79 102 103
64 64 78 79
80 80 104 105
81 81 106 107
66 66 80 81
47 47 52 54
207 207 52 54
108 108 158 159
109 109 156 157
114 114 172 177
115 115 173 174
110 110 162 163
111 111 160 161
112 112 166 167
113 113 164 165
37 37 47 48
48 48 56 58
195 195 207 208
208 208 56 58
84 84 119 120
85 85 117 118
156 156 85 84
86 86 123 124
87 87 121 122
157 157 87 86
88 88 127 128
89 89 125 126
158 158 89 88
90 90 131 132
91 91 129 130
159 159 91 90
49 49 60 62
209 209 60 62
92 92 135 136
93 93 133 134
160 160 93 92
94 94 139 140
95 95 137 138
161 161 95 94
96 96 143 144
97 97 141 142
162 162 97 96
98 98 147 148
99 99 145 146
163 163 99 98
38 38 49 50
50 50 64 66
196 196 209 210
210 210 64 66
100 100 168 169
101 101 170 171
164 164 101 100
102 102 151 152
103 103 149 150
165 165 103 102
104 104 -1 175
105 105 -1 176
-1 175 190 192
-1 176 191 189
166 166 104 105
106 106 155 116
107 107 153 154
167 167 107 106
27 27 37 38
28 28 37 38
-1 168 47 179
-1 179 108 110
-1 169 48 180
-1 180 109 111
-1 204 207 209
-1 205 208 210
189 189 195 196
-1 178 195 196
181 181 158 159
182 182 156 157
172 172 182 181
-1 177 193 194
173 173 184 183
174 174 188 187
183 183 162 163
184 184 160 161
-1 185 112 200
-1 200 172 173
-1 186 113 201
-1 201 211 174
187 187 166 167
188 188 164 165
197 197 182 181
-1 170 49 185
-1 171 50 186
190 190 -1 204
191 191 -1 205
198 198 184 183
199 199 188 187
192 192 202 203
-1 116 27 178
-1 211 193 194
193 193 197 206
-1 206 212 213
212 212 197 214
-1 214 212 213
194 194 198 199
213 213 198 199
-1 202 190 192
-1 203 191 189
