19 19 29 31
29 29 39 41
31 31 43 45
20 20 29 31
39 39 51 52
41 41 53 54
30 30 39 41
43 43 55 56
45 45 58 59
32 32 43 45
21 21 30 32
22 22 30 32
51 51 70 72
52 52 74 76
40 40 51 52
53 53 80 81
54 54 82 84
42 42 53 54
55 55 88 90
-1 56 92 93
44 44 55 57
-1 57 92 93
58 58 68 78
59 59 86 94
46 46 58 59
33 33 40 42
34 34 40 42
70 70 109 110
72 72 111 112
100 100 70 72
74 74 113 114
76 76 115 116
101 101 74 76
-1 80 117 118
-1 81 119 120
102 102 141 142
-1 141 117 118
-1 142 119 120
82 82 125 126
84 84 127 128
103 103 82 84
23 23 33 35
35 35 44 46
24 24 33 35
25 25 34 36
36 36 44 46
26 26 34 36
88 88 129 130
90 90 131 132
104 104 88 90
92 92 133 135
93 93 137 139
68 68 100 101
78 78 102 103
105 105 68 78
86 86 104 107
94 94 105 106
106 106 86 94
69 69 100 101
109 109 146 147
110 110 149 150
71 71 109 110
111 111 152 153
112 112 155 156
73 73 111 112
113 113 159 160
114 114 162 163
75 75 113 114
115 115 165 166
116 116 168 169
77 77 115 116
60 60 69 79
79 79 102 103
236 236 69 79
117 117 176 179
118 118 157 154
119 119 172 173
120 120 151 148
125 125 158 171
126 126 145 192
83 83 125 126
127 127 174 175
128 128 177 178
85 85 127 128
-1 107 143 144
87 87 104 108
-1 108 143 144
129 129 180 181
130 130 183 184
89 89 129 130
131 131 186 187
132 132 189 190
91 91 131 132
133 133 161 164
135 135 167 170
143 143 133 135
137 137 188 191
139 139 182 185
144 144 137 139
61 61 87 95
95 95 105 106
237 237 87 95
47 47 60 61
275 275 60 61
145 145 236 237
62 62 71 73
238 238 71 73
146 146 204 205
147 147 202 203
148 148 147 146
149 149 208 209
150 150 206 207
151 151 150 149
152 152 212 213
153 153 210 211
154 154 153 152
155 155 216 217
156 156 214 215
157 157 156 155
48 48 62 63
63 63 75 77
276 276 62 63
158 158 238 239
239 239 75 77
159 159 220 221
160 160 218 219
161 161 160 159
162 162 224 225
163 163 222 223
164 164 163 162
165 165 228 229
166 166 226 227
167 167 166 165
168 168 232 233
169 169 230 231
170 170 169 168
176 176 175 174
179 179 178 177
172 172 158 171
173 173 145 192
64 64 96 97
96 96 121 122
97 97 123 124
240 240 97 96
49 49 64 65
65 65 83 85
277 277 64 65
171 171 240 241
241 241 83 85
-1 121 176 157
-1 122 179 154
-1 123 172 151
-1 124 173 148
192 192 242 245
174 174 196 197
175 175 194 195
177 177 200 201
178 178 198 199
252 252 47 50
50 50 66 67
37 37 47 50
267 267 275 278
278 278 66 283
-1 279 236 240
-1 280 237 241
66 66 89 91
242 242 89 91
180 180 -1 246
181 181 -1 247
-1 246 260 264
-1 247 261 265
182 182 180 181
183 183 -1 243
184 184 -1 244
-1 243 253 262
-1 244 252 263
185 185 183 184
186 186 -1 248
187 187 -1 249
-1 248 254 256
-1 249 255 257
188 188 186 187
189 189 -1 193
190 190 234 235
191 191 190 189
-1 67 98 99
-1 283 98 99
-1 245 258 259
134 134 161 164
136 136 167 170
138 138 188 191
140 140 182 185
253 253 48 49
262 262 -1 274
263 263 -1 274
-1 269 253 260
260 260 -1 273
-1 270 252 262
38 38 48 49
27 27 38 37
28 28 38 37
268 268 276 277
-1 271 275 276
-1 272 278 277
-1 266 268 267
98 98 134 136
99 99 138 140
254 254 -1 271
255 255 -1 272
-1 256 268 254
-1 257 267 255
-1 281 238 284
-1 284 258 259
-1 282 239 242
258 258 134 136
259 259 138 140
273 273 281 282
261 261 -1 273
274 274 279 280
-1 264 261 269
-1 265 263 270
-1 193 250 251
250 250 -1 266
-1 251 250 27
