53 53 70 71
70 70 97 95
71 71 98 99
54 54 70 71
95 95 53 55
55 55 73 74
41 41 53 55
42 42 54 56
56 56 73 74
43 43 54 56
97 97 59 57
130 130 97 95
98 98 61 62
99 99 63 64
131 131 98 99
279 279 130 131
96 96 130 131
59 59 75 76
57 57 72 77
44 44 59 57
61 61 78 80
62 62 82 84
45 45 61 62
63 63 86 88
64 64 90 91
46 46 63 64
255 255 279 280
280 280 133 134
72 72 96 100
100 100 133 134
132 132 96 100
29 29 41 44
30 30 41 44
73 73 107 108
74 74 109 110
107 107 140 141
108 108 142 143
133 133 107 108
109 109 144 145
110 110 146 147
134 134 109 110
31 31 42 47
47 47 60 58
32 32 42 47
33 33 43 48
48 48 60 58
34 34 43 48
-1 256 279 293
293 293 79 81
-1 257 280 294
294 294 83 85
77 77 106 101
58 58 72 77
281 281 132 137
137 137 106 101
101 101 132 137
75 75 102 103
76 76 104 105
60 60 75 76
19 19 29 35
35 35 45 46
20 20 29 35
21 21 30 36
36 36 45 46
22 22 30 36
78 78 111 112
80 80 113 114
102 102 78 80
82 82 115 116
84 84 117 118
103 103 82 84
86 86 119 120
88 88 123 121
104 104 86 88
90 90 -1 124
91 91 -1 125
105 105 138 139
138 138 -1 241
139 139 -1 242
135 135 102 103
136 136 104 105
106 106 135 136
111 111 148 149
112 112 150 151
79 79 111 112
113 113 152 153
114 114 154 155
81 81 113 114
115 115 156 157
116 116 158 159
83 83 115 116
117 117 160 161
118 118 162 163
85 85 117 118
282 282 135 136
119 119 164 165
120 120 166 167
87 87 119 120
123 123 168 169
121 121 -1 174
89 89 123 122
122 122 -1 175
-1 124 172 171
-1 241 266 265
-1 125 170 173
-1 242 170 267
23 23 31 37
37 37 49 51
24 24 31 37
25 25 32 38
38 38 49 51
26 26 32 38
27 27 33 39
39 39 50 52
-1 254 34 40
40 40 50 52
28 28 34 40
140 140 182 183
141 141 180 181
142 142 186 187
143 143 184 185
144 144 190 191
145 145 188 189
146 146 194 195
147 147 192 193
-1 283 141 157
157 157 212 213
-1 284 140 156
156 156 214 215
-1 285 143 159
159 159 216 217
-1 286 142 158
158 158 218 219
-1 287 145 161
161 161 220 221
-1 288 144 160
160 160 222 223
-1 289 147 163
163 163 224 225
-1 290 146 162
162 162 226 227
-1 291 255 263
263 263 293 294
-1 292 258 264
258 258 282 281
264 264 295 296
-1 239 255 173
173 173 -1 244
-1 240 258 267
267 267 -1 244
-1 259 282 295
295 295 87 89
-1 260 281 297
-1 297 308 306
49 49 65 66
51 51 67 68
65 65 79 81
66 66 83 85
50 50 65 66
67 67 87 89
-1 68 92 93
52 52 67 69
-1 69 92 94
-1 261 33 246
246 246 -1 268
-1 262 39 247
247 247 -1 268
148 148 198 199
149 149 196 197
150 150 202 203
151 151 200 201
152 152 206 207
153 153 204 205
154 154 210 211
155 155 208 209
164 164 230 231
165 165 228 229
166 166 234 235
167 167 232 233
-1 174 248 246
-1 175 248 247
168 168 238 179
169 169 236 237
-1 296 307 178
-1 128 90 93
93 93 -1 126
-1 330 138 94
94 94 -1 127
-1 172 245 171
171 171 -1 243
-1 266 245 265
265 265 -1 243
-1 129 91 178
178 178 -1 253
-1 331 139 306
306 306 -1 309
170 170 239 240
243 243 256 257
245 245 263 264
244 244 259 260
92 92 128 129
-1 126 176 177
-1 127 176 177
-1 307 310 311
-1 308 310 312
310 310 314 313
311 311 -1 315
312 312 -1 316
-1 253 277 278
-1 309 277 278
-1 328 326 331
326 326 -1 328
-1 329 327 330
327 327 -1 329
176 176 251 252
177 177 249 250
-1 314 318 320
-1 313 317 319
-1 315 321 311
-1 316 321 312
277 277 251 252
278 278 249 250
268 268 291 292
-1 298 149 165
-1 299 148 164
-1 300 151 167
-1 301 150 166
-1 302 153 121
-1 303 152 122
-1 304 155 169
-1 305 154 168
248 248 261 262
-1 179 28 254
251 251 273 274
252 252 275 276
249 249 269 270
250 250 271 272
269 269 285 286
270 270 283 284
317 317 270 269
271 271 289 290
272 272 287 288
318 318 272 271
273 273 300 301
274 274 298 299
319 319 274 273
275 275 304 305
276 276 302 303
320 320 276 275
-1 324 317 319
-1 325 318 320
-1 322 325 326
-1 323 324 327
321 321 322 323
