19 19 29 31
29 29 39 41
31 31 43 45
20 20 29 31
39 39 51 52
41 41 53 54
30 30 39 41
43 43 56 57
45 45 58 59
32 32 43 45
21 21 30 32
22 22 30 32
51 51 70 72
52 52 74 76
40 40 51 52
53 53 80 82
-1 54 84 85
42 42 53 55
-1 55 84 86
56 56 89 91
57 57 93 95
44 44 56 57
58 58 68 78
59 59 87 97
46 46 58 59
33 33 40 42
34 34 40 42
70 70 111 112
72 72 113 110
101 101 70 72
74 74 114 115
76 76 116 117
102 102 74 76
80 80 118 119
82 82 120 121
103 103 80 82
84 84 122 124
-1 85 126 127
-1 86 126 127
23 23 33 35
35 35 44 46
24 24 33 35
25 25 34 36
36 36 44 46
26 26 34 36
89 89 128 129
91 91 130 131
104 104 89 91
93 93 132 133
95 95 134 135
105 105 93 95
68 68 101 102
78 78 103 108
106 106 68 78
87 87 104 105
97 97 106 107
107 107 87 97
69 69 101 102
111 111 143 144
112 112 153 184
71 71 111 112
113 113 166 175
110 110 138 142
73 73 113 110
114 114 145 146
115 115 147 148
75 75 114 115
116 116 149 150
117 117 151 152
77 77 116 117
60 60 69 79
79 79 103 109
138 138 69 79
-1 108 139 140
-1 109 139 141
118 118 154 155
119 119 156 157
81 81 118 119
120 120 158 159
121 121 160 161
83 83 120 121
122 122 162 163
124 124 164 165
139 139 122 124
126 126 185 187
127 127 189 191
-1 140 254 255
-1 141 254 255
254 254 185 187
255 255 189 191
88 88 104 105
128 128 167 168
129 129 169 170
90 90 128 129
130 130 171 172
131 131 173 174
92 92 130 131
132 132 176 182
133 133 177 178
94 94 132 133
134 134 179 183
135 135 180 181
96 96 134 135
61 61 88 98
98 98 106 107
142 142 88 98
47 47 60 61
291 291 60 61
62 62 71 73
143 143 71 73
144 144 75 77
153 153 81 83
-1 184 266 267
166 166 90 92
175 175 94 96
48 48 62 63
63 63 75 77
292 292 62 63
145 145 196 197
146 146 194 195
147 147 200 201
148 148 198 199
149 149 204 205
150 150 202 203
151 151 208 209
152 152 206 207
64 64 81 83
154 154 212 213
155 155 210 211
250 250 155 154
156 156 216 217
157 157 214 215
251 251 157 156
158 158 220 221
159 159 218 219
252 252 159 158
160 160 224 225
161 161 222 223
253 253 161 160
49 49 64 67
-1 67 99 100
293 293 64 296
-1 296 99 298
162 162 274 275
163 163 272 273
123 123 163 162
164 164 270 271
165 165 268 269
125 125 165 164
185 185 250 251
187 187 252 253
189 189 256 257
191 191 258 259
37 37 47 50
50 50 65 66
277 277 291 294
294 294 65 66
-1 280 138 153
-1 281 142 295
-1 295 266 297
65 65 90 92
167 167 228 229
168 168 226 227
169 169 232 233
170 170 230 231
171 171 236 237
172 172 234 235
173 173 240 241
174 174 238 239
66 66 94 96
176 176 262 263
-1 182 261 260
256 256 176 282
-1 282 261 260
177 177 244 245
178 178 242 243
257 257 178 177
179 179 246 247
-1 183 265 264
258 258 179 287
-1 287 265 264
180 180 -1 193
181 181 248 249
259 259 181 180
27 27 38 37
38 38 48 49
28 28 38 37
260 260 48 49
261 261 283 284
-1 262 47 280
-1 263 50 281
-1 283 143 166
-1 284 144 175
278 278 292 293
99 99 125 123
-1 100 136 137
-1 298 136 137
-1 285 291 292
-1 286 294 293
264 264 278 277
-1 290 278 277
265 265 285 286
266 266 125 123
136 136 186 188
137 137 190 192
-1 267 288 289
-1 297 288 289
288 288 186 188
289 289 190 192
186 186 250 251
188 188 252 253
190 190 256 257
192 192 258 259
-1 268 146 168
-1 269 145 167
-1 270 148 170
-1 271 147 169
-1 272 150 172
-1 273 149 171
-1 274 152 174
-1 275 151 173
-1 193 276 279
276 276 -1 290
-1 279 276 27
