19 19 29 31
29 29 39 41
31 31 43 45
20 20 29 31
39 39 51 52
41 41 53 54
30 30 39 41
43 43 56 57
45 45 58 59
32 32 43 45
21 21 30 32
22 22 30 32
51 51 70 72
52 52 74 76
40 40 51 52
53 53 80 82
-1 54 84 85
42 42 53 55
-1 55 84 86
56 56 89 91
57 57 93 95
44 44 56 57
58 58 68 78
59 59 87 97
46 46 58 59
33 33 40 42
34 34 40 42
70 70 111 112
72 72 113 110
101 101 70 72
74 74 114 115
76 76 116 117
102 102 74 76
80 80 118 119
82 82 120 121
103 103 80 82
84 84 122 124
-1 85 126 127
-1 86 126 127
23 23 33 35
35 35 44 46
24 24 33 35
25 25 34 36
36 36 44 46
26 26 34 36
89 89 128 129
91 91 130 131
104 104 89 91
93 93 132 133
95 95 136 134
105 105 93 95
68 68 101 102
78 78 103 108
106 106 68 78
87 87 104 105
97 97 106 107
107 107 87 97
69 69 101 102
111 111 144 145
112 112 154 183
71 71 111 112
113 113 167 176
110 110 139 143
73 73 113 110
114 114 146 147
115 115 148 149
75 75 114 115
116 116 150 151
117 117 152 153
77 77 116 117
60 60 69 79
79 79 103 109
139 139 69 79
-1 108 140 141
-1 109 140 142
118 118 155 156
119 119 157 158
81 81 118 119
120 120 159 160
121 121 161 162
83 83 120 121
122 122 163 164
124 124 165 166
140 140 122 124
126 126 184 186
127 127 188 190
-1 141 253 254
-1 142 253 254
253 253 184 186
254 254 188 190
88 88 104 105
128 128 168 169
129 129 170 171
90 90 128 129
130 130 172 173
131 131 174 175
92 92 130 131
132 132 177 182
133 133 178 179
94 94 132 133
136 136 180 181
134 134 -1 192
96 96 136 135
135 135 -1 193
61 61 88 98
98 98 106 107
143 143 88 98
47 47 60 61
293 293 60 61
62 62 71 73
144 144 71 73
145 145 75 77
154 154 81 83
-1 183 264 265
167 167 90 92
176 176 94 96
48 48 62 63
63 63 75 77
294 294 62 63
146 146 197 198
147 147 195 196
148 148 201 202
149 149 199 200
150 150 205 206
151 151 203 204
152 152 209 210
153 153 207 208
64 64 81 83
155 155 213 214
156 156 211 212
249 249 156 155
157 157 217 218
158 158 215 216
250 250 158 157
159 159 221 222
160 160 219 220
251 251 160 159
161 161 225 226
162 162 223 224
252 252 162 161
49 49 64 67
-1 67 99 100
295 295 64 298
-1 298 99 299
163 163 272 273
164 164 270 271
123 123 164 163
165 165 268 269
166 166 266 267
125 125 166 165
184 184 249 250
186 186 251 252
188 188 255 256
190 190 257 134
37 37 47 50
50 50 65 66
288 288 293 296
296 296 65 66
-1 277 139 154
-1 278 143 292
-1 292 264 297
65 65 90 92
168 168 229 230
169 169 227 228
170 170 233 234
171 171 231 232
172 172 237 238
173 173 235 236
174 174 241 242
175 175 239 240
66 66 94 96
177 177 260 261
-1 182 259 258
255 255 177 279
-1 279 259 258
178 178 245 246
179 179 243 244
256 256 179 178
-1 192 274 262
-1 193 274 263
180 180 -1 194
181 181 247 248
257 257 181 180
27 27 38 37
38 38 48 49
28 28 38 37
258 258 48 49
259 259 280 281
-1 260 47 277
-1 261 50 278
-1 280 144 167
-1 281 145 176
289 289 294 295
99 99 125 123
-1 100 137 138
-1 299 137 138
-1 290 293 294
-1 291 296 295
-1 287 289 288
262 262 -1 282
282 282 290 291
263 263 -1 282
-1 283 289 262
-1 284 288 263
264 264 125 123
137 137 185 187
138 138 189 191
-1 265 285 286
-1 297 285 286
285 285 185 187
286 286 189 191
185 185 249 250
187 187 251 252
189 189 255 256
191 191 257 135
-1 266 147 169
-1 267 146 168
-1 268 149 171
-1 269 148 170
-1 270 151 173
-1 271 150 172
-1 272 153 175
-1 273 152 174
274 274 283 284
-1 194 275 276
275 275 -1 287
-1 276 275 27
