-1 16 61 62
-1 61 66 67
-1 62 65 68
-1 80 84 85
-1 84 86 87
-1 85 65 88
-1 66 72 73
-1 67 74 75
-1 86 72 73
-1 87 74 75
65 65 70 71
-1 68 76 77
-1 88 76 77
72 72 18 19
73 73 20 21
74 74 22 23
75 75 24 25
76 76 26 27
77 77 28 29
-1 70 80 30
30 30 -1 32
-1 71 17 31
17 17 57 58
31 31 59 60
-1 69 78 79
-1 78 81 82
-1 79 4 83
1 1 2 3
-1 2 5 6
-1 3 4 7
-1 81 11 10
-1 82 13 12
-1 5 11 10
-1 6 13 12
4 4 8 9
-1 83 15 14
-1 7 15 14
11 11 21 20
10 10 19 18
13 13 25 24
12 12 23 22
15 15 29 28
14 14 27 26
-1 8 17 31
-1 9 16 30
18 18 35 36
19 19 33 34
20 20 39 40
21 21 37 38
22 22 43 44
23 23 41 42
24 24 47 48
25 25 45 46
26 26 51 52
27 27 49 50
28 28 55 56
29 29 53 54
-1 32 63 64
63 63 -1 69
-1 64 63 1
