-1 112 95 96
95 95 4 113
96 96 114 115
-1 32 95 96
4 4 9 10
-1 113 11 121
2 2 4 5
-1 5 11 12
-1 114 122 123
-1 115 8 124
3 3 6 7
-1 6 13 14
-1 7 8 15
-1 120 2 3
1 1 2 3
9 9 16 18
10 10 22 23
16 16 9 10
11 11 17 21
-1 121 24 25
-1 12 24 25
-1 122 26 27
-1 123 28 29
-1 13 26 27
-1 14 28 29
8 8 19 20
-1 124 30 31
-1 15 30 31
-1 18 34 38
-1 22 43 44
-1 23 42 45
17 17 35 36
21 21 39 40
34 34 17 21
24 24 46 47
25 25 37 41
35 35 -1 16
36 36 -1 97
-1 97 34 116
37 37 35 36
-1 38 102 103
-1 116 102 103
102 102 47 46
103 103 37 41
26 26 48 49
27 27 50 51
28 28 52 53
29 29 54 55
30 30 56 57
31 31 58 59
-1 19 32 60
60 60 -1 62
-1 20 33 61
33 33 91 92
61 61 93 94
39 39 -1 98
40 40 -1 99
-1 98 117 118
-1 99 42 119
41 41 39 40
-1 43 105 104
-1 44 107 106
-1 117 105 104
-1 118 107 106
42 42 100 101
-1 45 109 108
-1 119 109 108
105 105 51 50
104 104 49 48
107 107 55 54
106 106 53 52
109 109 59 58
108 108 57 56
-1 100 33 61
-1 101 112 60
46 46 65 66
47 47 63 64
48 48 69 70
49 49 67 68
50 50 73 74
51 51 71 72
52 52 77 78
53 53 75 76
54 54 81 82
55 55 79 80
56 56 85 86
57 57 83 84
58 58 89 90
59 59 87 88
-1 62 110 111
110 110 -1 120
-1 111 110 1
