-1 123 136 137
-1 136 146 147
-1 137 105 106
-1 29 91 92
-1 91 103 104
-1 92 105 106
-1 146 124 125
-1 147 126 127
-1 103 124 125
-1 104 126 127
105 105 8 128
106 106 129 31
124 124 18 19
125 125 20 21
126 126 22 23
127 127 24 25
8 8 16 17
-1 128 26 129
129 129 -1 138
31 31 -1 28
-1 122 2 135
2 2 4 5
-1 135 144 145
1 1 2 3
-1 3 6 7
-1 144 9 10
-1 145 11 12
-1 6 9 10
-1 7 11 12
-1 4 8 14
14 14 -1 27
-1 5 13 15
-1 13 26 14
15 15 -1 28
9 9 18 19
10 10 20 21
11 11 22 23
12 12 24 25
18 18 32 33
19 19 34 35
20 20 36 37
21 21 38 39
22 22 40 41
23 23 42 43
24 24 44 45
25 25 46 47
26 26 48 49
-1 16 29 31
-1 17 30 15
30 30 59 60
-1 138 148 149
-1 27 52 53
28 28 50 51
32 32 63 64
33 33 61 62
107 107 33 32
34 34 67 68
35 35 65 66
108 108 35 34
36 36 71 72
37 37 69 70
109 109 37 36
38 38 75 76
39 39 73 74
110 110 39 38
40 40 79 80
41 41 77 78
111 111 41 40
42 42 83 84
43 43 81 82
112 112 43 42
44 44 87 88
45 45 85 86
113 113 45 44
46 46 -1 54
47 47 89 90
114 114 47 46
48 48 57 58
49 49 55 56
-1 148 97 98
-1 149 99 100
-1 52 97 98
-1 53 99 100
-1 50 93 94
-1 51 95 96
93 93 115 116
94 94 -1 117
-1 130 93 131
131 131 -1 139
-1 115 49 94
-1 116 48 131
-1 117 133 134
-1 139 150 151
-1 133 140 141
-1 134 142 143
-1 150 140 141
-1 151 142 143
95 95 118 119
96 96 120 121
-1 132 95 96
-1 118 30 120
120 120 -1 130
-1 119 123 121
121 121 -1 132
97 97 110 109
98 98 108 107
99 99 114 113
100 100 112 111
140 140 110 109
141 141 108 107
142 142 114 113
143 143 112 111
-1 54 101 102
101 101 -1 122
-1 102 101 1
