-1 100 2 109
2 2 5 4
-1 109 6 7
1 1 2 3
-1 3 6 7
-1 5 10 9
-1 4 8 11
8 8 17 16
-1 17 10 31
-1 16 8 36
6 6 12 13
7 7 14 15
11 11 -1 22
36 36 -1 95
10 10 20 21
-1 9 18 19
-1 31 18 19
12 12 23 24
13 13 25 26
18 18 12 13
14 14 27 28
15 15 29 30
19 19 14 15
20 20 32 33
21 21 34 35
-1 126 20 27
27 27 45 46
-1 127 21 28
28 28 47 48
32 32 90 91
33 33 88 89
34 34 94 55
35 35 92 93
-1 22 53 54
-1 95 53 54
-1 128 11 48
48 48 76 77
-1 129 36 47
47 47 78 79
53 53 97 96
54 54 99 98
23 23 37 38
24 24 39 40
25 25 41 42
26 26 43 44
29 29 49 50
30 30 51 52
-1 130 23 110
110 110 130 131
-1 131 24 111
111 111 132 133
37 37 58 59
38 38 56 57
39 39 62 63
40 40 60 61
-1 132 25 112
112 112 126 127
-1 133 26 113
113 113 134 135
41 41 66 67
42 42 64 65
43 43 70 71
44 44 68 69
45 45 74 75
46 46 72 73
-1 134 29 150
150 150 -1 152
-1 135 30 151
151 151 -1 153
49 49 82 83
50 50 80 81
51 51 86 87
52 52 84 85
101 101 111 110
96 96 101 102
102 102 113 112
-1 136 38 116
116 116 142 143
-1 137 37 117
117 117 140 141
-1 138 40 114
114 114 138 139
-1 139 39 115
115 115 136 137
-1 140 33 42
-1 141 32 41
-1 142 35 44
-1 143 34 43
-1 152 97 99
-1 153 96 98
-1 144 46 150
-1 145 45 151
97 97 103 104
99 99 107 108
98 98 105 106
-1 146 50 120
120 120 148 149
-1 147 49 121
121 121 146 147
-1 148 52 118
118 118 128 129
-1 149 51 119
119 119 144 145
-1 55 1 100
103 103 115 114
104 104 117 116
105 105 119 118
106 106 121 120
107 107 122 123
108 108 124 125
-1 122 103 108
-1 123 104 107
-1 124 101 105
-1 125 102 106
