-1 32 110 111
110 110 130 131
-1 111 132 133
-1 129 110 142
-1 142 153 154
16 16 33 32
33 33 105 106
109 109 33 129
-1 130 143 144
-1 131 10 145
2 2 4 5
-1 4 8 9
-1 5 10 11
-1 132 146 147
-1 133 148 149
-1 153 146 147
-1 154 148 149
-1 141 2 152
-1 152 157 158
1 1 2 3
-1 3 6 7
-1 143 155 156
-1 144 23 24
-1 8 21 22
-1 9 23 24
10 10 18 17
-1 145 19 20
-1 11 19 20
146 146 25 26
147 147 27 28
148 148 29 30
149 149 16 31
-1 157 12 13
-1 158 14 15
-1 6 12 13
-1 7 14 15
12 12 25 26
13 13 27 28
14 14 29 30
15 15 16 31
-1 155 60 61
-1 156 62 63
-1 21 60 61
-1 22 62 63
23 23 42 43
24 24 44 45
-1 18 35 36
-1 17 34 37
34 34 113 112
-1 113 134 135
-1 112 34 136
19 19 38 39
20 20 40 41
-1 37 115 114
-1 136 115 114
-1 35 118 119
-1 36 117 116
-1 134 150 151
-1 135 117 116
-1 118 137 138
-1 119 139 140
-1 150 137 138
-1 151 139 140
117 117 45 44
116 116 43 42
115 115 41 40
114 114 39 38
25 25 46 47
26 26 48 49
27 27 50 51
28 28 52 53
29 29 54 55
30 30 56 57
31 31 58 59
38 38 75 76
39 39 73 74
40 40 79 80
41 41 77 78
60 60 123 122
61 61 121 120
62 62 126 109
63 63 125 124
42 42 67 68
43 43 65 66
44 44 71 72
45 45 69 70
137 137 123 122
138 138 121 120
139 139 126 109
140 140 125 124
46 46 83 84
47 47 81 82
120 120 47 46
48 48 87 88
49 49 85 86
121 121 49 48
50 50 91 92
51 51 89 90
122 122 51 50
52 52 95 96
53 53 93 94
123 123 53 52
54 54 99 100
55 55 97 98
124 124 55 54
56 56 103 104
57 57 101 102
125 125 57 56
58 58 -1 64
59 59 107 108
126 126 59 58
-1 64 127 128
127 127 -1 141
-1 128 127 1
