-1 147 157 159
-1 157 18 20
-1 159 26 28
-1 148 158 160
-1 158 19 21
-1 160 27 29
123 123 -1 147
124 124 -1 148
18 18 32 33
20 20 36 37
19 19 34 35
21 21 38 39
26 26 48 49
28 28 52 53
27 27 50 51
29 29 54 55
-1 149 161 163
-1 161 22 24
-1 163 165 151
-1 150 162 164
-1 162 23 25
-1 164 166 152
125 125 -1 149
126 126 -1 150
22 22 40 41
24 24 44 45
23 23 42 43
25 25 46 47
-1 165 58 59
151 151 -1 57
-1 166 60 61
152 152 -1 56
57 57 112 113
56 56 110 111
-1 127 123 5
5 5 10 11
-1 128 124 4
4 4 8 9
-1 110 123 127
-1 111 124 128
-1 129 125 7
7 7 14 15
-1 130 126 6
6 6 12 13
-1 112 125 129
-1 113 126 130
2 2 4 5
-1 122 2 3
3 3 6 7
1 1 2 3
-1 8 18 20
-1 9 19 21
-1 10 22 24
-1 11 23 25
-1 12 26 28
-1 13 27 29
-1 14 30 16
-1 30 58 59
16 16 -1 56
-1 15 31 17
-1 31 60 61
17 17 -1 57
32 32 65 66
33 33 63 64
34 34 69 70
35 35 67 68
36 36 73 74
37 37 71 72
38 38 77 78
39 39 75 76
40 40 81 82
41 41 79 80
42 42 85 86
43 43 83 84
44 44 89 90
45 45 87 88
46 46 93 94
47 47 91 92
48 48 97 98
49 49 95 96
50 50 101 102
51 51 99 100
52 52 105 106
53 53 103 104
54 54 109 62
55 55 107 108
58 58 114 115
59 59 116 117
60 60 118 119
61 61 120 121
-1 131 16 153
-1 153 115 117
-1 132 17 154
-1 154 114 116
-1 133 151 155
-1 155 119 121
-1 134 152 156
-1 156 118 120
-1 135 33 37
-1 136 32 36
-1 137 35 39
-1 138 34 38
-1 139 41 45
-1 140 40 44
-1 141 43 47
-1 142 42 46
-1 143 49 53
-1 144 48 52
-1 145 51 55
-1 146 50 54
-1 62 1 122
114 114 137 138
115 115 135 136
116 116 145 146
117 117 143 144
118 118 141 142
119 119 139 140
120 120 131 132
121 121 133 134
