-1 32 118 119
-1 118 129 130
-1 119 131 132
-1 150 165 166
-1 165 172 173
-1 166 131 174
16 16 33 32
33 33 85 86
-1 129 151 152
-1 130 153 154
-1 172 151 152
-1 173 153 154
131 131 155 156
-1 132 157 158
-1 174 157 158
151 151 17 18
152 152 19 20
153 153 21 22
154 154 23 24
-1 155 25 167
-1 156 27 28
157 157 29 30
158 158 16 31
-1 128 2 149
2 2 4 5
-1 149 163 164
1 1 2 3
-1 3 6 7
-1 163 10 11
-1 164 12 13
-1 6 10 11
-1 7 12 13
-1 4 14 8
-1 14 25 26
-1 8 29 16
-1 5 15 9
-1 15 27 28
-1 9 30 31
10 10 17 18
11 11 19 20
12 12 21 22
13 13 23 24
29 29 54 55
30 30 56 57
31 31 58 59
17 17 34 35
18 18 36 37
19 19 38 39
20 20 40 41
21 21 42 43
22 22 44 45
23 23 46 47
24 24 48 49
25 25 50 51
-1 167 175 176
-1 26 60 61
27 27 62 63
28 28 52 53
34 34 89 90
35 35 87 88
133 133 35 34
36 36 93 94
37 37 91 92
134 134 37 36
38 38 97 98
39 39 95 96
135 135 39 38
40 40 101 102
41 41 99 100
136 136 41 40
42 42 105 106
43 43 103 104
137 137 43 42
44 44 109 110
45 45 107 108
138 138 45 44
46 46 113 114
47 47 111 112
139 139 47 46
48 48 117 64
49 49 115 116
140 140 49 48
50 50 67 68
51 51 65 66
-1 175 122 123
-1 176 124 125
-1 60 122 123
-1 61 124 125
-1 62 120 121
-1 63 126 127
52 52 71 72
53 53 69 70
54 54 83 84
55 55 81 82
56 56 75 76
57 57 73 74
58 58 79 80
59 59 77 78
-1 141 51 160
-1 160 168 170
-1 142 50 161
-1 161 169 171
122 122 136 135
123 123 134 133
124 124 140 139
125 125 138 137
120 120 141 142
121 121 145 146
-1 159 121 120
-1 168 136 134
-1 170 140 138
-1 169 135 133
-1 171 139 137
-1 143 159 53
-1 144 162 52
-1 162 127 126
126 126 143 144
127 127 147 148
-1 145 57 59
-1 146 56 58
-1 147 33 55
-1 148 150 54
-1 64 1 128
