-1 32 122 124
-1 122 129 131
-1 124 133 135
-1 33 123 125
-1 123 130 132
-1 125 134 136
-1 16 32 58
58 58 65 66
-1 17 33 59
-1 59 126 127
-1 129 143 145
-1 131 147 149
-1 130 144 146
-1 132 148 150
-1 133 151 153
-1 135 142 155
-1 134 152 154
-1 136 156 157
143 143 34 35
145 145 38 39
144 144 36 37
146 146 40 41
147 147 42 43
149 149 46 47
148 148 44 45
150 150 48 49
151 151 50 51
153 153 54 55
152 152 52 53
154 154 56 57
-1 166 169 171
-1 169 176 178
-1 171 175 180
-1 167 170 172
-1 170 177 179
-1 172 182 181
-1 175 142 155
142 142 166 167
155 155 58 168
-1 176 143 145
-1 178 147 149
-1 177 144 146
-1 179 148 150
-1 180 151 153
-1 182 156 157
-1 181 152 154
156 156 60 61
157 157 62 63
34 34 77 78
35 35 75 76
18 18 35 34
36 36 81 82
37 37 79 80
19 19 37 36
38 38 85 86
39 39 83 84
20 20 39 38
40 40 89 90
41 41 87 88
21 21 41 40
42 42 93 94
43 43 91 92
22 22 43 42
44 44 97 98
45 45 95 96
23 23 45 44
46 46 101 102
47 47 99 100
24 24 47 46
48 48 105 106
49 49 103 104
25 25 49 48
50 50 109 110
51 51 107 108
26 26 51 50
52 52 113 114
53 53 111 112
27 27 53 52
54 54 117 118
55 55 115 116
28 28 55 54
56 56 121 64
57 57 119 120
29 29 57 56
-1 168 173 174
-1 173 183 184
-1 174 139 185
-1 126 137 138
-1 127 139 140
60 60 69 70
61 61 67 68
62 62 73 74
63 63 71 72
-1 30 61 63
-1 31 60 62
-1 183 158 159
-1 184 160 161
-1 137 158 159
-1 138 160 161
139 139 8 9
-1 185 162 163
-1 140 162 163
158 158 21 20
159 159 19 18
160 160 25 24
161 161 23 22
8 8 30 31
9 9 16 17
162 162 29 28
163 163 27 26
-1 128 2 141
2 2 4 5
-1 141 164 165
1 1 2 3
-1 3 6 7
-1 164 12 13
-1 165 14 15
-1 6 12 13
-1 7 14 15
-1 4 9 10
-1 10 29 27
-1 5 8 11
-1 11 28 26
12 12 21 20
13 13 19 18
14 14 25 24
15 15 23 22
-1 64 1 128
