20 20 -1 30
30 30 38 39
21 21 -1 30
38 38 48 50
39 39 52 46
22 22 31 32
31 31 -1 38
32 32 -1 39
23 23 31 32
48 48 56 57
50 50 58 59
54 54 48 50
52 52 60 61
46 46 54 55
55 55 52 46
47 47 54 55
56 56 67 68
57 57 65 66
49 49 57 56
58 58 71 72
59 59 69 70
51 51 59 58
60 60 63 64
-1 61 73 74
53 53 60 62
-1 62 73 74
40 40 47 53
24 24 -1 33
33 33 41 40
25 25 -1 33
41 41 51 49
26 26 34 35
34 34 -1 41
35 35 -1 40
27 27 34 35
73 73 42 43
42 42 -1 51
43 43 -1 49
36 36 42 43
74 74 44 45
44 44 -1 47
45 45 -1 53
37 37 44 45
28 28 36 37
29 29 36 37
