20 20 30 32
30 30 44 46
32 32 42 48
21 21 30 32
44 44 55 57
46 46 59 61
31 31 44 46
42 42 54 63
48 48 65 67
33 33 42 48
22 22 31 33
23 23 31 33
54 54 34 36
34 34 47 49
36 36 45 43
24 24 34 36
63 63 78 83
43 43 54 63
47 47 59 61
49 49 65 67
35 35 47 49
45 45 55 57
37 37 45 43
25 25 35 37
26 26 35 37
27 27 38 40
38 38 53 50
40 40 52 51
28 28 38 40
53 53 64 66
50 50 56 58
39 39 53 50
52 52 62 69
51 51 60 68
41 41 52 51
-1 86 39 41
29 29 39 41
55 55 70 71
57 57 72 73
59 59 74 75
61 61 76 77
65 65 79 80
67 67 81 82
70 70 89 90
71 71 87 88
56 56 71 70
72 72 93 94
73 73 91 92
58 58 73 72
74 74 97 98
75 75 95 96
60 60 75 74
76 76 101 102
77 77 99 100
62 62 77 76
78 78 103 104
83 83 117 116
64 64 78 83
79 79 107 108
80 80 105 106
66 66 80 79
81 81 111 86
82 82 109 110
68 68 82 81
112 112 56 58
113 113 60 68
69 69 85 84
114 114 62 69
115 115 64 66
-1 117 121 120
-1 116 118 119
118 118 123 122
-1 123 121 120
-1 122 118 119
119 119 115 114
121 121 85 84
120 120 112 113
84 84 115 114
85 85 112 113
