20 20 30 32
30 30 40 41
32 32 42 43
21 21 30 32
40 40 54 56
41 41 58 60
31 31 40 41
42 42 63 65
43 43 52 61
33 33 42 43
22 22 31 33
23 23 31 33
54 54 73 74
56 56 75 76
69 69 54 56
58 58 77 78
-1 60 79 81
70 70 58 88
-1 88 79 145
63 63 84 85
65 65 86 87
71 71 63 65
52 52 69 70
61 61 71 72
72 72 52 61
53 53 69 70
73 73 47 49
74 74 51 45
55 55 73 74
75 75 89 90
76 76 91 92
57 57 75 76
77 77 93 94
78 78 95 96
59 59 77 78
79 79 97 98
-1 81 107 109
-1 145 107 109
44 44 53 62
62 62 71 72
45 45 53 62
84 84 99 100
85 85 101 102
64 64 84 85
86 86 103 104
87 87 105 106
66 66 86 87
24 24 34 36
34 34 46 48
36 36 50 44
25 25 34 36
46 46 55 57
48 48 59 67
35 35 46 48
50 50 64 66
37 37 50 44
26 26 35 37
27 27 35 37
47 47 55 57
-1 67 80 82
49 49 59 68
-1 68 80 83
51 51 64 66
38 38 47 49
80 80 98 97
-1 82 108 110
-1 83 108 110
28 28 38 39
39 39 51 45
29 29 38 39
89 89 113 114
90 90 111 112
91 91 117 118
92 92 115 116
93 93 121 122
94 94 119 120
143 143 94 93
95 95 125 126
96 96 123 124
144 144 96 95
97 97 150 151
98 98 148 149
107 107 143 144
109 109 146 147
108 108 143 144
110 110 146 147
99 99 129 130
100 100 127 128
101 101 133 134
102 102 131 132
103 103 137 138
104 104 135 136
146 146 104 103
105 105 141 142
106 106 139 140
147 147 106 105
-1 148 90 100
-1 149 89 99
-1 150 92 102
-1 151 91 101
