52 52 68 69
68 68 43 40
69 69 45 47
53 53 68 69
40 40 52 54
54 54 70 71
41 41 52 54
42 42 53 55
55 55 70 71
164 164 53 55
43 43 56 58
30 30 43 40
45 45 60 62
47 47 64 66
31 31 45 47
20 20 30 31
21 21 30 31
56 56 72 73
58 58 74 75
44 44 56 58
60 60 76 77
62 62 78 79
46 46 60 62
64 64 80 81
66 66 82 83
48 48 64 66
32 32 41 44
33 33 41 44
70 70 108 109
71 71 110 111
108 108 162 163
109 109 160 161
146 146 108 109
110 110 156 157
111 111 158 159
147 147 110 111
34 34 42 49
49 49 65 67
35 35 42 49
72 72 84 85
73 73 86 87
57 57 72 73
74 74 103 105
75 75 102 107
59 59 74 75
22 22 32 36
36 36 46 48
23 23 32 36
24 24 33 37
37 37 46 48
25 25 33 37
76 76 88 89
77 77 90 91
61 61 76 77
78 78 92 93
79 79 94 95
63 63 78 79
80 80 96 97
81 81 98 99
65 65 80 81
82 82 100 101
83 83 104 106
67 67 82 83
26 26 34 38
38 38 50 51
27 27 34 38
50 50 57 59
51 51 61 63
39 39 50 51
28 28 35 39
29 29 35 39
165 165 65 67
166 166 57 59
167 167 61 63
-1 168 164 166
-1 169 165 167
-1 112 164 166
-1 148 168 165
-1 149 169 167
84 84 115 116
85 85 113 114
150 150 85 84
86 86 119 120
87 87 117 118
151 151 87 86
103 103 152 153
105 105 146 147
152 152 103 105
102 102 150 151
107 107 154 155
153 153 102 107
88 88 123 124
89 89 121 122
154 154 89 88
90 90 127 128
91 91 125 126
155 155 91 90
92 92 131 132
93 93 129 130
156 156 93 92
94 94 135 136
95 95 133 134
157 157 95 94
96 96 148 149
97 97 137 138
158 158 97 96
98 98 141 142
99 99 139 140
159 159 99 98
100 100 145 112
101 101 143 144
160 160 101 100
104 104 152 153
106 106 146 147
161 161 104 106
-1 174 150 156
-1 175 151 157
162 162 170 171
163 163 172 173
-1 176 154 158
-1 177 155 159
-1 178 160 171
171 171 178 179
-1 179 161 170
170 170 180 181
-1 180 162 173
173 173 176 177
-1 181 163 172
172 172 174 175
