20 20 30 32
30 30 40 42
32 32 44 46
21 21 30 32
-1 40 56 57
-1 42 58 59
31 31 41 43
-1 41 56 57
-1 43 58 59
44 44 64 66
-1 46 68 70
33 33 44 47
-1 47 68 70
22 22 31 33
23 23 31 33
56 56 78 79
57 57 80 81
58 58 82 83
59 59 84 85
64 64 87 88
66 66 86 89
45 45 64 66
68 68 91 93
70 70 95 97
78 78 107 108
79 79 109 110
80 80 111 112
81 81 113 114
82 82 115 116
83 83 117 118
84 84 119 120
85 85 121 122
34 34 48 49
48 48 60 61
49 49 62 63
35 35 49 48
24 24 34 36
36 36 45 50
25 25 34 36
26 26 35 37
37 37 45 51
27 27 35 37
-1 60 78 80
-1 61 79 81
-1 62 82 84
-1 63 83 85
-1 50 69 71
-1 51 69 71
87 87 72 73
88 88 74 75
65 65 87 88
86 86 65 67
-1 89 131 132
67 67 86 90
-1 90 131 132
91 91 123 124
93 93 125 126
69 69 91 93
95 95 127 128
97 97 129 130
71 71 95 97
107 107 135 136
108 108 133 134
109 109 139 140
110 110 137 138
111 111 143 144
112 112 141 142
113 113 147 148
114 114 145 146
115 115 151 152
116 116 149 150
117 117 155 156
118 118 153 154
119 119 159 160
120 120 157 158
121 121 163 164
122 122 161 162
52 52 65 67
72 72 101 102
73 73 99 100
53 53 73 72
74 74 105 106
75 75 103 104
54 54 75 74
131 131 96 98
132 132 92 94
38 38 52 55
-1 55 76 77
123 123 167 168
124 124 165 166
92 92 124 123
125 125 171 172
126 126 169 170
94 94 126 125
127 127 179 180
128 128 173 174
96 96 128 127
129 129 177 178
130 130 175 176
98 98 130 129
-1 99 108 112
-1 100 107 111
-1 101 110 114
-1 102 109 113
-1 103 116 120
-1 104 115 119
-1 105 118 122
-1 106 117 121
39 39 53 54
-1 179 181 53
-1 181 76 77
-1 180 52 54
28 28 39 38
29 29 39 38
76 76 96 98
77 77 92 94
