20 20 30 32
30 30 40 42
32 32 44 46
21 21 30 32
40 40 52 54
42 42 56 58
31 31 40 42
44 44 60 62
46 46 64 66
33 33 44 46
22 22 31 33
23 23 31 33
52 52 69 70
54 54 71 72
41 41 52 54
56 56 73 74
58 58 75 76
43 43 56 58
60 60 77 78
-1 62 79 81
45 45 60 63
-1 63 79 81
64 64 83 84
66 66 85 86
47 47 64 66
34 34 41 43
35 35 41 43
69 69 87 88
70 70 89 90
53 53 69 70
71 71 91 92
72 72 93 94
55 55 71 72
73 73 95 96
74 74 97 98
57 57 73 74
75 75 99 100
76 76 101 102
59 59 75 76
24 24 34 36
36 36 45 47
25 25 34 36
26 26 35 37
37 37 45 47
27 27 35 37
77 77 103 104
78 78 105 106
61 61 77 78
79 79 115 116
81 81 117 118
83 83 107 108
84 84 109 110
65 65 83 84
85 85 111 112
86 86 113 114
67 67 85 86
48 48 53 55
87 87 121 122
88 88 119 120
89 89 125 126
90 90 123 124
91 91 129 130
92 92 127 128
93 93 133 134
94 94 131 132
38 38 48 49
49 49 57 59
-1 183 53 203
-1 203 80 82
-1 184 55 61
95 95 137 138
96 96 135 136
97 97 141 142
98 98 139 140
99 99 145 146
100 100 143 144
101 101 149 150
102 102 147 148
-1 185 57 65
-1 186 59 67
50 50 61 68
-1 68 80 82
103 103 153 154
104 104 151 152
105 105 157 158
106 106 155 156
115 115 175 176
116 116 177 178
80 80 115 116
117 117 179 180
118 118 181 182
82 82 117 118
39 39 50 51
51 51 65 67
107 107 171 172
108 108 173 174
109 109 161 162
110 110 159 160
111 111 165 166
112 112 163 164
113 113 169 170
114 114 167 168
28 28 38 39
29 29 38 39
-1 171 48 183
-1 172 49 184
-1 187 88 108
-1 188 87 107
-1 189 90 110
-1 190 89 109
-1 191 92 112
-1 192 91 111
-1 193 94 114
-1 194 93 113
-1 195 96 206
-1 206 176 180
-1 196 95 207
-1 207 175 179
-1 197 98 204
-1 204 178 182
-1 198 97 205
-1 205 177 181
-1 199 100 104
-1 200 99 103
-1 201 102 106
-1 202 101 105
-1 173 50 185
-1 174 51 186
175 175 193 194
176 176 191 192
177 177 189 190
178 178 187 188
179 179 201 202
180 180 199 200
181 181 197 198
182 182 195 196
