20 20 30 32
30 30 40 42
32 32 44 46
21 21 30 32
-1 40 56 57
-1 42 58 59
31 31 41 43
-1 41 56 57
-1 43 58 59
-1 44 64 65
-1 46 66 67
33 33 45 47
-1 45 64 65
-1 47 66 67
22 22 31 33
23 23 31 33
56 56 80 81
57 57 82 83
58 58 84 85
59 59 86 87
64 64 88 89
65 65 90 91
66 66 92 93
67 67 94 95
80 80 112 113
81 81 114 115
82 82 116 117
83 83 118 119
84 84 120 121
85 85 122 123
86 86 124 125
87 87 126 127
34 34 48 49
48 48 60 61
49 49 62 63
35 35 49 48
24 24 34 36
36 36 50 51
25 25 34 36
26 26 35 37
37 37 51 50
27 27 35 37
-1 60 80 82
-1 61 81 83
-1 62 84 86
-1 63 85 87
88 88 128 129
89 89 130 131
90 90 139 140
91 91 143 144
92 92 132 133
93 93 134 135
94 94 136 141
95 95 137 138
50 50 68 69
51 51 70 71
-1 68 88 90
-1 69 89 91
-1 70 92 94
-1 71 93 95
112 112 147 148
113 113 145 146
114 114 151 152
115 115 149 150
116 116 155 156
117 117 153 154
118 118 159 160
119 119 157 158
120 120 163 164
121 121 161 162
122 122 167 168
123 123 165 166
124 124 171 172
125 125 169 170
126 126 175 176
127 127 173 174
128 128 179 180
129 129 177 178
130 130 183 184
131 131 181 182
139 139 72 73
140 140 74 75
143 143 76 77
144 144 78 79
132 132 187 188
133 133 185 186
134 134 191 192
135 135 189 190
136 136 193 194
-1 141 199 200
137 137 197 198
138 138 195 196
-1 96 113 117
-1 97 112 116
-1 98 115 119
-1 99 114 118
-1 100 121 125
-1 101 120 124
-1 102 123 127
-1 103 122 126
-1 104 131 139
-1 105 130 140
72 72 98 99
73 73 96 97
52 52 73 72
74 74 102 103
75 75 100 101
53 53 75 74
199 199 52 53
38 38 52 53
200 200 55 54
-1 142 199 200
28 28 38 39
39 39 55 54
29 29 38 39
-1 106 129 143
-1 107 128 144
76 76 104 105
77 77 106 107
54 54 77 76
78 78 110 111
79 79 108 109
55 55 79 78
-1 108 133 136
-1 109 132 142
-1 110 135 138
-1 111 134 137
