24 24 43 40
25 25 40 43
26 26 44 45
27 27 45 44
28 28 47 46
29 29 46 47
30 30 48 41
31 31 41 48
32 32 49 42
33 33 42 49
22 22 34 39
21 21 37 36
23 23 38 35
43 43 62 24
40 40 66 64
62 62 82 81
66 66 84 83
64 64 52 73
82 82 50 60
81 81 61 53
50 50 69 70
60 60 -1 59
61 61 -1 80
53 53 74 75
69 69 86 87
70 70 88 89
59 59 -1 78
54 54 -1 73
73 73 70 69
78 78 75 74
75 75 90 91
74 74 92 93
80 80 -1 55
55 55 77 76
77 77 94 95
76 76 96 97
84 84 56 79
83 83 80 78
52 52 71 72
71 71 98 99
72 72 -1 85
-1 85 100 101
58 58 -1 79
79 79 -1 51
51 51 72 71
57 57 -1 54
63 63 58 57
56 56 76 77
44 44 62 64
45 45 27 68
68 68 84 83
47 47 65 63
46 46 28 68
65 65 82 81
48 48 31 65
41 41 66 63
49 49 32 35
42 42 67 39
35 35 58 50
67 67 37 36
39 39 59 56
34 34 57 51
37 37 54 55
36 36 53 52
38 38 61 60
100 100 34 38
-1 101 100 67
