21 21 32 34
32 32 44 45
34 34 46 47
22 22 32 34
44 44 58 60
45 45 62 64
33 33 44 45
46 46 67 69
47 47 56 65
35 35 46 47
23 23 33 35
24 24 33 35
58 58 78 79
60 60 80 81
74 74 58 60
62 62 82 83
-1 64 84 86
75 75 62 94
-1 94 84 86
67 67 88 89
-1 69 90 92
76 76 67 95
-1 95 90 92
56 56 74 75
65 65 76 77
77 77 56 65
57 57 74 75
78 78 96 97
79 79 99 100
59 59 78 79
80 80 102 103
81 81 105 106
61 61 80 81
82 82 108 109
83 83 111 112
63 63 82 83
84 84 98 101
86 86 110 113
48 48 57 66
66 66 76 77
49 49 57 66
88 88 114 115
89 89 117 118
68 68 88 89
90 90 104 107
92 92 119 116
25 25 36 38
36 36 50 52
38 38 54 48
26 26 36 38
50 50 59 61
52 52 63 70
37 37 50 52
54 54 68 72
39 39 54 48
27 27 37 39
28 28 37 39
51 51 59 61
-1 70 85 87
53 53 63 71
-1 71 85 87
-1 72 91 93
55 55 68 73
-1 73 91 93
40 40 51 53
41 41 51 53
85 85 98 101
87 87 110 113
29 29 40 42
42 42 55 49
30 30 40 42
-1 152 41 43
43 43 55 49
31 31 41 43
91 91 104 107
93 93 119 116
96 96 123 124
97 97 121 122
98 98 97 96
99 99 127 128
100 100 125 126
101 101 100 99
102 102 131 132
103 103 129 130
104 104 103 102
105 105 135 136
106 106 133 134
107 107 106 105
108 108 139 140
109 109 137 138
110 110 109 108
111 111 143 144
112 112 141 142
113 113 112 111
114 114 147 148
115 115 145 146
116 116 115 114
117 117 151 120
118 118 149 150
119 119 118 117
-1 120 31 152
