21 21 32 34
32 32 44 46
34 34 48 50
22 22 32 34
44 44 60 61
46 46 62 63
33 33 44 46
48 48 64 74
50 50 65 66
35 35 48 50
23 23 33 35
24 24 33 35
60 60 80 82
61 61 84 86
45 45 60 61
62 62 103 105
63 63 90 92
47 47 62 63
64 64 96 97
-1 74 106 108
49 49 64 75
-1 75 107 109
65 65 78 88
66 66 94 99
51 51 65 66
36 36 45 47
37 37 45 47
80 80 123 124
82 82 125 126
114 114 80 82
84 84 127 128
86 86 129 130
115 115 84 86
-1 103 149 150
-1 105 147 148
116 116 171 172
-1 171 258 259
-1 172 256 257
90 90 131 132
92 92 133 134
117 117 90 92
25 25 36 38
38 38 49 51
26 26 36 38
27 27 37 39
39 39 49 51
28 28 37 39
96 96 101 135
97 97 136 137
118 118 96 97
78 78 114 115
88 88 116 117
119 119 78 88
94 94 118 121
99 99 119 120
120 120 94 99
79 79 114 115
123 123 154 155
124 124 156 157
81 81 123 124
125 125 158 159
126 126 160 161
83 83 125 126
127 127 163 164
128 128 165 166
85 85 127 128
129 129 167 168
130 130 169 170
87 87 129 130
67 67 79 89
89 89 116 117
247 247 79 89
131 131 162 173
132 132 153 184
91 91 131 132
133 133 174 175
134 134 176 177
93 93 133 134
-1 121 106 108
95 95 118 122
-1 122 107 109
106 106 140 142
108 108 144 146
107 107 140 142
109 109 144 146
101 101 138 139
135 135 178 179
136 136 180 181
137 137 182 183
98 98 136 137
68 68 95 100
100 100 119 120
248 248 95 100
52 52 67 68
53 53 67 68
153 153 247 248
69 69 81 83
249 249 81 83
154 154 213 214
155 155 211 212
185 185 155 154
156 156 217 218
157 157 215 216
186 186 157 156
158 158 221 222
159 159 219 220
187 187 159 158
160 160 225 226
161 161 223 224
188 188 161 160
54 54 69 70
70 70 85 87
55 55 69 70
162 162 249 250
250 250 85 87
163 163 229 230
164 164 227 228
189 189 164 163
165 165 233 234
166 166 231 232
190 190 166 165
167 167 237 238
168 168 235 236
191 191 168 167
169 169 241 242
170 170 239 240
192 192 170 169
71 71 102 104
-1 102 149 150
-1 104 147 148
251 251 265 266
-1 265 258 259
-1 266 256 257
149 149 195 196
150 150 188 187
258 258 195 196
259 259 188 187
147 147 193 194
148 148 186 185
256 256 193 194
257 257 186 185
56 56 71 72
72 72 91 93
57 57 71 72
173 173 251 252
252 252 91 93
193 193 162 173
184 184 253 202
194 194 153 184
174 174 205 206
175 175 203 204
195 195 175 174
176 176 209 210
177 177 207 208
196 196 177 176
268 268 52 58
58 58 73 76
40 40 52 58
41 41 53 59
59 59 73 77
73 73 98 101
253 253 98 135
138 138 -1 199
139 139 -1 200
199 199 260 261
200 200 262 263
151 151 138 139
178 178 -1 200
179 179 -1 199
152 152 178 179
180 180 254 255
181 181 243 244
197 197 181 180
182 182 -1 201
183 183 245 246
198 198 183 182
-1 76 110 112
-1 77 111 113
-1 202 111 113
140 140 189 190
142 142 191 192
144 144 197 198
146 146 151 152
141 141 189 190
143 143 191 192
145 145 197 198
269 269 54 56
42 42 54 56
29 29 42 40
30 30 42 40
-1 260 271 272
271 271 279 280
272 272 -1 282
-1 261 269 274
274 274 -1 281
-1 262 268 273
273 273 -1 284
-1 263 270 275
270 270 277 278
275 275 -1 283
-1 277 270 272
-1 278 269 274
-1 279 268 273
-1 280 271 275
43 43 55 57
-1 254 53 55
-1 255 59 57
-1 276 43 41
31 31 43 41
110 110 141 143
112 112 145 151
-1 285 110 112
111 111 141 143
113 113 145 152
-1 281 285 249
-1 282 247 251
-1 283 248 250
-1 284 253 252
-1 201 264 267
264 264 -1 276
-1 267 264 31
