21 21 32 34
32 32 44 46
34 34 48 50
22 22 32 34
44 44 60 61
46 46 62 63
33 33 44 46
48 48 64 65
50 50 67 68
35 35 48 50
23 23 33 35
24 24 33 35
60 60 80 82
61 61 84 86
45 45 60 61
62 62 90 91
63 63 92 94
47 47 62 63
64 64 98 100
-1 65 102 103
49 49 64 66
-1 66 102 103
67 67 78 88
68 68 96 104
51 51 67 68
36 36 45 47
37 37 45 47
80 80 119 120
82 82 121 122
110 110 80 82
84 84 123 124
86 86 125 126
111 111 84 86
-1 90 127 128
-1 91 129 130
112 112 151 152
-1 151 127 128
-1 152 129 130
92 92 135 136
94 94 137 138
113 113 92 94
25 25 36 38
38 38 49 51
26 26 36 38
27 27 37 39
39 39 49 51
28 28 37 39
98 98 139 140
100 100 141 142
114 114 98 100
102 102 143 145
103 103 147 149
78 78 110 111
88 88 112 113
115 115 78 88
96 96 114 117
104 104 115 116
116 116 96 104
79 79 110 111
119 119 156 157
120 120 159 160
81 81 119 120
121 121 162 163
122 122 165 166
83 83 121 122
123 123 169 170
124 124 172 173
85 85 123 124
125 125 175 176
126 126 178 179
87 87 125 126
69 69 79 89
89 89 112 113
253 253 79 89
127 127 186 189
128 128 167 164
129 129 182 183
130 130 161 158
135 135 168 181
136 136 155 201
93 93 135 136
137 137 184 185
138 138 187 188
95 95 137 138
-1 117 153 154
97 97 114 118
-1 118 153 154
139 139 190 202
140 140 192 193
99 99 139 140
141 141 195 196
142 142 198 199
101 101 141 142
143 143 171 174
145 145 177 180
153 153 143 145
147 147 197 200
149 149 191 194
154 154 147 149
70 70 97 105
105 105 115 116
254 254 97 105
52 52 69 70
53 53 69 70
155 155 253 254
71 71 81 83
255 255 81 83
156 156 214 215
157 157 212 213
158 158 157 156
159 159 218 219
160 160 216 217
161 161 160 159
162 162 222 223
163 163 220 221
164 164 163 162
165 165 226 227
166 166 224 225
167 167 166 165
54 54 71 72
72 72 85 87
55 55 71 72
168 168 255 256
256 256 85 87
169 169 230 231
170 170 228 229
171 171 170 169
172 172 234 235
173 173 232 233
174 174 173 172
175 175 238 239
176 176 236 237
177 177 176 175
178 178 242 243
179 179 240 241
180 180 179 178
186 186 185 184
189 189 188 187
182 182 168 181
183 183 155 201
73 73 106 107
106 106 131 132
107 107 133 134
257 257 107 106
56 56 73 74
74 74 93 95
57 57 73 74
181 181 257 258
258 258 93 95
-1 131 186 167
-1 132 189 164
-1 133 182 161
-1 134 183 158
201 201 259 267
184 184 206 207
185 185 204 205
187 187 210 211
188 188 208 209
40 40 52 58
58 58 75 76
41 41 53 59
59 59 75 77
-1 269 253 257
-1 270 254 258
75 75 99 101
259 259 99 101
190 190 263 264
-1 202 261 260
191 191 190 262
-1 262 261 260
192 192 246 247
193 193 244 245
194 194 193 192
195 195 265 266
196 196 248 249
197 197 196 195
198 198 252 203
199 199 250 251
200 200 199 198
-1 76 108 109
-1 77 108 109
-1 267 273 274
144 144 171 174
146 146 177 180
148 148 197 200
150 150 191 194
29 29 42 40
42 42 54 56
30 30 42 40
260 260 54 56
261 261 271 272
-1 263 52 269
-1 264 58 270
-1 271 255 275
-1 275 273 274
-1 272 256 259
43 43 55 57
-1 265 53 55
-1 266 59 57
-1 268 43 41
31 31 43 41
108 108 144 146
109 109 148 150
273 273 144 146
274 274 148 150
-1 203 31 268
