21 21 32 34
32 32 44 46
34 34 48 50
22 22 32 34
-1 44 60 61
-1 46 62 63
33 33 45 47
-1 45 60 61
-1 47 62 63
-1 48 68 69
-1 50 70 71
35 35 49 51
-1 49 68 69
-1 51 70 71
23 23 33 35
24 24 33 35
60 60 84 85
61 61 86 87
62 62 88 89
63 63 90 91
68 68 92 93
69 69 94 95
70 70 96 97
71 71 98 99
84 84 116 117
85 85 118 119
86 86 120 121
87 87 122 123
88 88 124 125
89 89 126 127
90 90 128 129
91 91 130 131
36 36 52 53
52 52 64 65
53 53 66 67
37 37 53 52
25 25 36 38
38 38 54 55
26 26 36 38
27 27 37 39
39 39 55 54
28 28 37 39
-1 64 84 86
-1 65 85 87
-1 66 88 90
-1 67 89 91
92 92 132 133
93 93 134 135
94 94 136 137
95 95 138 139
96 96 148 146
97 97 140 141
98 98 142 143
99 99 144 145
54 54 72 73
55 55 74 75
-1 72 92 94
-1 73 93 95
-1 74 96 98
-1 75 97 99
116 116 153 154
117 117 151 152
118 118 157 158
119 119 155 156
120 120 161 162
121 121 159 160
122 122 165 166
123 123 163 164
124 124 169 170
125 125 167 168
126 126 173 174
127 127 171 172
128 128 177 178
129 129 175 176
130 130 181 182
131 131 179 180
132 132 185 186
133 133 183 184
134 134 189 190
135 135 187 188
136 136 193 194
137 137 191 192
138 138 197 198
139 139 195 196
-1 148 211 212
-1 146 210 213
140 140 201 202
141 141 199 200
142 142 205 206
143 143 203 204
144 144 209 150
145 145 207 208
-1 100 117 121
-1 101 116 120
-1 102 119 123
-1 103 118 122
-1 104 125 129
-1 105 124 128
-1 106 127 131
-1 107 126 130
40 40 56 57
56 56 76 77
57 57 78 79
41 41 56 57
29 29 40 42
42 42 58 59
30 30 40 42
-1 214 41 43
43 43 58 59
31 31 41 43
76 76 106 107
77 77 104 105
210 210 77 76
78 78 102 103
79 79 100 101
211 211 79 78
213 213 82 83
-1 147 210 213
212 212 80 81
-1 149 211 212
80 80 108 109
81 81 110 111
58 58 81 80
59 59 83 82
-1 108 135 139
-1 109 134 138
-1 110 133 137
-1 111 132 136
82 82 112 113
83 83 114 115
-1 112 141 145
-1 113 140 144
-1 114 149 143
-1 115 147 142
-1 150 31 214
