21 21 32 34
32 32 44 46
34 34 48 50
22 22 32 34
44 44 56 58
46 46 60 62
33 33 44 46
48 48 64 66
50 50 68 70
35 35 48 50
23 23 33 35
24 24 33 35
56 56 73 74
58 58 75 76
45 45 56 58
60 60 77 78
62 62 79 80
47 47 60 62
64 64 81 82
-1 66 83 85
49 49 64 67
-1 67 83 85
68 68 87 88
70 70 89 90
51 51 68 70
36 36 45 47
37 37 45 47
73 73 91 92
74 74 93 94
57 57 73 74
75 75 95 96
76 76 97 98
59 59 75 76
77 77 99 100
78 78 101 102
61 61 77 78
79 79 103 104
80 80 105 106
63 63 79 80
25 25 36 38
38 38 49 51
26 26 36 38
27 27 37 39
39 39 49 51
28 28 37 39
81 81 107 108
82 82 109 110
65 65 81 82
83 83 119 120
85 85 121 122
87 87 111 112
88 88 113 114
69 69 87 88
89 89 115 116
90 90 117 118
71 71 89 90
52 52 57 59
91 91 126 127
92 92 124 125
93 93 130 131
94 94 128 129
95 95 134 135
96 96 132 133
97 97 138 139
98 98 136 137
40 40 52 53
53 53 61 63
41 41 52 53
-1 174 57 188
-1 188 84 86
-1 175 59 65
99 99 142 143
100 100 140 141
101 101 146 147
102 102 144 145
103 103 150 151
104 104 148 149
105 105 154 155
106 106 152 153
-1 176 61 69
-1 177 63 71
54 54 65 72
-1 72 84 86
107 107 158 159
108 108 156 157
109 109 162 163
110 110 160 161
119 119 178 179
120 120 180 181
84 84 119 120
121 121 182 183
122 122 184 185
86 86 121 122
42 42 54 55
55 55 69 71
43 43 54 55
111 111 174 175
112 112 176 177
113 113 166 167
114 114 164 165
115 115 170 171
116 116 168 169
117 117 -1 123
118 118 172 173
29 29 40 42
30 30 40 42
-1 205 41 43
31 31 41 43
-1 189 92 112
-1 190 91 111
-1 191 94 114
-1 192 93 113
-1 193 96 116
-1 194 95 115
-1 195 98 118
-1 196 97 117
-1 197 100 208
-1 208 179 183
-1 198 99 209
-1 209 178 182
-1 199 102 206
-1 206 181 185
-1 200 101 207
-1 207 180 184
-1 201 104 108
-1 202 103 107
-1 203 106 110
-1 204 105 109
178 178 195 196
179 179 193 194
180 180 191 192
181 181 189 190
182 182 203 204
183 183 201 202
184 184 199 200
185 185 197 198
-1 123 186 187
186 186 -1 205
-1 187 186 31
