21 21 32 34
32 32 44 46
34 34 48 50
22 22 32 34
44 44 60 61
46 46 62 63
33 33 44 46
48 48 65 66
50 50 67 68
35 35 48 50
23 23 33 35
24 24 33 35
60 60 80 82
61 61 84 86
45 45 60 61
62 62 90 92
-1 63 94 95
47 47 62 64
-1 64 94 96
65 65 99 101
66 66 103 105
49 49 65 66
67 67 78 88
68 68 97 107
51 51 67 68
36 36 45 47
37 37 45 47
80 80 122 123
82 82 124 121
112 112 80 82
84 84 125 126
86 86 127 128
113 113 84 86
90 90 129 130
92 92 131 132
114 114 90 92
94 94 133 135
-1 95 137 138
-1 96 137 138
25 25 36 38
38 38 49 51
26 26 36 38
27 27 37 39
39 39 49 51
28 28 37 39
99 99 139 140
101 101 141 142
115 115 99 101
103 103 143 144
105 105 145 146
116 116 103 105
78 78 112 113
88 88 114 119
117 117 78 88
97 97 115 116
107 107 117 118
118 118 97 107
79 79 112 113
122 122 154 155
123 123 164 195
81 81 122 123
124 124 177 186
121 121 149 153
83 83 124 121
125 125 156 157
126 126 158 159
85 85 125 126
127 127 160 161
128 128 162 163
87 87 127 128
69 69 79 89
89 89 114 120
149 149 79 89
-1 119 150 151
-1 120 150 152
129 129 165 166
130 130 167 168
91 91 129 130
131 131 169 170
132 132 171 172
93 93 131 132
133 133 173 174
135 135 175 176
150 150 133 135
137 137 196 198
138 138 200 202
-1 151 262 263
-1 152 262 263
262 262 196 198
263 263 200 202
98 98 115 116
139 139 178 179
140 140 180 181
100 100 139 140
141 141 182 183
142 142 184 185
102 102 141 142
143 143 187 188
144 144 189 190
104 104 143 144
145 145 191 192
146 146 193 194
106 106 145 146
70 70 98 108
108 108 117 118
153 153 98 108
52 52 69 70
53 53 69 70
71 71 81 83
154 154 81 83
155 155 85 87
164 164 91 93
-1 195 272 273
177 177 100 102
186 186 104 106
54 54 71 72
72 72 85 87
55 55 71 72
156 156 207 208
157 157 205 206
158 158 211 212
159 159 209 210
160 160 215 216
161 161 213 214
162 162 219 220
163 163 217 218
73 73 91 93
165 165 223 224
166 166 221 222
258 258 166 165
167 167 227 228
168 168 225 226
259 259 168 167
169 169 231 232
170 170 229 230
260 260 170 169
171 171 235 236
172 172 233 234
261 261 172 171
56 56 73 76
-1 76 109 110
57 57 73 77
-1 77 109 111
173 173 280 281
174 174 278 279
134 134 174 173
175 175 276 277
176 176 274 275
136 136 176 175
196 196 258 259
198 198 260 261
200 200 187 189
202 202 264 265
40 40 52 58
58 58 74 75
41 41 53 59
59 59 74 75
-1 297 149 164
-1 298 153 301
-1 301 272 302
74 74 100 102
178 178 239 240
179 179 237 238
180 180 243 244
181 181 241 242
182 182 247 248
183 183 245 246
184 184 251 252
185 185 249 250
75 75 104 106
187 187 -1 266
188 188 -1 267
-1 266 283 284
-1 267 283 284
189 189 -1 268
190 190 -1 269
-1 268 285 286
-1 269 285 286
191 191 270 271
192 192 253 254
264 264 192 191
193 193 257 204
194 194 255 256
265 265 194 193
29 29 42 40
42 42 54 56
30 30 42 40
-1 289 54 293
293 293 -1 299
-1 290 56 294
294 294 -1 300
-1 291 52 295
295 295 -1 297
-1 292 58 296
296 296 -1 298
283 283 289 290
284 284 293 294
-1 299 154 177
-1 300 155 186
285 285 291 292
286 286 295 296
43 43 55 57
109 109 136 134
-1 110 147 148
-1 111 147 148
-1 270 53 55
-1 271 59 57
-1 282 43 41
31 31 43 41
272 272 136 134
147 147 197 199
148 148 201 203
-1 273 287 288
-1 302 287 288
287 287 197 199
288 288 201 203
197 197 258 259
199 199 260 261
201 201 188 190
203 203 264 265
-1 274 157 179
-1 275 156 178
-1 276 159 181
-1 277 158 180
-1 278 161 183
-1 279 160 182
-1 280 163 185
-1 281 162 184
-1 204 31 282
