22 22 -1 33
33 33 43 44
23 23 -1 33
43 43 53 54
44 44 55 52
24 24 34 35
34 34 -1 43
35 35 -1 44
25 25 34 35
53 53 57 56
54 54 58 59
67 67 53 54
55 55 60 61
52 52 67 68
68 68 55 52
69 69 67 68
57 57 87 88
56 56 69 86
45 45 57 56
58 58 72 73
59 59 75 76
46 46 58 59
60 60 78 79
61 61 81 82
47 47 60 61
86 86 83 80
70 70 69 86
26 26 36 38
36 36 45 46
38 38 47 48
27 27 36 38
37 37 45 46
48 48 -1 62
39 39 47 49
49 49 -1 63
28 28 37 39
29 29 37 39
-1 62 84 89
-1 63 85 90
87 87 70 71
88 88 77 74
71 71 87 88
72 72 93 94
73 73 91 92
74 74 73 72
75 75 97 98
76 76 95 96
77 77 76 75
78 78 101 102
79 79 99 100
80 80 79 78
81 81 105 106
82 82 103 104
83 83 82 81
50 50 64 48
64 64 83 80
-1 84 107 89
89 89 -1 108
-1 85 107 90
90 90 -1 108
30 30 -1 40
40 40 50 51
31 31 -1 40
51 51 65 66
107 107 41 42
41 41 -1 50
42 42 -1 51
32 32 41 42
65 65 70 71
66 66 77 74
-1 109 64 65
-1 110 49 66
108 108 109 110
