22 22 -1 34
34 34 -1 43
23 23 -1 35
35 35 -1 43
43 43 54 55
24 24 -1 34
25 25 -1 35
54 54 47 49
55 55 53 50
26 26 -1 36
36 36 44 45
27 27 -1 36
44 44 -1 54
45 45 -1 55
77 77 -1 44
78 78 -1 45
47 47 57 56
49 49 59 58
37 37 47 49
53 53 62 61
50 50 -1 60
38 38 53 51
51 51 -1 60
28 28 39 41
39 39 46 48
41 41 52 50
29 29 39 41
46 46 56 57
48 48 58 59
40 40 46 48
52 52 61 62
42 42 52 51
30 30 40 42
31 31 40 42
56 56 65 66
57 57 63 64
58 58 69 70
59 59 67 68
60 60 75 76
61 61 73 74
62 62 71 72
32 32 37 38
33 33 37 38
-1 75 77 79
-1 79 24 77
-1 76 78 80
-1 80 25 78
