22 22 33 35
33 33 45 47
35 35 49 50
23 23 33 35
45 45 57 59
47 47 61 63
34 34 45 47
49 49 65 67
50 50 69 71
36 36 49 50
24 24 34 36
25 25 34 36
57 57 77 78
59 59 79 80
46 46 57 59
61 61 81 82
63 63 84 85
48 48 61 63
65 65 73 74
67 67 75 76
73 73 65 67
69 69 86 87
71 71 88 89
74 74 69 71
37 37 46 48
38 38 46 48
77 77 90 91
78 78 92 93
58 58 77 78
79 79 94 95
80 80 96 97
60 60 79 80
81 81 98 99
-1 82 112 113
62 62 81 83
-1 83 112 113
84 84 100 101
85 85 102 103
64 64 84 85
26 26 37 39
39 39 51 53
27 27 37 39
28 28 38 40
40 40 51 53
29 29 38 40
66 66 73 74
75 75 58 60
76 76 62 64
68 68 75 76
86 86 104 105
87 87 106 107
70 70 86 87
88 88 108 109
89 89 110 111
72 72 88 89
51 51 66 68
52 52 66 68
53 53 70 72
54 54 70 72
41 41 52 54
42 42 52 54
30 30 41 43
43 43 55 56
31 31 41 43
-1 114 42 44
44 44 55 56
32 32 42 44
55 55 58 60
56 56 62 64
90 90 117 118
91 91 115 116
92 92 121 122
93 93 119 120
94 94 125 126
95 95 123 124
96 96 129 130
97 97 127 128
98 98 159 160
99 99 157 158
150 150 99 98
112 112 150 161
113 113 151 152
100 100 133 134
101 101 131 132
102 102 137 138
103 103 135 136
104 104 155 156
105 105 153 154
151 151 105 104
106 106 141 142
107 107 139 140
152 152 107 106
108 108 145 146
109 109 143 144
110 110 149 114
111 111 147 148
-1 153 91 109
-1 154 90 108
-1 155 93 111
-1 156 92 110
-1 157 95 101
-1 158 94 100
-1 159 97 103
-1 160 96 102
-1 161 162 163
162 162 150 164
-1 164 162 163
163 163 151 152
