22 22 33 35
33 33 45 47
35 35 49 51
23 23 33 35
45 45 61 62
47 47 63 64
34 34 45 47
49 49 66 67
51 51 68 69
36 36 49 51
24 24 34 36
25 25 34 36
61 61 81 83
62 62 85 87
46 46 61 62
63 63 91 93
-1 64 95 96
48 48 63 65
-1 65 95 97
66 66 100 102
67 67 104 106
50 50 66 67
68 68 79 89
69 69 98 108
52 52 68 69
37 37 46 48
38 38 46 48
81 81 123 124
83 83 125 122
113 113 81 83
85 85 126 127
87 87 128 129
114 114 85 87
91 91 130 131
93 93 132 133
115 115 91 93
95 95 134 136
-1 96 138 139
-1 97 138 139
26 26 37 39
39 39 50 52
27 27 37 39
28 28 38 40
40 40 50 52
29 29 38 40
100 100 140 141
102 102 142 143
116 116 100 102
104 104 144 145
106 106 148 146
117 117 104 106
79 79 113 114
89 89 115 120
118 118 79 89
98 98 116 117
108 108 118 119
119 119 98 108
80 80 113 114
123 123 156 157
124 124 166 195
82 82 123 124
125 125 179 188
122 122 151 155
84 84 125 122
126 126 158 159
127 127 160 161
86 86 126 127
128 128 162 163
129 129 164 165
88 88 128 129
70 70 80 90
90 90 115 121
151 151 80 90
-1 120 152 153
-1 121 152 154
130 130 167 168
131 131 169 170
92 92 130 131
132 132 171 172
133 133 173 174
94 94 132 133
134 134 175 176
136 136 177 178
152 152 134 136
138 138 196 198
139 139 200 202
-1 153 266 267
-1 154 266 267
266 266 196 198
267 267 200 202
99 99 116 117
140 140 180 181
141 141 182 183
101 101 140 141
142 142 184 185
143 143 186 187
103 103 142 143
144 144 189 194
145 145 190 191
105 105 144 145
148 148 192 193
146 146 -1 204
107 107 148 147
147 147 -1 205
71 71 99 109
109 109 118 119
155 155 99 109
53 53 70 71
54 54 70 71
72 72 82 84
156 156 82 84
157 157 86 88
166 166 92 94
-1 195 278 279
179 179 101 103
188 188 105 107
55 55 72 73
73 73 86 88
56 56 72 73
158 158 208 209
159 159 206 207
160 160 212 213
161 161 210 211
162 162 216 217
163 163 214 215
164 164 220 221
165 165 218 219
74 74 92 94
167 167 224 225
168 168 222 223
262 262 168 167
169 169 228 229
170 170 226 227
263 263 170 169
171 171 232 233
172 172 230 231
264 264 172 171
173 173 236 237
174 174 234 235
265 265 174 173
57 57 74 77
-1 77 110 111
58 58 74 78
-1 78 110 112
175 175 286 287
176 176 284 285
135 135 176 175
177 177 282 283
178 178 280 281
137 137 178 177
196 196 262 263
198 198 264 265
200 200 268 269
202 202 270 271
41 41 53 59
59 59 75 76
42 42 54 60
60 60 75 76
-1 289 151 166
-1 290 155 301
-1 301 278 302
75 75 101 103
180 180 240 241
181 181 238 239
182 182 244 245
183 183 242 243
184 184 248 249
185 185 246 247
186 186 252 253
187 187 250 251
76 76 105 107
189 189 274 275
-1 194 273 272
268 268 189 291
-1 291 273 272
190 190 256 257
191 191 254 255
269 269 191 190
-1 204 288 276
-1 205 288 277
270 270 146 147
192 192 260 261
193 193 258 259
271 271 193 192
30 30 43 41
43 43 55 57
31 31 43 41
272 272 55 57
273 273 292 293
-1 274 53 289
-1 275 59 290
-1 292 156 179
-1 293 157 188
44 44 56 58
110 110 137 135
-1 111 149 150
-1 112 149 150
-1 299 54 56
-1 300 60 58
32 32 44 42
276 276 -1 294
294 294 299 300
277 277 -1 294
-1 295 44 276
-1 296 42 277
278 278 137 135
149 149 197 199
150 150 201 203
-1 279 297 298
-1 302 297 298
297 297 197 199
298 298 201 203
197 197 262 263
199 199 264 265
201 201 268 269
203 203 270 271
-1 280 159 181
-1 281 158 180
-1 282 161 183
-1 283 160 182
-1 284 163 185
-1 285 162 184
-1 286 165 187
-1 287 164 186
288 288 295 296
