22 22 33 35
33 33 45 47
35 35 49 51
23 23 33 35
45 45 61 62
47 47 63 64
34 34 45 47
49 49 66 67
51 51 68 69
36 36 49 51
24 24 34 36
25 25 34 36
61 61 81 83
62 62 85 87
46 46 61 62
63 63 91 93
-1 64 95 96
48 48 63 65
-1 65 95 97
66 66 100 102
67 67 104 106
50 50 66 67
68 68 79 89
69 69 98 108
52 52 68 69
37 37 46 48
38 38 46 48
81 81 123 124
83 83 125 122
113 113 81 83
85 85 126 127
87 87 128 129
114 114 85 87
91 91 130 131
93 93 132 133
115 115 91 93
95 95 134 136
-1 96 138 139
-1 97 138 139
26 26 37 39
39 39 50 52
27 27 37 39
28 28 38 40
40 40 50 52
29 29 38 40
100 100 140 141
102 102 142 143
116 116 100 102
104 104 144 146
106 106 148 149
117 117 104 106
79 79 113 114
89 89 115 120
118 118 79 89
98 98 116 117
108 108 118 119
119 119 98 108
80 80 113 114
123 123 157 158
124 124 167 198
82 82 123 124
125 125 180 189
122 122 152 156
84 84 125 122
126 126 159 160
127 127 161 162
86 86 126 127
128 128 163 164
129 129 165 166
88 88 128 129
70 70 80 90
90 90 115 121
152 152 80 90
-1 120 153 154
-1 121 153 155
130 130 168 169
131 131 170 171
92 92 130 131
132 132 172 173
133 133 174 175
94 94 132 133
134 134 176 177
136 136 178 179
153 153 134 136
138 138 199 201
139 139 203 205
-1 154 265 266
-1 155 265 266
265 265 199 201
266 266 203 205
99 99 116 117
140 140 181 182
141 141 183 184
101 101 140 141
142 142 185 186
143 143 187 188
103 103 142 143
144 144 -1 193
146 146 -1 195
105 105 145 147
145 145 -1 194
147 147 -1 196
148 148 190 197
149 149 191 192
107 107 148 149
71 71 99 109
109 109 118 119
156 156 99 109
53 53 70 71
54 54 70 71
72 72 82 84
157 157 82 84
158 158 86 88
167 167 92 94
-1 198 277 278
180 180 101 103
189 189 105 107
55 55 72 73
73 73 86 88
56 56 72 73
159 159 209 210
160 160 207 208
161 161 213 214
162 162 211 212
163 163 217 218
164 164 215 216
165 165 221 222
166 166 219 220
74 74 92 94
168 168 225 226
169 169 223 224
261 261 169 168
170 170 229 230
171 171 227 228
262 262 171 170
172 172 233 234
173 173 231 232
263 263 173 172
174 174 237 238
175 175 235 236
264 264 175 174
57 57 74 77
-1 77 110 111
58 58 74 78
-1 78 110 112
176 176 285 286
177 177 283 284
135 135 177 176
178 178 281 282
179 179 279 280
137 137 179 178
199 199 261 262
201 201 263 264
203 203 267 268
205 205 269 270
41 41 53 59
59 59 75 76
42 42 54 60
60 60 75 76
-1 300 152 167
-1 301 156 304
-1 304 277 305
75 75 101 103
181 181 241 242
182 182 239 240
183 183 245 246
184 184 243 244
185 185 249 250
186 186 247 248
187 187 253 254
188 188 251 252
76 76 105 107
-1 193 271 272
-1 194 271 272
267 267 144 145
-1 195 273 274
-1 196 273 274
268 268 146 147
190 190 255 256
-1 197 276 275
269 269 190 297
-1 297 276 275
191 191 259 260
192 192 257 258
270 270 192 191
30 30 43 41
43 43 55 57
31 31 43 41
-1 287 55 291
291 291 -1 302
-1 288 57 292
292 292 -1 303
-1 289 53 293
293 293 -1 300
-1 290 59 294
294 294 -1 301
271 271 287 288
272 272 291 292
-1 302 157 180
-1 303 158 189
273 273 289 290
274 274 293 294
44 44 56 58
110 110 137 135
-1 111 150 151
-1 112 150 151
-1 295 54 56
-1 296 60 58
275 275 44 42
32 32 44 42
276 276 295 296
277 277 137 135
150 150 200 202
151 151 204 206
-1 278 298 299
-1 305 298 299
298 298 200 202
299 299 204 206
200 200 261 262
202 202 263 264
204 204 267 268
206 206 269 270
-1 279 160 182
-1 280 159 181
-1 281 162 184
-1 282 161 183
-1 283 164 186
-1 284 163 185
-1 285 166 188
-1 286 165 187
