57 57 74 75
74 74 101 99
75 75 102 103
58 58 74 75
99 99 57 59
59 59 77 78
45 45 57 59
46 46 58 60
60 60 77 78
47 47 58 60
101 101 63 61
133 133 101 99
102 102 65 66
103 103 67 68
134 134 102 103
283 283 133 134
100 100 133 134
63 63 79 80
61 61 76 81
48 48 63 61
65 65 82 84
66 66 86 88
49 49 65 66
67 67 90 92
68 68 94 95
50 50 67 68
262 262 283 284
284 284 136 137
76 76 100 104
104 104 136 137
135 135 100 104
33 33 45 48
34 34 45 48
77 77 111 112
78 78 113 114
111 111 143 144
112 112 145 146
136 136 111 112
113 113 147 148
114 114 149 150
137 137 113 114
35 35 46 51
51 51 64 62
36 36 46 51
37 37 47 52
52 52 64 62
38 38 47 52
-1 263 283 295
295 295 83 85
-1 264 284 296
296 296 87 89
81 81 110 105
62 62 76 81
285 285 135 140
140 140 110 105
105 105 135 140
79 79 106 107
80 80 108 109
64 64 79 80
22 22 33 39
39 39 49 50
23 23 33 39
24 24 34 40
40 40 49 50
25 25 34 40
82 82 115 116
84 84 117 118
106 106 82 84
86 86 119 120
88 88 121 122
107 107 86 88
90 90 123 124
92 92 125 126
108 108 90 92
94 94 -1 127
95 95 -1 128
109 109 141 142
141 141 -1 251
142 142 -1 252
138 138 106 107
139 139 108 109
110 110 138 139
115 115 151 152
116 116 153 154
83 83 115 116
117 117 155 156
118 118 157 158
85 85 117 118
119 119 159 160
120 120 161 162
87 87 119 120
121 121 163 164
122 122 165 166
89 89 121 122
286 286 138 139
123 123 167 168
124 124 169 170
91 91 123 124
125 125 171 172
126 126 173 174
93 93 125 126
-1 127 181 180
-1 251 271 270
-1 128 179 182
-1 252 179 272
26 26 35 41
41 41 53 55
27 27 35 41
28 28 36 42
42 42 53 55
29 29 36 42
30 30 37 43
43 43 54 56
31 31 37 43
-1 185 38 44
44 44 54 56
32 32 38 44
143 143 188 189
144 144 186 187
145 145 192 193
146 146 190 191
147 147 196 197
148 148 194 195
149 149 200 201
150 150 198 199
-1 287 144 160
160 160 218 219
-1 288 143 159
159 159 220 221
-1 289 146 162
162 162 222 223
-1 290 145 161
161 161 224 225
-1 291 148 164
164 164 226 227
-1 292 147 163
163 163 228 229
-1 293 150 166
166 166 230 231
-1 294 149 165
165 165 232 233
-1 247 262 268
268 268 295 296
-1 248 265 269
265 265 286 285
269 269 297 298
-1 249 262 182
182 182 -1 254
-1 250 265 272
272 272 -1 254
-1 266 286 297
297 297 91 93
-1 267 285 299
-1 299 311 257
53 53 69 70
55 55 71 72
69 69 83 85
70 70 87 89
54 54 69 70
71 71 91 93
-1 72 96 97
56 56 71 73
-1 73 96 98
151 151 204 205
152 152 202 203
153 153 208 209
154 154 206 207
155 155 212 213
156 156 210 211
157 157 216 217
158 158 214 215
167 167 236 237
168 168 234 235
169 169 240 241
170 170 238 239
171 171 247 248
172 172 242 243
173 173 246 185
174 174 244 245
-1 298 310 256
-1 175 94 97
97 97 -1 131
-1 176 141 98
98 98 -1 132
-1 181 255 180
180 180 -1 253
-1 271 255 270
270 270 -1 253
-1 177 95 256
256 256 -1 273
-1 178 142 257
257 257 -1 274
179 179 249 250
253 253 263 264
255 255 268 269
254 254 266 267
96 96 129 130
129 129 175 176
130 130 177 178
-1 131 183 184
-1 132 183 184
-1 310 312 313
-1 311 312 314
312 312 316 315
313 313 -1 317
314 314 -1 318
-1 273 308 309
-1 274 308 309
-1 330 130 328
328 328 -1 330
-1 331 129 329
329 329 -1 331
183 183 260 261
184 184 258 259
-1 316 320 322
-1 315 319 321
-1 317 323 313
-1 318 323 314
308 308 260 261
309 309 258 259
-1 300 152 168
-1 301 151 167
-1 302 154 170
-1 303 153 169
-1 304 156 172
-1 305 155 171
-1 306 158 174
-1 307 157 173
260 260 279 280
261 261 281 282
258 258 275 276
259 259 277 278
275 275 289 290
276 276 287 288
319 319 276 275
277 277 293 294
278 278 291 292
320 320 278 277
279 279 302 303
280 280 300 301
321 321 280 279
281 281 306 307
282 282 304 305
322 322 282 281
-1 326 319 321
-1 327 320 322
-1 324 327 328
-1 325 326 329
323 323 324 325
