57 57 74 75
74 74 101 99
75 75 102 103
58 58 74 75
99 99 57 59
59 59 77 78
45 45 57 59
46 46 58 60
60 60 77 78
47 47 58 60
101 101 63 61
133 133 101 99
102 102 65 66
103 103 67 68
134 134 102 103
285 285 133 134
100 100 133 134
63 63 79 80
61 61 76 81
48 48 63 61
65 65 82 84
66 66 86 88
49 49 65 66
67 67 90 92
68 68 94 95
50 50 67 68
262 262 285 286
286 286 136 137
76 76 100 104
104 104 136 137
135 135 100 104
33 33 45 48
34 34 45 48
77 77 111 112
78 78 113 114
111 111 143 144
112 112 145 146
136 136 111 112
113 113 147 148
114 114 149 150
137 137 113 114
35 35 46 51
51 51 64 62
36 36 46 51
37 37 47 52
52 52 64 62
38 38 47 52
-1 263 285 297
297 297 83 85
-1 264 286 298
298 298 87 89
81 81 110 105
62 62 76 81
287 287 135 140
140 140 110 105
105 105 135 140
79 79 106 107
80 80 108 109
64 64 79 80
22 22 33 39
39 39 49 50
23 23 33 39
24 24 34 40
40 40 49 50
25 25 34 40
82 82 115 116
84 84 117 118
106 106 82 84
86 86 119 120
88 88 121 122
107 107 86 88
90 90 123 124
92 92 125 126
108 108 90 92
94 94 -1 127
95 95 -1 128
109 109 141 142
141 141 -1 251
142 142 -1 252
138 138 106 107
139 139 108 109
110 110 138 139
115 115 151 152
116 116 153 154
83 83 115 116
117 117 155 156
118 118 157 158
85 85 117 118
119 119 159 160
120 120 161 162
87 87 119 120
121 121 163 164
122 122 165 166
89 89 121 122
288 288 138 139
123 123 167 168
124 124 169 170
91 91 123 124
125 125 171 172
126 126 173 174
93 93 125 126
-1 127 181 180
-1 251 273 272
-1 128 179 182
-1 252 179 274
26 26 35 41
41 41 53 55
27 27 35 41
28 28 36 42
42 42 53 55
29 29 36 42
30 30 37 43
43 43 54 56
31 31 38 44
44 44 54 56
32 32 38 44
143 143 187 188
144 144 185 186
145 145 191 192
146 146 189 190
147 147 195 196
148 148 193 194
149 149 199 200
150 150 197 198
-1 289 144 160
160 160 217 218
-1 290 143 159
159 159 219 220
-1 291 146 162
162 162 221 222
-1 292 145 161
161 161 223 224
-1 293 148 164
164 164 225 226
-1 294 147 163
163 163 227 228
-1 295 150 166
166 166 229 230
-1 296 149 165
165 165 231 232
-1 265 262 270
270 270 297 298
-1 266 267 271
267 267 288 287
271 271 299 300
-1 247 262 182
182 182 -1 254
-1 248 267 274
274 274 -1 254
-1 268 288 299
299 299 91 93
-1 269 287 301
-1 301 313 257
53 53 69 70
55 55 71 72
69 69 83 85
70 70 87 89
54 54 69 70
71 71 91 93
-1 72 96 97
56 56 71 73
-1 73 96 98
-1 249 37 265
-1 250 43 266
151 151 203 204
152 152 201 202
153 153 207 208
154 154 205 206
155 155 211 212
156 156 209 210
157 157 215 216
158 158 213 214
167 167 235 236
168 168 233 234
169 169 239 240
170 170 237 238
171 171 249 250
172 172 241 242
173 173 245 246
174 174 243 244
-1 300 312 256
-1 175 94 97
97 97 -1 131
-1 176 141 98
98 98 -1 132
-1 181 255 180
180 180 -1 253
-1 273 255 272
272 272 -1 253
-1 177 95 256
256 256 -1 275
-1 178 142 257
257 257 -1 276
179 179 247 248
253 253 263 264
255 255 270 271
254 254 268 269
96 96 129 130
129 129 175 176
130 130 177 178
-1 131 183 184
-1 132 183 184
-1 312 314 315
-1 313 314 316
314 314 318 317
315 315 -1 319
316 316 -1 320
-1 275 310 311
-1 276 310 311
-1 332 130 330
330 330 -1 332
-1 333 129 331
331 331 -1 333
183 183 260 261
184 184 258 259
-1 318 322 324
-1 317 321 323
-1 319 325 315
-1 320 325 316
310 310 260 261
311 311 258 259
-1 302 152 168
-1 303 151 167
-1 304 154 170
-1 305 153 169
-1 306 156 172
-1 307 155 171
-1 308 158 174
-1 309 157 173
260 260 281 282
261 261 283 284
258 258 277 278
259 259 279 280
277 277 291 292
278 278 289 290
321 321 278 277
279 279 295 296
280 280 293 294
322 322 280 279
281 281 304 305
282 282 302 303
323 323 282 281
283 283 308 309
284 284 306 307
324 324 284 283
-1 328 321 323
-1 329 322 324
-1 326 329 330
-1 327 328 331
325 325 326 327
