22 22 -1 33
33 33 44 45
23 23 -1 33
44 44 56 58
45 45 60 62
24 24 34 35
34 34 -1 44
35 35 -1 45
25 25 34 35
56 56 65 66
58 58 67 68
60 60 70 71
62 62 64 69
64 64 46 47
46 46 -1 56
47 47 -1 58
36 36 46 47
65 65 78 79
66 66 76 77
57 57 66 65
67 67 82 73
68 68 80 81
59 59 68 67
69 69 48 49
48 48 -1 60
49 49 -1 62
37 37 48 49
70 70 74 75
-1 71 84 83
61 61 70 72
-1 72 84 83
63 63 64 69
50 50 63 61
26 26 36 37
27 27 36 37
84 84 54 55
83 83 51 52
51 51 -1 63
52 52 -1 61
38 38 51 52
28 28 39 40
39 39 -1 50
40 40 -1 53
53 53 59 57
29 29 39 40
30 30 41 42
41 41 -1 50
42 42 -1 53
31 31 41 42
54 54 -1 59
55 55 -1 57
43 43 54 55
-1 73 43 38
32 32 43 38
