23 23 -1 35
35 35 45 46
24 24 -1 35
45 45 47 49
46 46 51 53
25 25 36 37
36 36 -1 45
37 37 -1 46
26 26 36 37
47 47 57 58
49 49 59 60
38 38 47 49
51 51 61 62
53 53 65 63
39 39 51 53
27 27 38 39
28 28 38 39
57 57 89 90
58 58 87 88
48 48 57 58
59 59 72 73
60 60 75 76
50 50 59 60
61 61 78 79
62 62 81 82
52 52 61 62
65 65 84 85
63 63 -1 91
54 54 65 64
64 64 -1 92
40 40 48 50
41 41 48 50
89 89 71 70
90 90 77 74
70 70 89 90
87 87 83 80
88 88 86 64
71 71 87 88
72 72 96 97
73 73 94 95
74 74 73 72
75 75 100 101
76 76 98 99
77 77 76 75
29 29 40 42
42 42 52 54
30 30 40 42
31 31 41 43
43 43 52 54
32 32 41 43
78 78 104 105
79 79 102 103
80 80 79 78
81 81 108 109
82 82 106 107
83 83 82 81
-1 91 115 113
-1 92 115 114
84 84 112 93
85 85 110 111
86 86 85 84
33 33 -1 44
44 44 55 56
34 34 -1 44
55 55 66 67
56 56 68 69
120 120 -1 55
121 121 -1 56
-1 116 120 121
66 66 83 80
67 67 86 63
68 68 71 70
69 69 77 74
-1 117 120 113
113 113 -1 119
-1 118 121 114
114 114 -1 119
-1 122 66 68
-1 123 67 69
119 119 122 123
115 115 117 118
-1 93 34 116
