23 23 35 37
35 35 47 49
37 37 51 53
24 24 35 37
47 47 59 61
49 49 63 65
36 36 47 49
51 51 67 69
53 53 71 73
38 38 51 53
25 25 38 36
26 26 38 36
27 27 39 41
39 39 52 54
41 41 48 50
28 28 39 41
52 52 67 69
54 54 71 73
40 40 52 54
48 48 59 61
50 50 63 65
42 42 48 50
29 29 42 40
30 30 42 40
31 31 43 45
43 43 55 56
45 45 58 57
32 32 43 45
55 55 60 62
56 56 64 72
44 44 55 56
58 58 68 70
57 57 66 74
46 46 58 57
33 33 46 44
34 34 46 44
-1 123 124 125
124 124 131 130
125 125 128 129
-1 121 124 126
-1 126 131 128
-1 122 125 127
-1 127 130 129
131 131 68 70
130 130 66 74
128 128 60 62
129 129 64 72
59 59 75 76
61 61 77 78
63 63 79 80
65 65 81 82
67 67 83 84
69 69 85 86
71 71 87 88
73 73 89 90
75 75 94 95
76 76 92 93
60 60 76 75
77 77 98 99
78 78 96 97
62 62 78 77
79 79 102 103
80 80 100 101
64 64 80 79
81 81 106 107
82 82 104 105
66 66 82 81
83 83 110 111
84 84 108 109
68 68 84 83
85 85 114 115
86 86 112 113
70 70 86 85
87 87 118 119
88 88 116 117
72 72 88 87
89 89 121 122
90 90 120 91
74 74 90 89
-1 91 33 123
