23 23 -1 35
35 35 48 49
24 24 -1 35
48 48 62 63
49 49 64 65
25 25 36 37
36 36 -1 48
37 37 -1 49
26 26 36 37
62 62 77 79
63 63 66 67
64 64 69 71
65 65 73 75
-1 124 62 64
-1 125 63 65
77 77 89 90
79 79 91 92
50 50 77 79
66 66 52 53
67 67 50 54
51 51 66 67
69 69 81 82
71 71 83 84
52 52 69 71
73 73 85 86
75 75 87 88
53 53 73 75
118 118 -1 124
119 119 -1 125
38 38 51 61
61 61 76 74
39 39 51 61
40 40 52 53
54 54 -1 68
41 41 50 55
55 55 -1 68
27 27 40 41
28 28 40 41
68 68 93 94
81 81 102 103
82 82 100 101
70 70 82 81
83 83 98 99
84 84 96 97
72 72 84 83
85 85 -1 95
86 86 116 117
74 74 86 85
87 87 114 115
88 88 112 113
76 76 88 87
89 89 110 111
90 90 108 109
78 78 90 89
91 91 106 107
92 92 104 105
80 80 92 91
42 42 60 54
60 60 76 74
43 43 60 55
-1 93 118 120
-1 120 118 46
-1 94 119 121
-1 121 119 38
29 29 44 42
44 44 56 58
30 30 44 42
56 56 72 70
58 58 80 78
45 45 56 58
31 31 45 43
32 32 45 43
57 57 72 70
59 59 80 78
46 46 57 59
47 47 57 59
33 33 46 38
-1 126 47 39
34 34 47 39
-1 95 122 123
122 122 -1 126
-1 123 122 34
