23 23 -1 35
35 35 45 46
24 24 -1 35
45 45 47 49
46 46 51 53
25 25 36 37
36 36 -1 45
37 37 -1 46
26 26 36 37
47 47 57 58
49 49 59 60
38 38 47 49
51 51 61 62
53 53 63 64
39 39 51 53
27 27 38 39
28 28 38 39
57 57 91 92
58 58 89 90
48 48 57 58
59 59 71 72
60 60 74 75
50 50 59 60
61 61 77 78
62 62 80 81
52 52 61 62
63 63 83 88
64 64 85 86
54 54 63 64
40 40 48 50
41 41 48 50
91 91 70 69
92 92 76 73
69 69 91 92
89 89 82 79
90 90 87 84
70 70 89 90
71 71 96 97
72 72 94 95
73 73 72 71
74 74 100 101
75 75 98 99
76 76 75 74
29 29 40 42
42 42 52 54
30 30 40 42
31 31 41 43
43 43 52 54
32 32 41 43
77 77 104 105
78 78 102 103
79 79 78 77
80 80 108 109
81 81 106 107
82 82 81 80
83 83 110 111
-1 88 116 115
84 84 83 117
-1 117 116 115
85 85 114 93
86 86 112 113
87 87 86 85
33 33 -1 44
44 44 55 56
34 34 -1 44
55 55 65 66
56 56 67 68
115 115 119 120
119 119 -1 55
120 120 -1 56
-1 118 119 120
65 65 82 79
66 66 87 84
67 67 70 69
68 68 76 73
116 116 121 122
-1 121 65 67
-1 122 66 68
-1 93 34 118
