23 23 35 37
35 35 47 48
37 37 49 51
24 24 35 37
47 47 59 61
48 48 63 65
36 36 47 48
49 49 67 69
51 51 71 73
38 38 49 51
25 25 36 38
26 26 36 38
59 59 75 76
61 61 77 78
179 179 59 61
63 63 80 81
65 65 82 83
180 180 63 65
67 67 84 85
69 69 86 87
50 50 67 69
71 71 88 89
73 73 90 91
52 52 71 73
169 169 179 180
75 75 92 93
76 76 118 120
60 60 75 76
77 77 119 121
-1 78 122 123
62 62 77 79
-1 79 122 123
80 80 94 95
81 81 97 98
64 64 80 81
82 82 100 101
83 83 103 104
66 66 82 83
-1 171 179 181
181 181 68 70
-1 172 180 182
182 182 72 74
-1 168 169 170
170 170 181 182
39 39 50 52
40 40 50 52
84 84 102 105
85 85 111 108
68 68 84 85
86 86 106 107
87 87 109 110
70 70 86 87
88 88 112 113
89 89 115 116
72 72 88 89
90 90 96 99
91 91 114 117
74 74 90 91
27 27 39 41
41 41 53 55
28 28 39 41
29 29 40 42
42 42 53 55
30 30 40 42
53 53 60 62
55 55 64 66
54 54 60 62
56 56 64 66
43 43 54 56
44 44 54 56
31 31 43 45
45 45 57 58
32 32 43 45
33 33 44 46
46 46 57 58
34 34 44 46
57 57 68 70
58 58 72 74
-1 158 169 171
-1 159 170 172
92 92 127 128
93 93 125 126
160 160 93 92
118 118 160 161
120 120 166 164
161 161 118 120
119 119 160 161
121 121 166 164
162 162 119 121
122 122 162 163
123 123 167 165
94 94 131 132
95 95 129 130
96 96 95 94
97 97 135 136
98 98 133 134
99 99 98 97
100 100 139 140
101 101 137 138
102 102 101 100
103 103 143 144
104 104 141 142
105 105 104 103
173 173 102 105
111 111 110 109
108 108 107 106
174 174 111 108
106 106 158 159
107 107 145 146
109 109 149 150
110 110 147 148
112 112 153 154
113 113 151 152
114 114 113 112
115 115 157 124
116 116 155 156
117 117 116 115
175 175 96 99
176 176 114 117
166 166 173 174
164 164 175 176
-1 163 177 178
177 177 162 183
-1 183 177 178
167 167 173 174
165 165 175 176
178 178 167 165
-1 124 33 168
