23 23 35 37
35 35 47 49
37 37 51 53
24 24 35 37
47 47 59 60
49 49 61 62
36 36 47 49
51 51 63 64
53 53 66 67
38 38 51 53
25 25 36 38
26 26 36 38
59 59 78 80
60 60 82 84
48 48 59 60
61 61 88 89
62 62 90 92
50 50 61 62
63 63 96 98
-1 64 100 101
52 52 63 65
-1 65 100 101
66 66 76 86
67 67 94 102
54 54 66 67
39 39 48 50
40 40 48 50
78 78 117 118
80 80 119 120
108 108 78 80
82 82 121 122
84 84 123 124
109 109 82 84
-1 88 125 126
-1 89 127 128
110 110 149 150
-1 149 125 126
-1 150 127 128
90 90 133 134
92 92 135 136
111 111 90 92
27 27 39 41
41 41 52 54
28 28 39 41
29 29 40 42
42 42 52 54
30 30 40 42
96 96 137 138
98 98 139 140
112 112 96 98
100 100 141 143
101 101 145 147
76 76 108 109
86 86 110 111
113 113 76 86
94 94 112 115
102 102 113 114
114 114 94 102
77 77 108 109
117 117 154 155
118 118 157 158
79 79 117 118
119 119 160 161
120 120 163 164
81 81 119 120
121 121 167 168
122 122 170 171
83 83 121 122
123 123 173 174
124 124 176 177
85 85 123 124
68 68 77 87
87 87 110 111
251 251 77 87
125 125 184 187
126 126 165 162
127 127 180 181
128 128 159 156
133 133 166 179
134 134 153 199
91 91 133 134
135 135 182 183
136 136 185 186
93 93 135 136
-1 115 151 152
95 95 112 116
-1 116 151 152
137 137 188 189
138 138 191 192
97 97 137 138
139 139 194 200
140 140 196 197
99 99 139 140
141 141 169 172
143 143 175 178
151 151 141 143
145 145 195 198
147 147 190 193
152 152 145 147
69 69 95 103
103 103 113 114
252 252 95 103
55 55 68 69
274 274 68 69
153 153 251 252
70 70 79 81
253 253 79 81
154 154 216 217
155 155 214 215
156 156 155 154
157 157 220 221
158 158 218 219
159 159 158 157
160 160 224 225
161 161 222 223
162 162 161 160
163 163 228 229
164 164 226 227
165 165 164 163
56 56 70 71
71 71 83 85
275 275 70 71
166 166 253 254
254 254 83 85
167 167 232 233
168 168 230 231
169 169 168 167
170 170 236 237
171 171 234 235
172 172 171 170
173 173 240 241
174 174 238 239
175 175 174 173
176 176 244 245
177 177 242 243
178 178 177 176
184 184 183 182
187 187 186 185
180 180 166 179
181 181 153 199
72 72 104 105
104 104 129 130
105 105 131 132
255 255 105 104
57 57 72 73
73 73 91 93
276 276 72 73
179 179 255 256
256 256 91 93
-1 129 184 165
-1 130 187 162
-1 131 180 159
-1 132 181 156
199 199 259 265
182 182 208 209
183 183 206 207
185 185 212 213
186 186 210 211
43 43 55 58
58 58 74 75
44 44 55 58
267 267 274 277
277 277 74 278
-1 257 251 255
-1 258 252 256
74 74 97 99
259 259 97 99
188 188 263 264
189 189 257 258
190 190 189 188
191 191 204 205
192 192 202 203
193 193 192 191
194 194 246 247
-1 200 261 260
195 195 194 262
-1 262 261 260
196 196 250 201
197 197 248 249
198 198 197 196
-1 75 106 107
-1 278 106 107
-1 265 271 272
142 142 169 172
144 144 175 178
146 146 195 198
148 148 190 193
31 31 45 43
45 45 56 57
32 32 45 43
46 46 56 57
33 33 46 44
34 34 46 44
268 268 275 276
-1 269 274 275
-1 270 277 276
260 260 268 267
-1 266 268 267
106 106 142 144
107 107 146 148
261 261 269 270
-1 263 253 273
-1 273 271 272
-1 264 254 259
271 271 142 144
272 272 146 148
-1 201 33 266
