23 23 35 37
35 35 47 49
37 37 51 53
24 24 35 37
47 47 59 60
49 49 61 62
36 36 47 49
51 51 64 65
53 53 66 67
38 38 51 53
25 25 36 38
26 26 36 38
59 59 78 80
60 60 82 84
48 48 59 60
61 61 88 90
-1 62 92 93
50 50 61 63
-1 63 92 94
64 64 97 99
65 65 101 103
52 52 64 65
66 66 76 86
67 67 95 105
54 54 66 67
39 39 48 50
40 40 48 50
78 78 119 120
80 80 121 118
109 109 78 80
82 82 122 123
84 84 124 125
110 110 82 84
88 88 126 127
90 90 128 129
111 111 88 90
92 92 130 132
-1 93 134 135
-1 94 134 135
27 27 39 41
41 41 52 54
28 28 39 41
29 29 40 42
42 42 52 54
30 30 40 42
97 97 136 137
99 99 138 139
112 112 97 99
101 101 140 141
103 103 142 143
113 113 101 103
76 76 109 110
86 86 111 116
114 114 76 86
95 95 112 113
105 105 114 115
115 115 95 105
77 77 109 110
119 119 151 152
120 120 161 192
79 79 119 120
121 121 174 183
118 118 146 150
81 81 121 118
122 122 153 154
123 123 155 156
83 83 122 123
124 124 157 158
125 125 159 160
85 85 124 125
68 68 77 87
87 87 111 117
146 146 77 87
-1 116 147 148
-1 117 147 149
126 126 162 163
127 127 164 165
89 89 126 127
128 128 166 167
129 129 168 169
91 91 128 129
130 130 170 171
132 132 172 173
147 147 130 132
134 134 195 197
135 135 193 199
-1 148 262 263
-1 149 262 263
262 262 195 197
263 263 193 199
96 96 112 113
136 136 175 176
137 137 177 178
98 98 136 137
138 138 179 180
139 139 181 182
100 100 138 139
140 140 184 185
141 141 186 187
102 102 140 141
142 142 188 191
143 143 189 190
104 104 142 143
69 69 96 106
106 106 114 115
150 150 96 106
55 55 68 69
295 295 68 69
70 70 79 81
151 151 79 81
152 152 83 85
161 161 89 91
-1 192 274 275
174 174 98 100
183 183 102 104
56 56 70 71
71 71 83 85
296 296 70 71
153 153 208 209
154 154 206 207
155 155 212 213
156 156 210 211
157 157 216 217
158 158 214 215
159 159 220 221
160 160 218 219
72 72 89 91
162 162 224 225
163 163 222 223
258 258 163 162
164 164 228 229
165 165 226 227
259 259 165 164
166 166 232 233
167 167 230 231
260 260 167 166
168 168 236 237
169 169 234 235
261 261 169 168
57 57 72 75
-1 75 107 108
297 297 72 300
-1 300 107 301
170 170 282 283
171 171 280 281
131 131 171 170
172 172 278 279
173 173 276 277
133 133 173 172
195 195 258 259
197 197 260 261
193 193 266 267
199 199 268 269
43 43 55 58
58 58 73 74
44 44 55 58
285 285 295 298
298 298 73 74
-1 264 146 161
-1 265 150 291
-1 291 274 299
73 73 98 100
175 175 240 241
176 176 238 239
177 177 244 245
178 178 242 243
179 179 248 249
180 180 246 247
181 181 252 253
182 182 250 251
74 74 102 104
184 184 272 273
185 185 264 265
266 266 185 184
186 186 204 205
187 187 202 203
267 267 187 186
188 188 254 255
-1 191 271 270
268 268 188 290
-1 290 271 270
189 189 -1 201
190 190 256 257
269 269 190 189
31 31 45 43
45 45 56 57
32 32 45 43
46 46 56 57
33 33 46 44
34 34 46 44
286 286 296 297
107 107 133 131
-1 108 144 145
-1 301 144 145
-1 288 295 296
-1 289 298 297
270 270 286 285
-1 294 286 285
271 271 288 289
-1 272 151 174
-1 273 152 183
274 274 133 131
144 144 196 198
145 145 194 200
-1 275 292 293
-1 299 292 293
292 292 196 198
293 293 194 200
196 196 258 259
198 198 260 261
194 194 266 267
200 200 268 269
-1 276 154 176
-1 277 153 175
-1 278 156 178
-1 279 155 177
-1 280 158 180
-1 281 157 179
-1 282 160 182
-1 283 159 181
-1 201 284 287
284 284 -1 294
-1 287 284 33
