59 59 75 76
75 75 101 99
76 76 102 103
60 60 75 76
99 99 59 61
61 61 78 79
47 47 59 61
48 48 60 62
62 62 78 79
49 49 60 62
101 101 65 63
133 133 101 99
102 102 67 68
103 103 69 70
134 134 102 103
263 263 133 134
100 100 133 134
65 65 80 81
63 63 77 82
50 50 65 63
67 67 83 85
68 68 87 89
51 51 67 68
69 69 91 93
70 70 95 97
52 52 69 70
291 291 263 264
264 264 136 137
77 77 100 104
104 104 136 137
135 135 100 104
35 35 47 50
36 36 47 50
78 78 111 112
79 79 113 114
111 111 141 142
112 112 143 144
136 136 111 112
113 113 145 146
114 114 147 148
137 137 113 114
37 37 48 53
53 53 66 64
38 38 48 53
39 39 49 54
54 54 66 64
40 40 49 54
261 261 291 292
292 292 266 265
-1 246 263 267
267 267 84 86
-1 247 264 268
268 268 88 90
82 82 110 105
64 64 77 82
265 265 135 140
140 140 110 105
105 105 135 140
80 80 106 107
81 81 108 109
66 66 80 81
23 23 35 41
41 41 51 52
24 24 35 41
25 25 36 42
42 42 51 52
26 26 36 42
83 83 115 116
85 85 117 118
106 106 83 85
87 87 119 120
89 89 121 122
107 107 87 89
91 91 123 124
93 93 125 126
108 108 91 93
95 95 127 128
97 97 129 131
109 109 95 97
138 138 106 107
139 139 108 109
110 110 138 139
115 115 149 150
116 116 151 152
84 84 115 116
117 117 153 154
118 118 155 156
86 86 117 118
119 119 157 158
120 120 159 160
88 88 119 120
121 121 161 162
122 122 163 164
90 90 121 122
266 266 138 139
123 123 165 166
124 124 167 168
92 92 123 124
125 125 169 170
126 126 171 172
94 94 125 126
127 127 173 174
128 128 175 176
96 96 127 128
-1 129 177 178
-1 131 179 180
98 98 130 132
-1 130 177 178
-1 132 179 180
27 27 37 43
43 43 55 57
28 28 37 43
29 29 38 44
44 44 55 57
30 30 38 44
31 31 39 45
45 45 56 58
32 32 39 45
33 33 40 46
46 46 56 58
34 34 40 46
141 141 184 185
142 142 182 183
143 143 188 189
144 144 186 187
145 145 192 193
146 146 190 191
147 147 196 197
148 148 194 195
-1 295 142 158
158 158 216 217
-1 296 141 157
157 157 218 219
-1 297 144 160
160 160 220 221
-1 298 143 159
159 159 222 223
-1 299 146 162
162 162 224 225
-1 300 145 161
161 161 226 227
-1 301 148 164
164 164 228 229
-1 302 147 163
163 163 230 231
-1 272 291 293
293 293 267 268
-1 273 292 294
294 294 269 270
-1 290 261 262
262 262 293 294
-1 248 266 269
269 269 92 94
-1 249 265 270
270 270 96 98
55 55 71 72
57 57 73 74
71 71 84 86
72 72 88 90
56 56 71 72
73 73 92 94
74 74 96 98
58 58 73 74
149 149 202 203
150 150 200 201
151 151 206 207
152 152 204 205
153 153 210 211
154 154 208 209
155 155 214 215
156 156 212 213
165 165 234 235
166 166 232 233
167 167 238 239
168 168 236 237
169 169 242 243
170 170 240 241
171 171 -1 181
172 172 244 245
173 173 246 247
174 174 248 249
175 175 250 251
176 176 198 199
177 177 253 252
178 178 255 254
179 179 256 258
180 180 257 259
-1 250 261 272
-1 251 262 273
-1 303 174 317
317 317 -1 327
-1 304 173 318
318 318 -1 328
-1 305 176 315
315 315 -1 325
-1 306 175 316
316 316 -1 326
-1 307 150 166
-1 308 149 165
-1 309 152 168
-1 310 151 167
-1 311 154 170
-1 312 153 169
-1 313 156 172
-1 314 155 171
-1 181 260 271
253 253 276 277
252 252 274 275
255 255 280 281
254 254 278 279
256 256 282 283
258 258 286 288
257 257 284 285
259 259 287 289
274 274 297 298
275 275 295 296
276 276 301 302
277 277 299 300
278 278 309 310
279 279 307 308
280 280 313 314
281 281 311 312
282 282 305 306
283 283 303 304
-1 325 275 279
-1 326 274 278
284 284 315 316
285 285 317 318
-1 327 277 281
-1 328 276 280
-1 319 329 321
-1 329 253 255
321 321 -1 331
-1 320 330 322
-1 330 252 254
322 322 -1 332
286 286 319 320
-1 288 323 289
-1 331 284 286
-1 332 285 337
287 287 321 322
289 289 -1 324
-1 337 323 338
323 323 333 334
338 338 -1 324
-1 333 256 257
-1 334 258 259
324 324 335 336
-1 335 283 287
-1 336 282 338
260 260 -1 290
-1 271 260 33
