23 23 35 37
35 35 47 49
37 37 51 53
24 24 35 37
-1 47 63 64
-1 49 65 66
36 36 48 50
-1 48 63 64
-1 50 65 66
-1 51 71 72
-1 53 73 74
38 38 52 54
-1 52 71 72
-1 54 73 74
25 25 36 38
26 26 36 38
63 63 87 88
64 64 89 90
65 65 91 92
66 66 93 94
71 71 95 96
72 72 97 98
73 73 99 100
74 74 101 102
87 87 119 120
88 88 121 122
89 89 123 124
90 90 125 126
91 91 127 128
92 92 129 130
93 93 131 132
94 94 133 134
39 39 55 56
55 55 67 68
56 56 69 70
40 40 56 55
27 27 39 41
41 41 57 58
28 28 39 41
29 29 40 42
42 42 58 57
30 30 40 42
-1 67 87 89
-1 68 88 90
-1 69 91 93
-1 70 92 94
95 95 135 136
96 96 137 138
97 97 139 140
98 98 141 142
99 99 143 144
100 100 145 146
101 101 147 150
102 102 148 149
57 57 75 76
58 58 77 78
-1 75 95 97
-1 76 96 98
-1 77 99 101
-1 78 100 102
119 119 155 156
120 120 153 154
121 121 159 160
122 122 157 158
123 123 163 164
124 124 161 162
125 125 167 168
126 126 165 166
127 127 171 172
128 128 169 170
129 129 175 176
130 130 173 174
131 131 179 180
132 132 177 178
133 133 183 184
134 134 181 182
135 135 187 188
136 136 185 186
137 137 191 192
138 138 189 190
139 139 195 196
140 140 193 194
141 141 199 200
142 142 197 198
143 143 203 204
144 144 201 202
145 145 207 208
146 146 205 206
147 147 209 210
-1 150 214 213
148 148 -1 152
149 149 211 212
-1 103 120 124
-1 104 119 123
-1 105 122 126
-1 106 121 125
-1 107 128 132
-1 108 127 131
-1 109 130 134
-1 110 129 133
43 43 59 60
59 59 79 80
60 60 81 82
44 44 59 60
31 31 43 45
45 45 61 62
32 32 43 45
33 33 44 46
46 46 61 62
34 34 44 46
79 79 105 106
80 80 103 104
222 222 80 79
81 81 109 110
82 82 107 108
223 223 82 81
216 216 222 223
-1 219 222 225
225 225 86 85
-1 220 223 224
224 224 84 83
213 213 216 217
217 217 225 224
-1 221 216 217
61 61 83 84
62 62 85 86
83 83 113 114
84 84 111 112
85 85 117 118
86 86 115 116
214 214 219 220
-1 151 214 213
-1 111 136 140
-1 112 135 139
-1 113 138 142
-1 114 137 141
-1 115 144 147
-1 116 143 151
-1 117 146 149
-1 118 145 148
-1 152 215 218
215 215 -1 221
-1 218 215 33
