23 23 -1 37
37 37 44 45
24 24 -1 41
-1 41 49 43
31 31 -1 37
32 32 -1 40
-1 40 49 42
44 44 53 54
45 45 56 57
51 51 -1 44
52 52 -1 45
42 42 51 52
53 53 65 66
54 54 63 64
55 55 54 53
56 56 69 70
57 57 67 68
58 58 57 56
43 43 -1 47
47 47 -1 50
62 62 -1 48
48 48 55 58
25 25 -1 35
35 35 -1 46
26 26 -1 36
36 36 -1 48
46 46 55 58
27 27 -1 35
28 28 -1 36
29 29 -1 38
38 38 -1 46
30 30 -1 39
39 39 -1 47
33 33 -1 38
34 34 -1 39
-1 59 51 43
-1 60 52 62
49 49 59 60
-1 72 42 62
-1 50 61 71
61 61 -1 72
-1 71 61 34
