24 24 -1 36
36 36 -1 45
25 25 -1 37
37 37 -1 45
45 45 56 57
26 26 -1 36
27 27 -1 37
56 56 75 76
57 57 72 74
28 28 -1 38
38 38 46 47
29 29 -1 38
46 46 -1 56
47 47 -1 57
113 113 -1 46
114 114 -1 47
-1 91 113 114
75 75 66 58
76 76 68 70
72 72 107 108
74 74 60 62
107 107 48 49
108 108 51 52
73 73 107 108
58 58 73 88
88 88 63 61
59 59 73 88
48 48 60 62
49 49 -1 64
39 39 48 50
50 50 -1 65
51 51 66 58
52 52 68 70
40 40 51 52
30 30 39 40
31 31 39 40
60 60 77 78
62 62 79 80
-1 64 81 89
-1 65 81 90
66 66 86 87
68 68 82 83
70 70 84 85
77 77 102 103
78 78 100 101
61 61 78 77
79 79 106 91
80 80 104 105
63 63 80 79
41 41 55 49
55 55 63 61
42 42 55 50
81 81 111 112
89 89 -1 109
90 90 -1 110
-1 109 75 72
-1 110 76 74
86 86 67 59
87 87 71 69
67 67 86 87
82 82 94 95
83 83 92 93
69 69 83 82
84 84 98 99
85 85 96 97
71 71 85 84
32 32 43 41
43 43 53 54
33 33 43 41
53 53 67 59
54 54 71 69
44 44 53 54
34 34 44 42
35 35 44 42
-1 111 113 89
-1 112 114 90
