24 24 -1 37
37 37 -1 48
25 25 -1 38
38 38 -1 48
48 48 59 60
26 26 -1 37
27 27 -1 38
59 59 52 54
60 60 56 58
28 28 -1 39
39 39 49 50
29 29 -1 39
49 49 -1 59
50 50 -1 60
40 40 -1 49
41 41 -1 50
30 30 40 41
52 52 62 61
54 54 64 63
42 42 52 54
56 56 66 65
58 58 68 67
43 43 56 58
31 31 44 46
44 44 51 53
46 46 55 57
32 32 44 46
51 51 61 62
53 53 63 64
45 45 51 53
55 55 65 66
57 57 67 68
47 47 55 57
33 33 45 47
34 34 45 47
61 61 71 72
62 62 69 70
63 63 75 76
64 64 73 74
65 65 83 84
66 66 77 78
67 67 81 82
68 68 79 80
35 35 42 43
36 36 42 43
-1 83 26 40
-1 84 27 41
