24 24 36 38
36 36 48 50
38 38 52 54
25 25 36 38
48 48 64 66
50 50 68 70
37 37 48 50
52 52 74 76
54 54 78 72
39 39 52 54
26 26 37 39
27 27 37 39
64 64 80 81
66 66 82 83
49 49 64 66
68 68 84 85
70 70 86 87
51 51 68 70
74 74 90 95
76 76 91 92
53 53 74 76
78 78 93 94
72 72 88 89
55 55 78 72
40 40 49 51
80 80 99 100
81 81 97 98
65 65 81 80
82 82 103 104
83 83 101 102
67 67 83 82
84 84 107 108
85 85 105 106
69 69 85 84
86 86 111 112
87 87 109 110
71 71 87 86
28 28 40 41
41 41 53 55
29 29 40 41
88 88 -1 49
89 89 -1 51
73 73 88 89
90 90 113 114
-1 95 120 119
75 75 90 96
-1 96 120 119
91 91 117 118
92 92 115 116
77 77 92 91
93 93 -1 53
94 94 -1 55
79 79 93 94
56 56 79 73
57 57 79 73
42 42 56 62
62 62 77 75
43 43 56 62
119 119 57 63
63 63 77 75
44 44 57 63
30 30 45 42
45 45 58 60
31 31 45 42
58 58 67 65
60 60 71 69
46 46 58 60
32 32 46 43
33 33 46 43
59 59 67 65
61 61 71 69
120 120 59 61
47 47 59 61
34 34 47 44
35 35 47 44
