24 24 36 38
36 36 48 50
38 38 52 54
25 25 36 38
48 48 60 62
50 50 64 66
37 37 48 50
52 52 68 70
54 54 72 74
39 39 52 54
26 26 37 39
27 27 37 39
60 60 76 77
62 62 78 79
49 49 60 62
64 64 80 81
66 66 82 83
51 51 64 66
68 68 84 85
70 70 86 87
53 53 68 70
72 72 88 89
74 74 90 91
55 55 72 74
40 40 49 51
41 41 49 51
76 76 92 93
77 77 95 96
61 61 76 77
78 78 98 99
79 79 101 102
63 63 78 79
80 80 104 105
81 81 107 108
65 65 80 81
82 82 94 97
83 83 122 123
67 67 82 83
28 28 40 42
42 42 53 55
29 29 40 42
30 30 41 43
43 43 53 55
31 31 41 43
84 84 100 103
85 85 115 112
69 69 84 85
86 86 110 111
87 87 113 114
71 71 86 87
88 88 116 117
89 89 119 120
73 73 88 89
90 90 106 109
91 91 118 121
75 75 90 91
32 32 44 46
44 44 56 57
46 46 58 59
33 33 44 46
56 56 69 71
57 57 73 75
45 45 56 57
58 58 61 63
59 59 65 67
47 47 58 59
34 34 45 47
35 35 45 47
168 168 69 71
169 169 73 75
170 170 61 63
171 171 65 67
-1 172 168 170
-1 173 169 171
-1 124 168 170
-1 162 172 169
-1 163 173 171
92 92 127 128
93 93 125 126
94 94 93 92
95 95 131 132
96 96 129 130
97 97 96 95
98 98 135 136
99 99 133 134
100 100 99 98
101 101 139 140
102 102 137 138
103 103 102 101
104 104 143 144
105 105 141 142
106 106 105 104
107 107 147 148
108 108 145 146
109 109 108 107
122 122 164 165
123 123 166 167
115 115 114 113
112 112 111 110
110 110 162 163
111 111 149 150
113 113 153 154
114 114 151 152
116 116 157 158
117 117 155 156
118 118 117 116
119 119 161 124
120 120 159 160
121 121 120 119
-1 174 94 167
167 167 178 179
-1 175 97 166
166 166 174 175
-1 176 100 106
-1 177 103 109
-1 178 122 165
165 165 180 181
-1 179 123 164
164 164 176 177
-1 180 115 118
-1 181 112 121
