24 24 36 38
36 36 48 50
38 38 52 54
25 25 36 38
48 48 60 62
50 50 64 66
37 37 48 50
52 52 68 70
54 54 72 74
39 39 52 54
26 26 37 39
27 27 37 39
60 60 77 78
62 62 79 80
49 49 60 62
64 64 81 82
-1 66 83 85
51 51 64 67
-1 67 83 85
68 68 87 88
70 70 89 90
53 53 68 70
72 72 91 92
74 74 93 94
55 55 72 74
40 40 49 51
41 41 49 51
77 77 96 97
78 78 98 99
61 61 77 78
79 79 95 100
80 80 105 114
63 63 79 80
81 81 101 102
82 82 103 104
65 65 81 82
83 83 123 124
85 85 126 127
28 28 40 42
42 42 53 55
29 29 40 42
30 30 41 43
43 43 53 55
31 31 41 43
87 87 106 107
88 88 108 109
69 69 87 88
89 89 110 111
90 90 112 113
71 71 89 90
91 91 115 116
92 92 117 118
73 73 91 92
93 93 119 120
94 94 121 122
75 75 93 94
95 95 61 63
56 56 61 63
96 96 130 131
97 97 128 129
98 98 134 135
99 99 132 133
100 100 65 170
105 105 69 71
114 114 73 75
44 44 56 57
57 57 65 76
45 45 56 57
-1 170 84 86
-1 76 84 86
101 101 179 180
102 102 177 178
168 168 102 101
103 103 175 176
104 104 181 182
169 169 104 103
123 123 168 169
-1 124 183 184
84 84 123 125
-1 125 183 184
126 126 171 172
127 127 173 174
86 86 126 127
58 58 69 71
106 106 138 139
107 107 136 137
108 108 142 143
109 109 140 141
110 110 146 147
111 111 144 145
112 112 150 151
113 113 148 149
46 46 58 59
59 59 73 75
47 47 58 59
115 115 154 155
116 116 152 153
171 171 116 115
117 117 158 159
118 118 156 157
172 172 118 117
119 119 162 163
120 120 160 161
173 173 120 119
121 121 166 167
122 122 164 165
174 174 122 121
-1 175 95 109
-1 176 100 108
32 32 44 46
33 33 44 46
34 34 45 47
35 35 45 47
-1 177 97 111
-1 178 96 110
-1 179 99 113
-1 180 98 112
-1 181 105 107
-1 182 114 106
185 185 168 169
183 183 185 188
-1 188 189 190
189 189 185 191
-1 191 189 190
184 184 186 187
186 186 171 172
187 187 173 174
190 190 186 187
