24 24 36 38
36 36 48 50
38 38 52 54
25 25 36 38
48 48 60 62
50 50 64 66
37 37 48 50
52 52 68 70
54 54 72 74
39 39 52 54
26 26 37 39
27 27 37 39
60 60 76 77
62 62 79 80
49 49 60 62
64 64 81 82
66 66 83 84
51 51 64 66
68 68 85 86
70 70 87 88
53 53 68 70
72 72 89 90
74 74 91 92
55 55 72 74
40 40 49 51
41 41 49 51
76 76 116 117
-1 77 118 119
61 61 76 78
-1 78 118 119
79 79 120 121
80 80 122 123
63 63 79 80
81 81 93 94
82 82 95 96
65 65 81 82
83 83 97 98
84 84 99 100
67 67 83 84
28 28 40 42
42 42 53 55
29 29 40 42
30 30 41 43
43 43 53 55
31 31 41 43
85 85 101 102
86 86 103 104
69 69 85 86
87 87 105 106
88 88 107 108
71 71 87 88
89 89 109 110
90 90 111 112
73 73 89 90
91 91 113 124
92 92 114 115
75 75 91 92
56 56 61 63
189 189 61 63
116 116 169 170
117 117 167 168
118 118 184 188
119 119 186 187
120 120 173 174
121 121 171 172
122 122 177 178
123 123 175 176
44 44 56 57
57 57 65 67
45 45 56 57
190 190 65 67
93 93 128 129
94 94 126 127
167 167 94 93
95 95 132 133
96 96 130 131
168 168 96 95
97 97 136 137
98 98 134 135
169 169 98 97
99 99 140 141
100 100 138 139
170 170 100 99
58 58 69 71
191 191 69 71
101 101 144 145
102 102 142 143
171 171 102 101
103 103 148 149
104 104 146 147
172 172 104 103
105 105 152 153
106 106 150 151
173 173 106 105
107 107 156 157
108 108 154 155
174 174 108 107
46 46 58 59
59 59 73 75
47 47 58 59
192 192 73 75
109 109 180 181
110 110 182 183
175 175 110 109
111 111 160 161
112 112 158 159
176 176 112 111
113 113 162 163
-1 124 185 179
177 177 113 201
-1 201 185 179
114 114 166 125
115 115 164 165
178 178 115 114
32 32 44 46
33 33 44 46
34 34 45 47
35 35 45 47
-1 193 189 191
-1 194 190 192
179 179 189 191
-1 125 190 192
-1 180 116 120
-1 181 117 121
195 195 169 170
196 196 167 168
184 184 196 195
-1 188 204 205
186 186 198 197
187 187 200 199
197 197 173 174
198 198 171 172
-1 182 122 202
-1 202 184 186
-1 183 123 203
-1 203 209 187
199 199 177 178
200 200 175 176
206 206 196 195
185 185 193 194
207 207 198 197
208 208 200 199
-1 209 204 205
204 204 206 210
-1 210 211 212
211 211 206 213
-1 213 211 212
205 205 207 208
212 212 207 208
