24 24 36 38
36 36 48 50
38 38 52 54
25 25 36 38
-1 48 64 65
-1 50 66 67
37 37 49 51
-1 49 64 65
-1 51 66 67
-1 52 72 73
-1 54 74 75
39 39 53 55
-1 53 72 73
-1 55 74 75
26 26 37 39
27 27 37 39
64 64 88 89
65 65 90 91
66 66 92 93
67 67 94 95
72 72 96 97
73 73 98 99
74 74 100 101
75 75 104 102
88 88 121 122
89 89 123 124
90 90 125 126
91 91 127 128
92 92 129 130
93 93 131 132
94 94 133 134
95 95 135 136
40 40 56 57
56 56 68 69
57 57 70 71
41 41 57 56
28 28 40 42
42 42 58 59
29 29 40 42
30 30 41 43
43 43 59 58
31 31 41 43
-1 68 88 90
-1 69 89 91
-1 70 92 94
-1 71 93 95
96 96 137 138
97 97 139 140
98 98 141 142
99 99 143 144
100 100 145 146
101 101 147 148
104 104 149 150
102 102 -1 151
58 58 76 77
59 59 78 79
-1 76 96 98
-1 77 97 99
-1 78 100 103
103 103 -1 152
-1 79 101 104
121 121 156 157
122 122 154 155
123 123 160 161
124 124 158 159
125 125 164 165
126 126 162 163
127 127 168 169
128 128 166 167
129 129 172 173
130 130 170 171
131 131 176 177
132 132 174 175
133 133 180 181
134 134 178 179
135 135 184 185
136 136 182 183
137 137 188 189
138 138 186 187
139 139 192 193
140 140 190 191
141 141 196 197
142 142 194 195
143 143 200 201
144 144 198 199
145 145 204 205
146 146 202 203
147 147 208 209
148 148 206 207
-1 151 215 213
-1 152 215 214
149 149 212 153
150 150 210 211
-1 105 122 126
-1 106 121 125
-1 107 124 128
-1 108 123 127
-1 109 130 134
-1 110 129 133
-1 111 132 136
-1 112 131 135
44 44 60 61
60 60 80 81
61 61 82 83
45 45 60 61
32 32 44 46
46 46 62 63
33 33 44 46
34 34 45 47
47 47 62 63
35 35 45 47
80 80 107 108
81 81 105 106
216 216 81 80
82 82 111 112
83 83 109 110
221 221 83 82
-1 223 216 217
217 217 87 86
-1 224 221 222
222 222 85 84
-1 153 216 217
62 62 84 85
63 63 86 87
84 84 115 116
85 85 113 114
86 86 119 120
87 87 117 118
213 213 -1 218
218 218 223 224
214 214 -1 218
-1 219 213 221
-1 220 214 222
-1 113 138 142
-1 114 137 141
-1 115 140 144
-1 116 139 143
-1 117 146 102
-1 118 145 103
-1 119 148 150
-1 120 147 149
215 215 219 220
