24 24 36 38
36 36 48 50
38 38 52 54
25 25 36 38
48 48 64 65
50 50 66 67
37 37 48 50
52 52 68 69
54 54 71 72
39 39 52 54
26 26 37 39
27 27 37 39
64 64 84 86
65 65 88 90
49 49 64 65
66 66 94 95
67 67 96 98
51 51 66 67
68 68 102 104
-1 69 106 107
53 53 68 70
-1 70 106 107
71 71 82 92
72 72 100 108
55 55 71 72
40 40 49 51
41 41 49 51
84 84 123 124
86 86 125 126
114 114 84 86
88 88 127 128
90 90 129 130
115 115 88 90
-1 94 131 132
-1 95 133 134
116 116 155 156
-1 155 131 132
-1 156 133 134
96 96 139 140
98 98 141 142
117 117 96 98
28 28 40 42
42 42 53 55
29 29 40 42
30 30 41 43
43 43 53 55
31 31 41 43
102 102 143 144
104 104 145 146
118 118 102 104
106 106 147 149
107 107 151 153
82 82 114 115
92 92 116 117
119 119 82 92
100 100 118 121
108 108 119 120
120 120 100 108
83 83 114 115
123 123 160 161
124 124 163 164
85 85 123 124
125 125 166 167
126 126 169 170
87 87 125 126
127 127 173 174
128 128 176 177
89 89 127 128
129 129 179 180
130 130 182 183
91 91 129 130
73 73 83 93
93 93 116 117
257 257 83 93
131 131 190 193
132 132 171 168
133 133 186 187
134 134 165 162
139 139 172 185
140 140 159 205
97 97 139 140
141 141 188 189
142 142 191 192
99 99 141 142
-1 121 157 158
101 101 118 122
-1 122 157 158
143 143 194 206
144 144 196 197
103 103 143 144
145 145 199 200
146 146 202 203
105 105 145 146
147 147 175 178
149 149 181 184
157 157 147 149
151 151 201 204
153 153 195 198
158 158 151 153
74 74 101 109
109 109 119 120
258 258 101 109
56 56 73 74
57 57 73 74
159 159 257 258
75 75 85 87
259 259 85 87
160 160 217 218
161 161 215 216
162 162 161 160
163 163 221 222
164 164 219 220
165 165 164 163
166 166 225 226
167 167 223 224
168 168 167 166
169 169 229 230
170 170 227 228
171 171 170 169
58 58 75 76
76 76 89 91
59 59 75 76
172 172 259 260
260 260 89 91
173 173 233 234
174 174 231 232
175 175 174 173
176 176 237 238
177 177 235 236
178 178 177 176
179 179 241 242
180 180 239 240
181 181 180 179
182 182 245 246
183 183 243 244
184 184 183 182
190 190 189 188
193 193 192 191
186 186 172 185
187 187 159 205
77 77 110 111
110 110 135 136
111 111 137 138
261 261 111 110
60 60 77 78
78 78 97 99
61 61 77 78
185 185 261 262
262 262 97 99
-1 135 190 171
-1 136 193 168
-1 137 186 165
-1 138 187 162
205 205 263 271
188 188 209 210
189 189 207 208
191 191 213 214
192 192 211 212
44 44 56 62
62 62 79 80
45 45 57 63
63 63 79 81
-1 272 257 261
-1 273 258 262
79 79 103 105
263 263 103 105
194 194 267 268
-1 206 265 264
195 195 194 266
-1 266 265 264
196 196 249 250
197 197 247 248
198 198 197 196
199 199 269 270
200 200 251 252
201 201 200 199
202 202 255 256
203 203 253 254
204 204 203 202
-1 80 112 113
-1 81 112 113
-1 271 276 277
148 148 175 178
150 150 181 184
152 152 201 204
154 154 195 198
32 32 46 44
46 46 58 60
33 33 46 44
264 264 58 60
265 265 274 275
-1 267 56 272
-1 268 62 273
-1 274 259 278
-1 278 276 277
-1 275 260 263
47 47 59 61
-1 269 57 59
-1 270 63 61
34 34 47 45
35 35 47 45
112 112 148 150
113 113 152 154
276 276 148 150
277 277 152 154
