24 24 40 42
40 40 56 58
42 42 60 62
25 25 40 42
-1 56 76 77
-1 58 78 79
41 41 57 59
-1 57 76 77
-1 59 78 79
-1 60 84 85
-1 62 86 87
43 43 61 63
-1 61 84 85
-1 63 86 87
26 26 41 43
27 27 41 43
76 76 100 101
77 77 102 103
78 78 104 105
79 79 106 107
84 84 108 109
85 85 110 111
86 86 112 113
87 87 114 115
100 100 132 133
101 101 134 135
102 102 136 137
103 103 138 139
104 104 140 141
105 105 142 143
106 106 144 145
107 107 146 147
44 44 64 65
64 64 80 81
65 65 82 83
45 45 65 64
28 28 44 46
46 46 66 67
29 29 44 46
30 30 45 47
47 47 67 66
31 31 45 47
-1 80 100 102
-1 81 101 103
-1 82 104 106
-1 83 105 107
108 108 148 149
109 109 150 151
110 110 152 153
111 111 154 155
112 112 156 157
113 113 158 159
114 114 160 161
115 115 162 163
66 66 88 89
67 67 90 91
-1 88 108 110
-1 89 109 111
-1 90 112 114
-1 91 113 115
132 132 166 167
133 133 164 165
134 134 170 171
135 135 168 169
136 136 174 175
137 137 172 173
138 138 178 179
139 139 176 177
140 140 182 183
141 141 180 181
142 142 186 187
143 143 184 185
144 144 190 191
145 145 188 189
146 146 194 195
147 147 192 193
148 148 198 199
149 149 196 197
150 150 202 203
151 151 200 201
152 152 206 207
153 153 204 205
154 154 210 211
155 155 208 209
156 156 214 215
157 157 212 213
158 158 218 219
159 159 216 217
160 160 222 223
161 161 220 221
162 162 226 227
163 163 224 225
-1 116 133 137
-1 117 132 136
-1 118 135 139
-1 119 134 138
-1 120 141 145
-1 121 140 144
-1 122 143 147
-1 123 142 146
48 48 68 70
68 68 92 93
70 70 94 95
49 49 68 70
-1 32 48 52
52 52 72 74
-1 33 48 52
-1 34 49 53
53 53 72 74
-1 35 49 53
92 92 118 119
93 93 116 117
69 69 93 92
94 94 122 123
95 95 120 121
71 71 95 94
50 50 69 71
51 51 69 71
-1 36 50 54
54 54 75 73
-1 37 50 54
-1 38 51 55
55 55 75 73
-1 39 51 55
72 72 96 97
74 74 98 99
96 96 126 127
97 97 124 125
73 73 97 96
98 98 130 131
99 99 128 129
75 75 99 98
-1 124 149 153
-1 125 148 152
-1 126 151 155
-1 127 150 154
-1 128 157 161
-1 129 156 160
-1 130 159 163
-1 131 158 162
