25 25 -1 38
38 38 -1 49
26 26 -1 39
39 39 -1 49
49 49 60 61
27 27 -1 38
28 28 -1 39
60 60 83 84
61 61 78 82
29 29 -1 40
40 40 50 51
30 30 -1 40
50 50 -1 60
51 51 -1 61
-1 118 41 42
41 41 -1 50
42 42 -1 51
31 31 41 42
83 83 72 66
84 84 74 76
78 78 62 64
82 82 68 70
62 62 80 81
80 80 54 52
81 81 55 56
63 63 80 81
52 52 62 64
64 64 85 86
53 53 63 65
65 65 86 85
79 79 63 65
54 54 68 70
43 43 54 52
55 55 72 66
56 56 74 76
44 44 55 56
32 32 43 44
33 33 43 44
68 68 87 88
70 70 89 90
72 72 95 96
66 66 79 97
74 74 91 92
76 76 93 94
85 85 116 117
86 86 99 100
-1 116 83 78
-1 117 84 82
45 45 53 59
59 59 71 69
46 46 53 59
97 97 71 69
67 67 79 97
87 87 111 112
88 88 109 110
69 69 88 87
89 89 115 98
90 90 113 114
71 71 90 89
95 95 73 67
96 96 77 75
73 73 95 96
91 91 103 104
92 92 101 102
75 75 92 91
93 93 107 108
94 94 105 106
77 77 94 93
34 34 47 45
47 47 57 58
35 35 47 45
57 57 73 67
58 58 77 75
48 48 57 58
36 36 48 46
37 37 48 46
-1 98 31 118
