25 25 38 40
38 38 52 54
40 40 56 58
26 26 38 40
52 52 68 70
54 54 72 74
39 39 52 54
56 56 76 78
58 58 80 82
41 41 56 58
27 27 41 39
28 28 41 39
29 29 42 44
42 42 57 59
44 44 53 55
30 30 42 44
57 57 76 78
59 59 80 82
43 43 57 59
53 53 68 70
55 55 72 74
45 45 53 55
31 31 45 43
32 32 45 43
33 33 46 48
46 46 60 62
48 48 66 64
34 34 46 48
60 60 69 71
62 62 73 81
47 47 60 62
66 66 77 79
64 64 75 83
49 49 66 64
35 35 49 47
36 36 49 47
-1 132 50 51
50 50 67 65
51 51 61 63
37 37 50 51
67 67 77 79
65 65 75 83
61 61 69 71
63 63 73 81
68 68 84 85
70 70 86 87
72 72 88 89
74 74 90 91
76 76 92 93
78 78 94 95
80 80 96 97
82 82 98 99
84 84 103 104
85 85 101 102
69 69 85 84
86 86 107 108
87 87 105 106
71 71 87 86
88 88 111 112
89 89 109 110
73 73 89 88
90 90 115 116
91 91 113 114
75 75 91 90
92 92 119 120
93 93 117 118
77 77 93 92
94 94 123 124
95 95 121 122
79 79 95 94
96 96 127 128
97 97 125 126
81 81 97 96
98 98 130 131
99 99 129 100
83 83 99 98
-1 100 37 132
-1 130 67 61
-1 131 65 63
