25 25 38 40
38 38 52 54
40 40 56 58
26 26 38 40
52 52 68 70
54 54 72 74
39 39 52 54
56 56 78 80
58 58 82 76
41 41 56 58
27 27 39 41
28 28 39 41
68 68 84 85
70 70 86 87
53 53 68 70
72 72 88 89
74 74 90 91
55 55 72 74
78 78 94 95
80 80 96 97
57 57 78 80
82 82 98 99
76 76 92 93
59 59 82 76
42 42 53 55
84 84 103 104
85 85 101 102
69 69 85 84
86 86 107 108
87 87 105 106
71 71 87 86
88 88 111 112
89 89 109 110
73 73 89 88
90 90 115 116
91 91 113 114
75 75 91 90
29 29 42 43
43 43 57 59
30 30 42 43
92 92 -1 53
93 93 -1 55
77 77 92 93
94 94 119 120
95 95 117 118
79 79 95 94
96 96 -1 100
97 97 121 122
81 81 97 96
98 98 -1 57
99 99 -1 59
83 83 98 99
60 60 83 77
61 61 83 77
44 44 60 66
66 66 81 79
45 45 60 66
46 46 61 67
67 67 81 79
47 47 61 67
31 31 48 44
48 48 62 64
32 32 48 44
62 62 71 69
64 64 75 73
49 49 62 64
33 33 49 45
34 34 49 45
63 63 71 69
65 65 75 73
50 50 63 65
51 51 63 65
35 35 50 46
36 36 50 46
-1 125 51 47
37 37 51 47
-1 100 123 124
123 123 -1 125
-1 124 123 37
