68 68 84 85
84 84 56 52
85 85 58 60
69 69 84 85
52 52 68 70
70 70 86 87
53 53 68 70
54 54 69 71
71 71 86 87
55 55 69 71
56 56 72 74
38 38 56 52
58 58 76 78
60 60 80 82
39 39 58 60
25 25 38 39
26 26 38 39
72 72 88 89
74 74 90 91
57 57 72 74
76 76 92 93
78 78 94 95
59 59 76 78
80 80 96 97
82 82 98 99
61 61 80 82
40 40 53 57
41 41 53 57
86 86 124 125
87 87 126 127
124 124 178 179
125 125 176 177
164 164 124 125
126 126 172 173
127 127 174 175
165 165 126 127
42 42 54 62
62 62 81 83
43 43 54 62
44 44 55 63
63 63 81 83
45 45 55 63
88 88 100 101
89 89 102 103
73 73 88 89
90 90 119 121
91 91 118 123
75 75 90 91
27 27 40 46
46 46 59 61
28 28 40 46
29 29 41 47
47 47 59 61
30 30 41 47
92 92 104 105
93 93 106 107
77 77 92 93
94 94 108 109
95 95 110 111
79 79 94 95
96 96 112 113
97 97 114 115
81 81 96 97
98 98 116 117
99 99 120 122
83 83 98 99
31 31 42 48
48 48 64 66
32 32 42 48
64 64 73 75
66 66 77 79
49 49 64 66
33 33 43 49
34 34 43 49
65 65 73 75
67 67 77 79
35 35 44 50
50 50 65 67
36 36 44 50
-1 180 45 51
51 51 65 67
37 37 45 51
100 100 131 132
101 101 129 130
166 166 101 100
102 102 135 136
103 103 133 134
167 167 103 102
119 119 168 169
121 121 164 165
168 168 119 121
118 118 166 167
123 123 170 171
169 169 118 123
104 104 139 140
105 105 137 138
170 170 105 104
106 106 143 144
107 107 141 142
171 171 107 106
108 108 147 148
109 109 145 146
172 172 109 108
110 110 151 152
111 111 149 150
173 173 111 110
112 112 155 156
113 113 153 154
174 174 113 112
114 114 159 160
115 115 157 158
175 175 115 114
116 116 163 128
117 117 161 162
176 176 117 116
120 120 168 169
122 122 164 165
177 177 120 122
-1 185 166 172
-1 186 167 173
178 178 181 182
179 179 183 184
-1 187 170 174
-1 188 171 175
-1 128 37 180
-1 189 176 182
182 182 189 190
-1 190 177 181
181 181 191 192
-1 191 178 184
184 184 187 188
-1 192 179 183
183 183 185 186
