25 25 38 40
38 38 52 54
40 40 56 58
26 26 38 40
52 52 68 69
54 54 70 71
39 39 52 54
56 56 72 73
58 58 75 76
41 41 56 58
27 27 39 41
28 28 39 41
68 68 88 90
69 69 92 94
53 53 68 69
70 70 98 99
71 71 100 102
55 55 70 71
72 72 106 108
-1 73 110 111
57 57 72 74
-1 74 110 111
75 75 86 96
76 76 104 112
59 59 75 76
42 42 53 55
43 43 53 55
88 88 127 128
90 90 129 130
118 118 88 90
92 92 131 132
94 94 133 134
119 119 92 94
-1 98 135 136
-1 99 137 138
120 120 159 160
-1 159 135 136
-1 160 137 138
100 100 143 144
102 102 145 146
121 121 100 102
29 29 42 44
44 44 57 59
30 30 42 44
31 31 43 45
45 45 57 59
32 32 43 45
106 106 147 148
108 108 149 150
122 122 106 108
110 110 151 153
111 111 155 157
86 86 118 119
96 96 120 121
123 123 86 96
104 104 122 125
112 112 123 124
124 124 104 112
87 87 118 119
127 127 164 165
128 128 167 168
89 89 127 128
129 129 170 171
130 130 173 174
91 91 129 130
131 131 177 178
132 132 180 181
93 93 131 132
133 133 183 184
134 134 186 187
95 95 133 134
77 77 87 97
97 97 120 121
261 261 87 97
135 135 194 197
136 136 175 172
137 137 190 191
138 138 169 166
143 143 176 189
144 144 163 210
101 101 143 144
145 145 192 193
146 146 195 196
103 103 145 146
-1 125 161 162
105 105 122 126
-1 126 161 162
147 147 198 199
148 148 201 202
107 107 147 148
149 149 204 205
150 150 207 208
109 109 149 150
151 151 179 182
153 153 185 188
161 161 151 153
155 155 206 209
157 157 200 203
162 162 155 157
78 78 105 113
113 113 123 124
262 262 105 113
60 60 77 78
61 61 77 78
163 163 261 262
79 79 89 91
263 263 89 91
164 164 226 227
165 165 224 225
166 166 165 164
167 167 230 231
168 168 228 229
169 169 168 167
170 170 234 235
171 171 232 233
172 172 171 170
173 173 238 239
174 174 236 237
175 175 174 173
62 62 79 80
80 80 93 95
63 63 79 80
176 176 263 264
264 264 93 95
177 177 242 243
178 178 240 241
179 179 178 177
180 180 246 247
181 181 244 245
182 182 181 180
183 183 250 251
184 184 248 249
185 185 184 183
186 186 254 255
187 187 252 253
188 188 187 186
194 194 193 192
197 197 196 195
190 190 176 189
191 191 163 210
81 81 114 115
114 114 139 140
115 115 141 142
265 265 115 114
64 64 81 82
82 82 101 103
65 65 81 82
189 189 265 266
266 266 101 103
-1 139 194 175
-1 140 197 172
-1 141 190 169
-1 142 191 166
210 210 269 274
192 192 218 219
193 193 216 217
195 195 222 223
196 196 220 221
46 46 60 66
66 66 83 84
47 47 60 66
48 48 61 67
67 67 83 85
-1 267 261 265
-1 268 262 266
83 83 107 109
269 269 107 109
198 198 272 273
199 199 267 268
200 200 199 198
201 201 214 215
202 202 212 213
203 203 202 201
204 204 270 271
205 205 256 257
206 206 205 204
207 207 260 211
208 208 258 259
209 209 208 207
-1 84 116 117
-1 85 116 117
-1 274 276 277
152 152 179 182
154 154 185 188
156 156 206 209
158 158 200 203
33 33 49 46
49 49 62 64
34 34 49 46
50 50 62 64
35 35 50 47
36 36 50 47
51 51 63 65
-1 270 61 63
-1 271 67 65
-1 275 51 48
37 37 51 48
116 116 152 154
117 117 156 158
-1 272 263 278
-1 278 276 277
-1 273 264 269
276 276 152 154
277 277 156 158
-1 211 37 275
