25 25 38 40
38 38 52 54
40 40 56 58
26 26 38 40
52 52 68 69
54 54 70 71
39 39 52 54
56 56 73 74
58 58 75 76
41 41 56 58
27 27 39 41
28 28 39 41
68 68 88 90
69 69 92 94
53 53 68 69
70 70 98 100
-1 71 102 103
55 55 70 72
-1 72 102 104
73 73 107 109
74 74 111 113
57 57 73 74
75 75 86 96
76 76 105 115
59 59 75 76
42 42 53 55
43 43 53 55
88 88 130 131
90 90 132 129
120 120 88 90
92 92 133 134
94 94 135 136
121 121 92 94
98 98 137 138
100 100 139 140
122 122 98 100
102 102 141 143
-1 103 145 146
-1 104 145 146
29 29 42 44
44 44 57 59
30 30 42 44
31 31 43 45
45 45 57 59
32 32 43 45
107 107 147 148
109 109 149 150
123 123 107 109
111 111 151 152
113 113 153 154
124 124 111 113
86 86 120 121
96 96 122 127
125 125 86 96
105 105 123 124
115 115 125 126
126 126 105 115
87 87 120 121
130 130 162 163
131 131 172 203
89 89 130 131
132 132 185 194
129 129 157 161
91 91 132 129
133 133 164 165
134 134 166 167
93 93 133 134
135 135 168 169
136 136 170 171
95 95 135 136
77 77 87 97
97 97 122 128
157 157 87 97
-1 127 158 159
-1 128 158 160
137 137 173 174
138 138 175 176
99 99 137 138
139 139 177 178
140 140 179 180
101 101 139 140
141 141 181 182
143 143 183 184
158 158 141 143
145 145 204 206
146 146 208 210
-1 159 275 276
-1 160 275 276
275 275 204 206
276 276 208 210
106 106 123 124
147 147 186 187
148 148 188 189
108 108 147 148
149 149 190 191
150 150 192 193
110 110 149 150
151 151 195 202
152 152 196 197
112 112 151 152
153 153 198 199
154 154 200 201
114 114 153 154
78 78 106 116
116 116 125 126
161 161 106 116
60 60 77 78
61 61 77 78
79 79 89 91
162 162 89 91
163 163 93 95
172 172 99 101
-1 203 285 286
185 185 108 110
194 194 112 114
62 62 79 80
80 80 93 95
63 63 79 80
164 164 215 216
165 165 213 214
166 166 219 220
167 167 217 218
168 168 223 224
169 169 221 222
170 170 227 228
171 171 225 226
81 81 99 101
173 173 231 232
174 174 229 230
271 271 174 173
175 175 235 236
176 176 233 234
272 272 176 175
177 177 239 240
178 178 237 238
273 273 178 177
179 179 243 244
180 180 241 242
274 274 180 179
64 64 81 84
-1 84 117 118
65 65 81 85
-1 85 117 119
181 181 293 294
182 182 291 292
142 142 182 181
183 183 289 290
184 184 287 288
144 144 184 183
204 204 271 272
206 206 273 274
208 208 277 278
210 210 279 280
46 46 60 66
66 66 82 83
47 47 61 67
67 67 82 83
48 48 61 67
-1 297 157 172
-1 298 161 305
-1 305 285 306
82 82 108 110
186 186 247 248
187 187 245 246
188 188 251 252
189 189 249 250
190 190 255 256
191 191 253 254
192 192 259 260
193 193 257 258
83 83 112 114
195 195 283 284
-1 202 282 281
277 277 195 299
-1 299 282 281
196 196 263 264
197 197 261 262
278 278 197 196
198 198 267 268
199 199 265 266
279 279 199 198
200 200 -1 212
201 201 269 270
280 280 201 200
33 33 49 46
49 49 62 64
34 34 49 46
281 281 62 64
282 282 300 301
-1 283 60 297
-1 284 66 298
-1 300 162 185
-1 301 163 194
50 50 63 65
51 51 63 65
117 117 144 142
-1 118 155 156
-1 119 155 156
35 35 50 47
36 36 50 47
-1 304 51 48
37 37 51 48
285 285 144 142
155 155 205 207
156 156 209 211
-1 286 302 303
-1 306 302 303
302 302 205 207
303 303 209 211
205 205 271 272
207 207 273 274
209 209 277 278
211 211 279 280
-1 287 165 187
-1 288 164 186
-1 289 167 189
-1 290 166 188
-1 291 169 191
-1 292 168 190
-1 293 171 193
-1 294 170 192
-1 212 295 296
295 295 -1 304
-1 296 295 37
