25 25 -1 38
38 38 48 49
26 26 -1 38
48 48 57 58
49 49 59 60
27 27 39 40
39 39 -1 48
40 40 -1 49
28 28 39 40
57 57 63 64
58 58 66 67
59 59 69 70
60 60 73 74
50 50 -1 57
51 51 -1 58
41 41 50 51
63 63 78 79
64 64 76 77
65 65 64 63
66 66 82 83
67 67 80 81
68 68 67 66
52 52 -1 59
53 53 -1 60
42 42 52 53
69 69 85 86
70 70 84 75
71 71 70 69
73 73 65 68
74 74 71 72
72 72 73 74
29 29 -1 43
43 43 -1 54
30 30 -1 44
44 44 -1 54
54 54 61 62
31 31 -1 43
32 32 -1 44
61 61 65 68
62 62 71 72
33 33 -1 45
45 45 55 56
34 34 -1 45
55 55 -1 61
56 56 -1 62
35 35 46 47
46 46 -1 55
47 47 -1 56
36 36 46 47
-1 85 50 52
-1 86 51 53
-1 87 41 42
37 37 41 42
-1 75 37 87
