26 26 -1 39
39 39 49 50
27 27 -1 39
49 49 58 59
50 50 60 61
28 28 40 41
40 40 -1 49
41 41 -1 50
29 29 40 41
58 58 64 65
59 59 67 68
60 60 70 75
61 61 73 74
51 51 -1 58
52 52 -1 59
42 42 51 52
64 64 78 79
65 65 76 77
66 66 65 64
67 67 82 83
68 68 80 81
69 69 68 67
53 53 -1 60
54 54 -1 61
43 43 53 54
70 70 84 85
-1 75 86 88
71 71 70 87
-1 87 86 88
73 73 66 69
74 74 71 72
72 72 73 74
30 30 -1 44
44 44 -1 55
31 31 -1 45
45 45 -1 55
55 55 62 63
32 32 -1 44
33 33 -1 45
62 62 66 69
63 63 71 72
34 34 -1 46
46 46 56 57
35 35 -1 46
56 56 -1 62
57 57 -1 63
36 36 47 48
47 47 -1 56
48 48 -1 57
37 37 47 48
-1 89 51 53
-1 90 52 54
86 86 89 90
88 88 42 43
38 38 42 43
