26 26 -1 39
39 39 51 52
27 27 -1 39
51 51 65 66
52 52 67 68
28 28 40 41
40 40 -1 51
41 41 -1 52
29 29 40 41
65 65 69 71
66 66 73 75
83 83 65 66
67 67 77 79
68 68 63 81
84 84 67 68
63 63 83 84
64 64 83 84
69 69 97 98
71 71 96 85
53 53 69 71
73 73 86 87
75 75 88 89
54 54 73 75
77 77 90 91
79 79 92 93
55 55 77 79
81 81 94 95
56 56 63 81
57 57 64 82
82 82 95 94
85 85 64 82
30 30 42 44
42 42 53 54
44 44 55 56
31 31 42 44
43 43 53 54
45 45 55 56
32 32 43 45
33 33 43 45
97 97 72 70
98 98 76 74
70 70 97 98
96 96 80 78
72 72 96 85
86 86 106 107
87 87 104 105
74 74 87 86
88 88 110 111
89 89 108 109
76 76 89 88
90 90 114 115
91 91 112 113
78 78 91 90
92 92 118 99
93 93 116 117
80 80 93 92
94 94 102 103
95 95 100 101
34 34 -1 46
46 46 58 59
35 35 -1 46
58 58 60 57
59 59 61 62
36 36 47 48
47 47 -1 58
48 48 -1 59
37 37 47 48
60 60 80 78
49 49 60 57
61 61 72 70
62 62 76 74
50 50 61 62
-1 99 49 50
38 38 49 50
