26 26 -1 39
39 39 -1 50
27 27 -1 40
40 40 -1 50
50 50 61 62
28 28 -1 39
29 29 -1 40
61 61 84 85
62 62 79 83
30 30 -1 41
41 41 51 52
31 31 -1 41
51 51 -1 61
52 52 -1 62
42 42 -1 51
43 43 -1 52
32 32 42 43
84 84 73 67
85 85 75 77
79 79 63 65
83 83 69 71
63 63 81 82
81 81 55 53
82 82 56 57
64 64 81 82
53 53 63 65
65 65 86 87
54 54 64 66
66 66 87 86
80 80 64 66
55 55 69 71
44 44 55 53
56 56 73 67
57 57 75 77
45 45 56 57
33 33 44 45
34 34 44 45
69 69 88 89
71 71 90 91
73 73 96 97
67 67 80 98
75 75 92 93
77 77 94 95
86 86 117 118
87 87 99 100
-1 117 42 119
-1 119 84 79
-1 118 43 120
-1 120 85 83
46 46 54 60
60 60 72 70
47 47 54 60
98 98 72 70
68 68 80 98
88 88 111 112
89 89 109 110
70 70 89 88
90 90 115 116
91 91 113 114
72 72 91 90
96 96 74 68
97 97 78 76
74 74 96 97
92 92 103 104
93 93 101 102
76 76 93 92
94 94 107 108
95 95 105 106
78 78 95 94
35 35 48 46
48 48 58 59
36 36 48 46
58 58 74 68
59 59 78 76
49 49 58 59
37 37 49 47
38 38 49 47
