26 26 -1 39
39 39 51 52
27 27 -1 39
51 51 53 55
52 52 57 59
28 28 40 41
40 40 -1 51
41 41 -1 52
29 29 40 41
53 53 63 64
55 55 65 66
42 42 53 55
57 57 67 68
59 59 69 70
43 43 57 59
30 30 42 43
31 31 42 43
63 63 97 98
64 64 95 96
54 54 63 64
65 65 77 78
66 66 80 81
56 56 65 66
67 67 83 84
68 68 86 87
58 58 67 68
69 69 89 94
70 70 91 92
60 60 69 70
44 44 54 56
45 45 54 56
97 97 76 75
98 98 82 79
75 75 97 98
95 95 88 85
96 96 93 90
76 76 95 96
77 77 102 103
78 78 100 101
79 79 78 77
80 80 106 107
81 81 104 105
82 82 81 80
32 32 44 46
46 46 58 60
33 33 44 46
34 34 45 47
47 47 58 60
35 35 45 47
83 83 110 111
84 84 108 109
85 85 84 83
86 86 114 115
87 87 112 113
88 88 87 86
89 89 116 117
-1 94 121 122
90 90 89 123
-1 123 121 122
91 91 120 99
92 92 118 119
93 93 92 91
36 36 -1 48
48 48 61 62
37 37 -1 48
61 61 71 72
62 62 73 74
-1 99 49 50
49 49 -1 61
50 50 -1 62
38 38 49 50
71 71 88 85
72 72 93 90
121 121 71 72
73 73 76 75
74 74 82 79
122 122 73 74
