26 26 39 41
39 39 53 55
41 41 57 59
27 27 39 41
53 53 69 71
55 55 73 75
40 40 53 55
57 57 77 79
59 59 81 83
42 42 57 59
28 28 40 42
29 29 40 42
69 69 86 87
71 71 88 89
54 54 69 71
73 73 90 91
75 75 92 93
56 56 73 75
77 77 94 95
79 79 85 96
58 58 77 79
81 81 97 98
83 83 99 100
60 60 81 83
43 43 54 56
44 44 54 56
86 86 104 105
87 87 107 108
70 70 86 87
88 88 110 111
89 89 113 114
72 72 88 89
90 90 116 117
91 91 119 120
74 74 90 91
92 92 106 109
93 93 131 132
76 76 92 93
30 30 43 45
45 45 58 60
31 31 43 45
32 32 44 46
46 46 58 60
33 33 44 46
94 94 112 115
95 95 124 103
78 78 94 95
85 85 101 102
96 96 122 123
80 80 85 96
97 97 125 126
98 98 128 129
82 82 97 98
99 99 118 121
100 100 127 130
84 84 99 100
34 34 47 49
47 47 61 63
49 49 65 67
35 35 47 49
61 61 78 80
63 63 82 84
48 48 61 63
65 65 70 72
67 67 74 76
50 50 65 67
36 36 48 50
37 37 48 50
62 62 78 80
64 64 82 84
66 66 70 72
68 68 74 76
51 51 62 64
-1 171 62 66
-1 172 64 68
-1 133 51 52
52 52 66 68
38 38 51 52
101 101 171 172
102 102 158 159
103 103 102 101
104 104 136 137
105 105 134 135
106 106 105 104
107 107 140 141
108 108 138 139
109 109 108 107
110 110 144 145
111 111 142 143
112 112 111 110
113 113 148 149
114 114 146 147
115 115 114 113
116 116 152 153
117 117 150 151
118 118 117 116
119 119 156 157
120 120 154 155
121 121 120 119
131 131 173 174
132 132 175 176
124 124 123 122
122 122 162 163
123 123 160 161
125 125 166 167
126 126 164 165
127 127 126 125
128 128 170 133
129 129 168 169
130 130 129 128
-1 177 106 176
176 176 181 182
-1 178 109 175
175 175 177 178
-1 179 112 118
-1 180 115 121
-1 181 131 174
174 174 183 184
-1 182 132 173
173 173 179 180
-1 183 124 127
-1 184 103 130
