69 69 94 96
94 94 131 129
96 96 132 133
70 70 94 96
129 129 69 72
72 72 100 102
53 53 69 72
54 54 70 73
73 73 100 102
55 55 70 73
131 131 78 75
95 95 131 129
132 132 80 81
133 133 82 83
97 97 132 133
71 71 95 97
130 130 95 97
78 78 104 106
75 75 98 108
56 56 78 75
80 80 110 112
81 81 114 116
57 57 80 81
82 82 118 120
83 83 122 123
58 58 82 83
59 59 71 74
74 74 101 103
98 98 130 134
134 134 101 103
99 99 130 134
39 39 53 56
40 40 53 56
100 100 145 146
102 102 147 148
145 145 168 169
146 146 170 171
101 101 145 146
147 147 172 173
148 148 174 175
103 103 147 148
41 41 54 60
60 60 79 76
42 42 54 60
43 43 55 61
61 61 79 76
44 44 55 61
45 45 59 62
62 62 84 77
-1 297 71 86
86 86 111 113
-1 298 74 88
88 88 115 117
108 108 140 135
76 76 98 108
77 77 99 109
109 109 140 135
135 135 99 109
104 104 136 137
106 106 138 139
79 79 104 106
26 26 39 46
46 46 57 58
27 27 39 46
28 28 40 47
47 47 57 58
29 29 40 47
110 110 149 150
112 112 151 152
136 136 110 112
114 114 153 154
116 116 155 156
137 137 114 116
118 118 157 158
120 120 159 160
138 138 118 120
122 122 141 142
123 123 143 144
139 139 122 123
105 105 136 137
107 107 138 139
140 140 105 107
149 149 176 177
150 150 178 179
111 111 149 150
151 151 180 181
152 152 182 183
113 113 151 152
153 153 184 185
154 154 186 187
115 115 153 154
155 155 188 189
156 156 190 191
117 117 155 156
84 84 105 107
157 157 192 193
158 158 194 195
119 119 157 158
159 159 196 197
160 160 198 199
121 121 159 160
141 141 -1 202
142 142 -1 203
-1 202 283 281
-1 203 284 282
143 143 -1 206
144 144 -1 207
-1 206 279 285
-1 207 280 286
30 30 41 48
48 48 63 65
31 31 41 48
32 32 42 49
49 49 63 65
33 33 42 49
34 34 43 50
50 50 64 66
35 35 43 50
36 36 44 51
51 51 64 66
37 37 44 51
168 168 218 219
169 169 216 217
170 170 222 223
171 171 220 221
172 172 226 227
173 173 224 225
174 174 230 231
175 175 228 229
-1 312 169 185
185 185 248 249
-1 313 168 184
184 184 250 251
-1 314 171 187
187 187 252 253
-1 315 170 186
186 186 254 255
-1 316 173 189
189 189 256 257
-1 317 172 188
188 188 258 259
-1 318 175 191
191 191 260 261
-1 319 174 190
190 190 262 263
-1 215 45 52
52 52 67 68
38 38 45 52
-1 279 59 285
285 285 -1 299
-1 280 62 286
286 286 -1 300
-1 299 84 90
90 90 119 121
-1 300 77 320
-1 320 333 287
63 63 85 87
65 65 89 91
85 85 111 113
87 87 115 117
64 64 85 87
89 89 119 121
-1 91 124 125
66 66 89 92
-1 92 124 126
176 176 234 235
177 177 232 233
178 178 238 239
179 179 236 237
180 180 242 243
181 181 240 241
182 182 246 247
183 183 244 245
67 67 86 88
192 192 266 267
193 193 264 265
194 194 270 271
195 195 268 269
196 196 274 275
197 197 272 273
198 198 278 215
199 199 276 277
68 68 90 93
-1 93 127 128
-1 200 141 125
125 125 -1 163
-1 201 142 126
126 126 -1 164
-1 283 281 67
281 281 -1 297
-1 284 282 68
282 282 -1 298
-1 204 143 128
128 128 -1 167
-1 205 144 287
287 287 -1 301
124 124 161 162
161 161 200 201
162 162 204 205
-1 163 208 210
-1 164 208 210
-1 127 165 166
-1 333 165 336
165 165 213 212
166 166 -1 214
336 336 -1 337
-1 167 209 211
-1 301 209 211
-1 334 162 331
331 331 -1 334
-1 335 161 332
332 332 -1 335
208 208 292 294
210 210 288 290
-1 213 291 295
-1 212 289 293
-1 214 296 166
-1 337 296 336
209 209 292 294
211 211 288 290
-1 321 177 193
-1 322 176 192
-1 323 179 195
-1 324 178 194
-1 325 181 197
-1 326 180 196
-1 327 183 199
-1 328 182 198
292 292 306 307
294 294 308 309
288 288 302 303
290 290 304 305
302 302 314 315
303 303 312 313
289 289 303 302
304 304 318 319
305 305 316 317
291 291 305 304
306 306 323 324
307 307 321 322
293 293 307 306
308 308 327 328
309 309 325 326
295 295 309 308
-1 329 289 293
-1 330 291 295
-1 310 330 331
-1 311 329 332
296 296 310 311
