27 27 41 43
41 41 57 59
43 43 61 63
28 28 41 43
57 57 73 75
59 59 77 79
42 42 57 59
61 61 81 82
63 63 83 84
44 44 61 63
29 29 42 44
30 30 42 44
73 73 89 90
75 75 91 92
58 58 73 75
77 77 93 94
79 79 96 97
60 60 77 79
81 81 98 100
82 82 102 104
62 62 81 82
83 83 106 108
84 84 110 112
64 64 83 84
45 45 58 60
46 46 58 60
89 89 119 120
90 90 121 122
74 74 89 90
91 91 124 125
92 92 126 127
76 76 91 92
93 93 129 130
-1 94 131 132
78 78 93 95
-1 95 131 132
96 96 134 135
97 97 136 137
80 80 96 97
31 31 45 47
47 47 62 64
32 32 45 47
33 33 46 48
48 48 62 64
34 34 46 48
98 98 114 115
100 100 116 117
114 114 98 100
102 102 118 123
104 104 128 133
115 115 102 104
106 106 138 139
108 108 140 141
116 116 106 108
110 110 142 143
112 112 144 145
117 117 110 112
65 65 74 76
66 66 74 76
119 119 153 154
120 120 155 156
146 146 119 120
121 121 157 158
122 122 159 160
147 147 121 122
124 124 161 162
125 125 163 164
148 148 124 125
126 126 165 166
127 127 167 168
149 149 126 127
49 49 65 67
67 67 78 80
50 50 65 67
51 51 66 68
68 68 78 80
52 52 66 68
129 129 169 170
130 130 171 172
150 150 129 130
131 131 198 199
132 132 200 201
134 134 174 175
135 135 176 177
151 151 134 135
136 136 178 179
137 137 180 181
152 152 136 137
99 99 114 115
101 101 116 117
118 118 146 147
123 123 148 149
103 103 118 123
128 128 150 173
133 133 151 152
105 105 128 133
85 85 99 101
138 138 182 183
139 139 184 185
107 107 138 139
140 140 186 187
141 141 188 189
109 109 140 141
142 142 190 191
143 143 192 193
111 111 142 143
144 144 194 195
145 145 196 197
113 113 144 145
35 35 49 53
53 53 69 71
36 36 49 53
37 37 50 54
54 54 69 71
38 38 50 54
295 295 51 55
55 55 70 72
39 39 51 55
-1 294 52 56
56 56 70 72
40 40 52 56
312 312 146 147
153 153 205 206
154 154 203 204
155 155 209 210
156 156 207 208
157 157 213 214
158 158 211 212
159 159 217 218
160 160 215 216
296 296 312 313
313 313 148 149
161 161 221 222
162 162 219 220
163 163 225 226
164 164 223 224
165 165 229 230
166 166 227 228
167 167 233 234
168 168 231 232
314 314 150 330
-1 330 264 265
-1 173 264 265
169 169 288 289
170 170 286 287
262 262 170 169
171 171 284 285
172 172 282 283
263 263 172 171
198 198 262 263
-1 199 290 291
264 264 198 305
-1 305 290 291
200 200 266 267
201 201 268 269
265 265 200 201
297 297 314 315
315 315 151 152
174 174 237 238
175 175 235 236
176 176 241 242
177 177 239 240
178 178 245 246
179 179 243 244
180 180 249 250
181 181 247 248
69 69 85 86
71 71 87 88
86 86 103 105
70 70 85 86
87 87 107 109
88 88 111 113
72 72 87 88
316 316 295 332
-1 332 325 316
-1 317 99 312
-1 318 101 313
-1 319 103 300
300 300 -1 321
-1 320 105 301
301 301 -1 322
182 182 280 281
183 183 278 279
266 266 183 182
184 184 276 277
185 185 274 275
267 267 185 184
186 186 253 254
187 187 251 252
268 268 187 186
188 188 257 258
189 189 255 256
269 269 189 188
-1 321 314 107
-1 322 315 109
190 190 -1 272
191 191 -1 273
-1 272 298 308
-1 273 299 309
192 192 -1 270
193 193 -1 271
-1 270 296 300
-1 271 297 301
194 194 -1 292
195 195 -1 293
-1 292 311 302
-1 293 295 303
196 196 261 202
197 197 259 260
-1 323 111 296
-1 324 113 297
298 298 -1 317
299 299 -1 318
302 302 -1 323
303 303 -1 324
325 325 302 303
308 308 326 327
309 309 319 320
-1 326 298 309
-1 327 299 308
-1 274 154 192
-1 275 153 193
-1 276 156 190
-1 277 155 191
-1 278 158 194
-1 279 157 195
-1 280 160 197
-1 281 159 196
-1 282 162 175
-1 283 161 174
-1 284 164 177
-1 285 163 176
-1 286 166 179
-1 287 165 178
-1 288 168 181
-1 289 167 180
304 304 262 263
290 290 304 310
-1 310 328 329
328 328 304 331
-1 331 328 329
291 291 306 307
306 306 266 267
307 307 268 269
329 329 306 307
-1 311 325 316
-1 202 40 294
