28 28 -1 45
45 45 -1 65
29 29 -1 46
46 46 -1 66
-1 63 28 45
-1 64 29 46
-1 65 30 47
-1 66 31 48
30 30 -1 47
47 47 -1 67
31 31 -1 48
48 48 -1 67
67 67 51 53
51 51 70 71
53 53 72 73
32 32 51 53
49 49 -1 63
50 50 -1 64
70 70 88 89
71 71 91 92
52 52 70 71
72 72 94 95
73 73 97 98
54 54 72 73
33 33 -1 55
55 55 -1 68
34 34 -1 56
56 56 -1 68
68 68 57 58
35 35 -1 55
36 36 -1 56
57 57 69 81
58 58 77 79
37 37 57 58
38 38 -1 49
39 39 -1 50
84 84 -1 49
85 85 -1 50
69 69 59 60
81 81 93 90
86 86 69 81
77 77 99 96
79 79 86 87
87 87 77 79
59 59 76 78
60 60 80 43
40 40 59 60
76 76 99 96
78 78 86 87
80 80 93 90
43 43 -1 61
41 41 52 54
42 42 52 54
88 88 104 105
89 89 102 103
90 90 89 88
91 91 108 109
92 92 106 107
93 93 92 91
94 94 112 113
95 95 110 111
96 96 95 94
97 97 116 101
98 98 114 115
99 99 98 97
-1 61 74 82
44 44 -1 62
-1 62 75 83
-1 74 84 82
82 82 -1 100
-1 75 85 83
83 83 -1 100
-1 117 76 44
-1 118 78 80
100 100 117 118
-1 101 85 84
