0 0 -1 2
0 0 -1 3
0 0 11 10
0 0 15 14
0 0 51 50
0 0 53 52
0 0 59 58
0 0 61 60
0 0 -1 66
0 0 -1 67
0 0 75 74
0 0 79 78
0 0 103 102
0 0 113 112
3 2 9 8
14 10 -1 12
15 11 -1 13
52 50 25 24
60 58 29 28
53 51 39 38
61 59 43 42
67 66 73 72
78 74 -1 76
79 75 -1 77
107 102 89 88
112 110 93 92
109 103 95 94
113 111 99 98
12 8 17 16
13 9 19 18
28 24 -1 26
29 25 -1 27
42 38 -1 40
43 39 -1 41
76 72 81 80
77 73 83 82
92 88 -1 90
93 89 -1 91
98 94 -1 96
99 95 -1 97
26 16 31 30
90 80 33 32
27 17 35 34
91 81 37 36
40 18 45 44
96 82 47 46
106 19 -1 48
108 41 -1 49
128 83 -1 100
130 97 -1 101
49 48 117 116
101 100 119 118
36 34 123 122
37 35 127 126
125 45 -1 132
127 47 -1 133
46 44 135 134
33 31 141 140
32 30 145 144
118 116 121 120
119 117 125 124
133 132 155 154
137 134 159 1
136 135 1 1
126 124 137 136
122 120 139 138
141 138 1 1
140 139 1 1
123 121 143 142
145 142 1 1
144 143 1 1
-1 159 111 110
-1 154 129 128
-1 155 131 130
-1 129 107 106
-1 131 109 108
