28 28 -1 42
42 42 -1 53
29 29 -1 43
43 43 -1 53
53 53 64 65
30 30 -1 42
31 31 -1 43
64 64 57 59
65 65 61 63
32 32 -1 44
44 44 54 55
33 33 -1 44
54 54 -1 64
55 55 -1 65
34 34 45 46
45 45 -1 54
46 46 -1 55
35 35 45 46
57 57 67 66
59 59 69 68
47 47 57 59
61 61 71 70
63 63 73 72
48 48 61 63
36 36 49 51
49 49 56 58
51 51 60 62
37 37 49 51
56 56 66 67
58 58 68 69
50 50 56 58
60 60 70 71
62 62 72 73
52 52 60 62
38 38 50 52
39 39 50 52
66 66 76 77
67 67 74 75
68 68 80 81
69 69 78 79
70 70 84 85
71 71 82 83
72 72 88 89
73 73 86 87
40 40 47 48
41 41 47 48
