28 28 -1 44
44 44 -1 62
29 29 -1 45
45 45 -1 63
-1 60 28 44
-1 61 29 45
-1 62 30 46
-1 63 31 47
30 30 -1 46
46 46 -1 64
31 31 -1 47
47 47 -1 64
64 64 75 76
75 75 67 69
76 76 71 73
48 48 -1 60
49 49 -1 61
65 65 -1 75
66 66 -1 76
67 67 77 78
69 69 79 80
50 50 67 69
71 71 81 82
73 73 83 84
51 51 71 73
32 32 52 53
52 52 -1 65
53 53 -1 66
33 33 52 53
34 34 54 55
54 54 -1 65
55 55 -1 66
35 35 54 55
36 36 -1 48
37 37 -1 49
102 102 -1 48
133 133 -1 49
38 38 50 51
39 39 50 51
77 77 85 86
78 78 87 88
68 68 77 78
79 79 89 90
80 80 91 92
70 70 79 80
81 81 93 94
82 82 96 97
72 72 81 82
83 83 95 100
84 84 98 99
74 74 83 84
56 56 68 70
57 57 68 70
85 85 107 108
86 86 105 106
120 120 86 85
87 87 111 112
88 88 109 110
121 121 88 87
89 89 115 116
90 90 113 114
122 122 90 89
91 91 119 101
92 92 117 118
123 123 92 91
40 40 56 58
58 58 72 74
41 41 56 58
42 42 57 59
59 59 72 74
43 43 57 59
93 93 103 104
-1 94 102 129
124 124 93 134
-1 134 133 137
96 96 130 131
97 97 132 128
125 125 96 97
95 95 125 124
100 100 121 120
126 126 95 100
98 98 123 122
99 99 126 127
127 127 98 99
-1 129 135 136
-1 137 135 136
128 128 125 124
130 130 123 122
131 131 126 127
135 135 130 131
132 132 121 120
136 136 132 128
-1 101 133 102
