28 28 42 44
42 42 56 58
44 44 60 61
29 29 42 44
56 56 72 74
58 58 76 78
43 43 56 58
60 60 81 83
61 61 85 87
45 45 60 61
30 30 43 45
31 31 43 45
72 72 92 93
74 74 94 95
57 57 72 74
76 76 96 97
78 78 98 99
59 59 76 78
81 81 101 102
83 83 100 106
90 90 81 83
85 85 103 107
87 87 104 105
91 91 85 87
46 46 57 59
47 47 57 59
92 92 114 115
93 93 112 113
73 73 93 92
94 94 118 119
95 95 116 117
75 75 95 94
96 96 122 123
97 97 120 121
77 77 97 96
98 98 126 127
99 99 124 125
79 79 99 98
32 32 46 48
48 48 62 64
33 33 46 48
34 34 47 49
49 49 62 64
35 35 47 49
80 80 90 91
100 100 90 91
101 101 130 131
102 102 128 129
82 82 102 101
106 106 109 110
84 84 100 106
103 103 132 133
-1 107 138 137
86 86 103 108
-1 108 138 137
104 104 136 111
105 105 134 135
88 88 105 104
62 62 82 84
64 64 88 86
63 63 82 84
65 65 88 86
50 50 63 65
51 51 63 65
137 137 50 54
54 54 70 71
36 36 50 54
-1 111 51 55
55 55 70 71
37 37 51 55
38 38 -1 52
52 52 66 67
39 39 -1 52
66 66 -1 80
67 67 -1 89
89 89 109 110
-1 139 66 68
68 68 -1 80
-1 140 67 69
69 69 -1 89
40 40 -1 53
53 53 68 69
41 41 -1 53
109 109 75 73
110 110 79 77
138 138 139 140
70 70 75 73
71 71 79 77
