28 28 -1 44
44 44 -1 60
29 29 -1 45
45 45 -1 61
-1 58 28 44
-1 59 29 45
60 60 -1 69
61 61 -1 70
-1 69 77 75
-1 70 78 76
30 30 -1 46
46 46 -1 64
31 31 -1 47
47 47 -1 64
-1 62 30 46
-1 63 31 47
64 64 67 68
67 67 74 71
68 68 72 73
48 48 -1 58
49 49 -1 59
50 50 -1 62
51 51 -1 63
52 52 -1 60
53 53 -1 61
-1 77 79 75
75 75 -1 50
-1 78 80 76
76 76 -1 51
65 65 -1 68
66 66 -1 67
-1 71 80 79
32 32 54 55
54 54 -1 65
55 55 -1 66
33 33 54 55
34 34 56 57
56 56 -1 65
57 57 -1 66
35 35 56 57
36 36 -1 52
37 37 -1 53
38 38 -1 52
39 39 -1 53
40 40 -1 48
41 41 -1 49
79 79 -1 48
80 80 -1 49
42 42 -1 50
43 43 -1 51
