28 28 42 44
42 42 56 58
44 44 60 62
29 29 42 44
56 56 72 74
58 58 76 78
43 43 56 58
60 60 80 82
62 62 84 86
45 45 60 62
30 30 43 45
31 31 43 45
72 72 89 90
74 74 91 92
57 57 72 74
76 76 94 95
78 78 96 97
59 59 76 78
80 80 98 99
82 82 88 100
61 61 80 82
84 84 101 102
86 86 103 104
63 63 84 86
46 46 57 59
89 89 108 109
90 90 131 133
73 73 89 90
91 91 132 134
-1 92 135 136
75 75 91 93
-1 93 135 136
94 94 110 111
95 95 113 114
77 77 94 95
96 96 116 117
97 97 119 120
79 79 96 97
-1 171 57 69
69 69 81 83
-1 172 59 71
71 71 85 87
32 32 46 55
55 55 69 71
33 33 46 55
47 47 61 63
48 48 61 63
98 98 118 121
99 99 124 107
81 81 98 99
88 88 105 106
100 100 122 123
83 83 88 100
101 101 125 126
102 102 128 129
85 85 101 102
103 103 112 115
104 104 127 130
87 87 103 104
34 34 47 49
49 49 64 66
35 35 47 49
36 36 48 50
50 50 64 66
37 37 48 50
64 64 73 75
66 66 77 79
65 65 73 75
67 67 77 79
51 51 65 67
52 52 65 67
38 38 51 53
53 53 68 70
39 39 51 53
40 40 52 54
54 54 68 70
41 41 52 54
68 68 81 83
70 70 85 87
105 105 171 172
106 106 157 158
107 107 106 105
108 108 139 140
109 109 137 138
173 173 109 108
131 131 173 174
133 133 179 177
174 174 131 133
132 132 173 174
134 134 179 177
175 175 132 134
135 135 175 176
136 136 180 178
110 110 143 144
111 111 141 142
112 112 111 110
113 113 147 148
114 114 145 146
115 115 114 113
116 116 151 152
117 117 149 150
118 118 117 116
119 119 155 156
120 120 153 154
121 121 120 119
181 181 118 121
124 124 123 122
182 182 124 107
122 122 161 162
123 123 159 160
125 125 165 166
126 126 163 164
127 127 126 125
128 128 169 170
129 129 167 168
130 130 129 128
183 183 112 115
184 184 127 130
179 179 181 182
177 177 183 184
-1 176 185 186
185 185 175 187
-1 187 185 186
180 180 181 182
178 178 183 184
186 186 180 178
