28 28 42 44
42 42 58 60
44 44 62 64
29 29 42 44
58 58 74 75
60 60 76 77
43 43 58 60
62 62 78 79
64 64 80 81
45 45 62 64
30 30 43 45
31 31 43 45
74 74 90 92
75 75 94 96
59 59 74 75
76 76 98 100
77 77 102 104
61 61 76 77
78 78 106 108
79 79 110 112
63 63 78 79
80 80 114 116
81 81 118 120
65 65 80 81
46 46 59 61
47 47 59 61
90 90 122 123
92 92 124 125
94 94 126 127
96 96 128 129
98 98 130 131
100 100 132 133
102 102 134 135
104 104 136 137
32 32 46 48
48 48 63 65
33 33 46 48
34 34 47 49
49 49 63 65
35 35 47 49
106 106 138 139
108 108 140 141
110 110 142 143
112 112 144 145
114 114 146 147
116 116 148 149
118 118 150 151
-1 120 153 155
-1 207 90 106
-1 208 92 108
122 122 160 161
123 123 158 159
91 91 123 122
124 124 164 165
125 125 162 163
93 93 125 124
-1 209 94 110
-1 210 96 112
126 126 168 169
127 127 166 167
95 95 127 126
128 128 172 173
129 129 170 171
97 97 129 128
-1 211 98 114
-1 212 100 116
130 130 176 177
131 131 174 175
99 99 131 130
132 132 180 181
133 133 178 179
101 101 133 132
-1 213 102 118
-1 214 104 222
-1 222 153 155
134 134 184 185
135 135 182 183
103 103 135 134
136 136 188 189
137 137 186 187
105 105 137 136
138 138 192 193
139 139 190 191
107 107 139 138
140 140 196 197
141 141 194 195
109 109 141 140
142 142 200 201
143 143 198 199
111 111 143 142
144 144 204 205
145 145 202 203
113 113 145 144
146 146 207 208
147 147 209 210
115 115 147 146
148 148 211 212
149 149 213 214
117 117 149 148
150 150 206 157
-1 151 217 220
119 119 150 152
-1 152 217 221
153 153 215 216
155 155 218 219
82 82 91 93
233 233 91 93
66 66 82 83
83 83 95 97
67 67 82 83
223 223 233 234
234 234 95 97
84 84 99 101
235 235 99 101
68 68 84 85
85 85 103 105
69 69 84 85
224 224 235 236
236 236 103 105
86 86 107 109
237 237 107 109
70 70 86 87
87 87 111 113
71 71 86 87
225 225 237 238
238 238 111 113
88 88 115 117
239 239 115 117
72 72 88 89
89 89 119 121
73 73 88 89
226 226 239 240
240 240 119 241
-1 121 154 156
-1 241 154 156
-1 157 55 57
217 217 54 56
-1 220 227 232
-1 221 227 232
215 215 228 229
216 216 230 231
154 154 216 215
218 218 223 224
219 219 225 226
156 156 218 219
36 36 50 52
50 50 66 68
52 52 70 72
37 37 50 52
51 51 66 68
53 53 70 72
38 38 51 53
39 39 51 53
54 54 67 69
55 55 67 69
56 56 71 73
40 40 54 56
57 57 71 73
41 41 55 57
227 227 223 224
-1 228 233 237
-1 229 234 238
-1 230 235 239
-1 231 236 240
232 232 225 226
