28 28 -1 44
44 44 -1 58
29 29 -1 45
45 45 -1 58
-1 56 28 44
-1 57 29 45
58 58 68 70
68 68 72 75
70 70 73 74
30 30 -1 46
46 46 59 60
31 31 -1 46
-1 66 30 59
59 59 -1 68
-1 67 31 60
60 60 -1 70
47 47 -1 56
48 48 -1 57
61 61 -1 66
62 62 -1 67
72 72 78 79
-1 75 84 83
69 69 72 76
-1 76 84 83
73 73 82 77
74 74 80 81
71 71 74 73
32 32 -1 49
49 49 -1 63
33 33 -1 50
50 50 -1 63
63 63 71 69
34 34 -1 49
35 35 -1 50
36 36 -1 51
51 51 64 65
37 37 -1 51
64 64 -1 71
65 65 -1 69
38 38 52 53
52 52 -1 64
53 53 -1 65
39 39 52 53
40 40 -1 47
41 41 -1 48
85 85 -1 47
86 86 -1 48
42 42 54 55
54 54 -1 61
55 55 -1 62
43 43 54 55
83 83 87 88
87 87 -1 61
88 88 -1 62
-1 89 85 87
-1 90 86 88
84 84 89 90
-1 77 86 85
