28 28 42 44
42 42 56 58
44 44 60 62
29 29 42 44
56 56 72 73
58 58 74 75
43 43 56 58
60 60 77 78
62 62 79 80
45 45 60 62
30 30 43 45
31 31 43 45
72 72 92 94
73 73 96 98
57 57 72 73
74 74 102 104
-1 75 106 107
59 59 74 76
-1 76 106 108
77 77 111 113
78 78 115 117
61 61 77 78
79 79 90 100
80 80 109 119
63 63 79 80
46 46 57 59
47 47 57 59
92 92 134 135
94 94 136 133
124 124 92 94
96 96 137 138
98 98 139 140
125 125 96 98
102 102 141 142
104 104 143 144
126 126 102 104
106 106 145 147
-1 107 149 150
-1 108 149 150
32 32 46 48
48 48 61 63
33 33 46 48
34 34 47 49
49 49 61 63
35 35 47 49
111 111 151 152
113 113 153 154
127 127 111 113
115 115 155 156
117 117 157 158
128 128 115 117
90 90 124 125
100 100 126 131
129 129 90 100
109 109 127 128
119 119 129 130
130 130 109 119
91 91 124 125
134 134 166 167
135 135 176 207
93 93 134 135
136 136 189 198
133 133 161 165
95 95 136 133
137 137 168 169
138 138 170 171
97 97 137 138
139 139 172 173
140 140 174 175
99 99 139 140
81 81 91 101
101 101 126 132
161 161 91 101
-1 131 162 163
-1 132 162 164
141 141 177 178
142 142 179 180
103 103 141 142
143 143 181 182
144 144 183 184
105 105 143 144
145 145 185 186
147 147 187 188
162 162 145 147
149 149 208 210
150 150 212 214
-1 163 276 277
-1 164 276 277
276 276 208 210
277 277 212 214
110 110 127 128
151 151 190 191
152 152 192 193
112 112 151 152
153 153 194 195
154 154 196 197
114 114 153 154
155 155 199 200
156 156 201 202
116 116 155 156
157 157 203 204
158 158 205 206
118 118 157 158
82 82 110 120
120 120 129 130
165 165 110 120
64 64 81 82
65 65 81 82
83 83 93 95
166 166 93 95
167 167 97 99
176 176 103 105
-1 207 286 287
189 189 112 114
198 198 116 118
66 66 83 84
84 84 97 99
67 67 83 84
168 168 218 219
169 169 216 217
170 170 222 223
171 171 220 221
172 172 226 227
173 173 224 225
174 174 230 231
175 175 228 229
85 85 103 105
177 177 234 235
178 178 232 233
272 272 178 177
179 179 238 239
180 180 236 237
273 273 180 179
181 181 242 243
182 182 240 241
274 274 182 181
183 183 246 247
184 184 244 245
275 275 184 183
68 68 85 88
-1 88 121 122
69 69 85 89
-1 89 121 123
185 185 294 295
186 186 292 293
146 146 186 185
187 187 290 291
188 188 288 289
148 148 188 187
208 208 272 273
210 210 274 275
212 212 278 279
214 214 280 281
50 50 64 70
70 70 86 87
51 51 65 71
71 71 86 87
52 52 65 71
-1 306 161 176
-1 307 165 310
-1 310 286 311
86 86 112 114
190 190 250 251
191 191 248 249
192 192 254 255
193 193 252 253
194 194 258 259
195 195 256 257
196 196 262 263
197 197 260 261
87 87 116 118
199 199 -1 282
200 200 -1 283
-1 282 296 300
-1 283 297 301
278 278 199 200
201 201 -1 284
202 202 -1 285
-1 284 298 302
-1 285 299 303
279 279 201 202
203 203 266 267
204 204 264 265
280 280 204 203
205 205 270 271
206 206 268 269
281 281 206 205
36 36 53 50
53 53 66 68
37 37 53 50
-1 296 66 300
300 300 -1 308
-1 297 68 301
301 301 -1 309
-1 298 64 302
302 302 -1 306
-1 299 70 303
303 303 -1 307
-1 308 166 189
-1 309 167 198
54 54 67 69
55 55 67 69
121 121 148 146
-1 122 159 160
-1 123 159 160
38 38 54 51
39 39 54 51
40 40 55 52
41 41 55 52
286 286 148 146
159 159 209 211
160 160 213 215
-1 287 304 305
-1 311 304 305
304 304 209 211
305 305 213 215
209 209 272 273
211 211 274 275
213 213 278 279
215 215 280 281
-1 288 169 191
-1 289 168 190
-1 290 171 193
-1 291 170 192
-1 292 173 195
-1 293 172 194
-1 294 175 197
-1 295 174 196
