28 28 42 44
42 42 58 60
44 44 62 64
29 29 42 44
58 58 74 76
60 60 78 80
43 43 58 60
62 62 82 83
64 64 84 85
45 45 62 64
30 30 43 45
31 31 43 45
74 74 90 91
76 76 92 93
59 59 74 76
78 78 94 95
80 80 97 98
61 61 78 80
82 82 99 101
83 83 103 105
63 63 82 83
84 84 107 109
85 85 111 113
65 65 84 85
46 46 59 61
47 47 59 61
90 90 120 121
91 91 122 123
75 75 90 91
92 92 125 126
93 93 127 128
77 77 92 93
94 94 130 131
-1 95 132 133
79 79 94 96
-1 96 132 133
97 97 135 136
98 98 137 138
81 81 97 98
32 32 46 48
48 48 63 65
33 33 46 48
34 34 47 49
49 49 63 65
35 35 47 49
99 99 115 116
101 101 117 118
115 115 99 101
103 103 119 124
105 105 129 134
116 116 103 105
107 107 139 140
109 109 141 142
117 117 107 109
111 111 143 144
113 113 145 146
118 118 111 113
66 66 75 77
67 67 75 77
120 120 154 155
121 121 156 157
147 147 120 121
122 122 158 159
123 123 160 161
148 148 122 123
125 125 162 163
126 126 164 165
149 149 125 126
127 127 166 167
128 128 168 169
150 150 127 128
50 50 66 68
68 68 79 81
51 51 66 68
52 52 67 69
69 69 79 81
53 53 67 69
130 130 170 171
131 131 172 173
151 151 130 131
132 132 199 200
133 133 201 202
135 135 175 176
136 136 177 178
152 152 135 136
137 137 179 180
138 138 181 182
153 153 137 138
100 100 115 116
102 102 117 118
119 119 147 148
124 124 149 150
104 104 119 124
129 129 151 174
134 134 152 153
106 106 129 134
86 86 100 102
326 326 100 102
139 139 183 184
140 140 185 186
108 108 139 140
141 141 187 188
142 142 189 190
110 110 141 142
143 143 191 192
144 144 193 194
112 112 143 144
145 145 195 196
146 146 197 198
114 114 145 146
36 36 50 54
54 54 70 72
37 37 50 54
38 38 51 55
55 55 70 72
39 39 51 55
40 40 52 56
56 56 71 73
-1 203 53 57
57 57 71 73
41 41 53 57
327 327 147 148
154 154 206 207
155 155 204 205
156 156 210 211
157 157 208 209
158 158 214 215
159 159 212 213
160 160 218 219
161 161 216 217
312 312 327 328
328 328 149 150
162 162 222 223
163 163 220 221
164 164 226 227
165 165 224 225
166 166 230 231
167 167 228 229
168 168 234 235
169 169 232 233
329 329 151 335
-1 335 267 268
-1 174 267 268
170 170 293 294
171 171 291 292
265 265 171 170
172 172 289 290
173 173 287 288
266 266 173 172
199 199 265 266
-1 200 295 296
267 267 199 306
-1 306 295 296
201 201 271 272
202 202 273 274
268 268 201 202
313 313 329 330
330 330 152 153
175 175 238 239
176 176 236 237
177 177 242 243
178 178 240 241
179 179 246 247
180 180 244 245
181 181 250 251
182 182 248 249
70 70 86 87
72 72 88 89
87 87 104 106
71 71 86 87
88 88 108 110
89 89 112 114
73 73 88 89
-1 269 52 298
-1 298 314 312
-1 270 56 299
-1 299 315 313
314 314 326 331
331 331 104 106
332 332 108 110
183 183 285 286
184 184 283 284
271 271 184 183
185 185 281 282
186 186 279 280
272 272 186 185
187 187 254 255
188 188 252 253
273 273 188 187
189 189 258 259
190 190 256 257
274 274 190 189
315 315 332 333
333 333 112 114
191 191 -1 277
192 192 -1 278
-1 277 300 309
-1 278 301 310
193 193 -1 275
194 194 -1 276
-1 275 297 303
-1 276 302 304
195 195 269 270
196 196 260 261
197 197 264 203
198 198 262 263
297 297 314 315
-1 316 327 326
-1 317 328 331
-1 318 329 332
-1 319 330 333
300 300 -1 316
301 301 -1 317
302 302 312 313
303 303 -1 318
304 304 -1 319
-1 320 297 303
-1 321 302 304
309 309 322 323
310 310 320 321
-1 322 300 310
-1 323 301 309
-1 279 155 193
-1 280 154 194
-1 281 157 191
-1 282 156 192
-1 283 159 196
-1 284 158 195
-1 285 161 198
-1 286 160 197
-1 287 163 176
-1 288 162 175
-1 289 165 178
-1 290 164 177
-1 291 167 180
-1 292 166 179
-1 293 169 182
-1 294 168 181
305 305 265 266
295 295 305 311
-1 311 324 325
324 324 305 334
-1 334 324 325
296 296 307 308
307 307 271 272
308 308 273 274
325 325 307 308
