28 28 42 44
42 42 56 58
44 44 60 62
29 29 42 44
-1 56 76 77
-1 58 78 79
43 43 57 59
-1 57 76 77
-1 59 78 79
-1 60 84 85
-1 62 86 87
45 45 61 63
-1 61 84 85
-1 63 86 87
30 30 43 45
31 31 43 45
76 76 100 101
77 77 102 103
78 78 104 105
79 79 106 107
84 84 108 109
85 85 110 111
86 86 112 113
87 87 114 115
100 100 132 133
101 101 134 135
102 102 136 137
103 103 138 139
104 104 140 141
105 105 142 143
106 106 144 145
107 107 146 147
46 46 64 65
64 64 80 81
65 65 82 83
47 47 65 64
32 32 46 48
48 48 66 67
33 33 46 48
34 34 47 49
49 49 67 66
35 35 47 49
-1 80 100 102
-1 81 101 103
-1 82 104 106
-1 83 105 107
108 108 148 149
109 109 150 151
110 110 152 153
111 111 154 155
112 112 156 157
113 113 158 159
114 114 160 163
115 115 161 162
66 66 88 89
67 67 90 91
-1 88 108 110
-1 89 109 111
-1 90 112 114
-1 91 113 115
132 132 167 168
133 133 165 166
134 134 171 172
135 135 169 170
136 136 175 176
137 137 173 174
138 138 179 180
139 139 177 178
140 140 183 184
141 141 181 182
142 142 187 188
143 143 185 186
144 144 191 192
145 145 189 190
146 146 195 196
147 147 193 194
148 148 199 200
149 149 197 198
150 150 203 204
151 151 201 202
152 152 207 208
153 153 205 206
154 154 211 212
155 155 209 210
156 156 215 216
157 157 213 214
158 158 219 220
159 159 217 218
160 160 221 222
-1 163 227 228
161 161 225 226
162 162 223 224
-1 116 133 137
-1 117 132 136
-1 118 135 139
-1 119 134 138
-1 120 141 145
-1 121 140 144
-1 122 143 147
-1 123 142 146
50 50 68 70
68 68 92 93
70 70 94 95
51 51 68 70
36 36 50 53
53 53 72 74
37 37 50 53
38 38 51 54
54 54 72 74
39 39 51 54
92 92 118 119
93 93 116 117
69 69 93 92
94 94 122 123
95 95 120 121
71 71 95 94
227 227 69 71
52 52 69 71
228 228 75 73
-1 164 227 228
40 40 52 55
55 55 75 73
41 41 52 55
72 72 96 97
74 74 98 99
96 96 126 127
97 97 124 125
73 73 97 96
98 98 130 131
99 99 128 129
75 75 99 98
-1 124 149 153
-1 125 148 152
-1 126 151 155
-1 127 150 154
-1 128 157 160
-1 129 156 164
-1 130 159 162
-1 131 158 161
