28 28 -1 42
42 42 -1 51
29 29 -1 43
43 43 -1 51
51 51 58 59
30 30 -1 42
31 31 -1 43
58 58 72 73
59 59 78 76
32 32 -1 44
44 44 52 53
33 33 -1 44
52 52 -1 58
53 53 -1 59
34 34 45 46
45 45 -1 52
46 46 -1 53
35 35 45 46
72 72 71 70
73 73 68 69
68 68 72 73
78 78 77 92
76 76 75 74
69 69 78 76
36 36 -1 47
47 47 54 55
37 37 -1 47
54 54 62 63
55 55 66 67
38 38 48 49
48 48 -1 54
49 49 -1 55
39 39 48 49
62 62 70 71
63 63 68 69
66 66 74 75
67 67 77 79
56 56 60 61
60 60 -1 62
61 61 -1 63
70 70 83 84
71 71 81 82
57 57 64 65
64 64 -1 66
65 65 -1 67
74 74 89 80
75 75 87 88
77 77 85 86
-1 79 91 90
-1 92 91 90
40 40 -1 50
50 50 56 57
41 41 -1 50
90 90 93 94
93 93 -1 56
94 94 -1 57
-1 80 93 94
91 91 95 96
-1 95 60 64
-1 96 61 65
