29 29 -1 44
44 44 56 57
30 30 -1 44
56 56 65 66
57 57 67 68
31 31 45 46
45 45 -1 56
46 46 -1 57
32 32 45 46
65 65 71 72
66 66 74 75
67 67 77 78
68 68 81 82
47 47 58 59
58 58 -1 65
59 59 -1 66
48 48 58 59
71 71 86 87
72 72 84 85
73 73 72 71
74 74 90 91
75 75 88 89
76 76 75 74
49 49 60 61
60 60 -1 67
61 61 -1 68
50 50 60 61
77 77 94 83
78 78 92 93
79 79 78 77
81 81 73 76
82 82 79 80
80 80 81 82
33 33 -1 51
51 51 -1 62
34 34 -1 52
52 52 -1 62
62 62 69 70
35 35 -1 51
36 36 -1 52
69 69 73 76
70 70 79 80
37 37 -1 53
53 53 63 64
38 38 -1 53
63 63 -1 69
64 64 -1 70
39 39 54 55
54 54 -1 63
55 55 -1 64
40 40 54 55
41 41 47 49
42 42 47 49
-1 95 48 50
43 43 48 50
-1 83 43 95
