29 29 -1 44
44 44 -1 57
30 30 -1 45
45 45 -1 57
57 57 72 73
31 31 -1 44
32 32 -1 45
72 72 66 68
73 73 61 64
33 33 -1 46
46 46 58 59
34 34 -1 46
58 58 -1 72
59 59 -1 73
35 35 47 48
47 47 -1 58
48 48 -1 59
36 36 47 48
66 66 84 78
68 68 86 88
49 49 66 68
61 61 74 76
64 64 80 82
50 50 61 64
74 74 91 92
91 91 63 60
92 92 65 67
75 75 91 92
60 60 74 76
76 76 93 94
62 62 75 77
77 77 94 93
90 90 75 77
63 63 80 82
51 51 63 60
65 65 84 78
67 67 86 88
52 52 65 67
37 37 51 52
38 38 51 52
80 80 95 96
82 82 97 98
84 84 103 104
78 78 90 105
86 86 99 100
88 88 101 102
93 93 109 110
94 94 107 108
53 53 62 71
71 71 83 81
54 54 62 71
105 105 83 81
79 79 90 105
95 95 121 122
96 96 119 120
81 81 96 95
97 97 125 106
98 98 123 124
83 83 98 97
-1 126 50 49
39 39 50 49
103 103 85 79
104 104 89 87
85 85 103 104
99 99 113 114
100 100 111 112
87 87 100 99
101 101 117 118
102 102 115 116
89 89 102 101
40 40 55 53
55 55 69 70
41 41 55 53
69 69 85 79
70 70 89 87
56 56 69 70
42 42 56 54
43 43 56 54
-1 106 39 126
