29 29 44 46
44 44 60 62
46 46 64 66
30 30 44 46
60 60 76 77
62 62 78 79
45 45 60 62
64 64 81 82
66 66 83 84
47 47 64 66
31 31 45 47
32 32 45 47
76 76 96 98
77 77 100 102
61 61 76 77
78 78 106 108
-1 79 110 111
63 63 78 80
-1 80 110 112
81 81 115 117
82 82 119 121
65 65 81 82
83 83 94 104
84 84 113 123
67 67 83 84
48 48 61 63
49 49 61 63
96 96 138 139
98 98 140 137
128 128 96 98
100 100 141 142
102 102 143 144
129 129 100 102
106 106 145 146
108 108 147 148
130 130 106 108
110 110 149 151
-1 111 153 154
-1 112 153 154
33 33 48 50
50 50 65 67
34 34 48 50
35 35 49 51
51 51 65 67
36 36 49 51
115 115 155 156
117 117 157 158
131 131 115 117
119 119 159 160
121 121 161 162
132 132 119 121
94 94 128 129
104 104 130 135
133 133 94 104
113 113 131 132
123 123 133 134
134 134 113 123
95 95 128 129
138 138 170 171
139 139 180 211
97 97 138 139
140 140 193 202
137 137 165 169
99 99 140 137
141 141 172 173
142 142 174 175
101 101 141 142
143 143 176 177
144 144 178 179
103 103 143 144
85 85 95 105
105 105 130 136
165 165 95 105
-1 135 166 167
-1 136 166 168
145 145 181 182
146 146 183 184
107 107 145 146
147 147 185 186
148 148 187 188
109 109 147 148
149 149 189 190
151 151 191 192
166 166 149 151
153 153 214 216
154 154 212 218
-1 167 283 284
-1 168 283 284
283 283 214 216
284 284 212 218
114 114 131 132
155 155 194 195
156 156 196 197
116 116 155 156
157 157 198 199
158 158 200 201
118 118 157 158
159 159 203 204
160 160 205 206
120 120 159 160
161 161 207 208
162 162 209 210
122 122 161 162
86 86 114 124
124 124 133 134
169 169 114 124
68 68 85 86
69 69 85 86
87 87 97 99
170 170 97 99
171 171 101 103
180 180 107 109
-1 211 293 294
193 193 116 118
202 202 120 122
70 70 87 88
88 88 101 103
71 71 87 88
172 172 227 228
173 173 225 226
174 174 231 232
175 175 229 230
176 176 235 236
177 177 233 234
178 178 239 240
179 179 237 238
89 89 107 109
181 181 243 244
182 182 241 242
279 279 182 181
183 183 247 248
184 184 245 246
280 280 184 183
185 185 251 252
186 186 249 250
281 281 186 185
187 187 255 256
188 188 253 254
282 282 188 187
72 72 89 92
-1 92 125 126
73 73 89 93
-1 93 125 127
189 189 301 302
190 190 299 300
150 150 190 189
191 191 297 298
192 192 295 296
152 152 192 191
214 214 279 280
216 216 281 282
212 212 287 288
218 218 289 290
52 52 68 74
74 74 90 91
53 53 68 74
54 54 69 75
75 75 90 91
55 55 69 75
-1 285 165 180
-1 286 169 305
-1 305 293 309
90 90 116 118
194 194 259 260
195 195 257 258
196 196 263 264
197 197 261 262
198 198 267 268
199 199 265 266
200 200 271 272
201 201 269 270
91 91 120 122
203 203 291 292
204 204 285 286
287 287 204 203
205 205 223 224
206 206 221 222
288 288 206 205
207 207 275 276
208 208 273 274
289 289 208 207
209 209 -1 220
210 210 277 278
290 290 210 209
37 37 56 52
56 56 70 72
38 38 56 52
57 57 70 72
39 39 57 53
40 40 57 53
58 58 71 73
59 59 71 73
125 125 152 150
-1 126 163 164
-1 127 163 164
41 41 58 54
42 42 58 54
-1 308 59 55
43 43 59 55
-1 291 170 193
-1 292 171 202
293 293 152 150
163 163 215 217
164 164 213 219
-1 294 306 307
-1 309 306 307
306 306 215 217
307 307 213 219
215 215 279 280
217 217 281 282
213 213 287 288
219 219 289 290
-1 295 173 195
-1 296 172 194
-1 297 175 197
-1 298 174 196
-1 299 177 199
-1 300 176 198
-1 301 179 201
-1 302 178 200
-1 220 303 304
303 303 -1 308
-1 304 303 43
