29 29 44 46
44 44 60 62
46 46 64 66
30 30 44 46
60 60 76 78
62 62 80 82
45 45 60 62
64 64 84 85
66 66 86 87
47 47 64 66
31 31 45 47
32 32 45 47
76 76 92 93
78 78 94 95
61 61 76 78
80 80 96 115
82 82 97 98
63 63 80 82
84 84 99 101
85 85 103 105
65 65 84 85
86 86 107 109
87 87 111 113
67 67 86 87
48 48 61 63
49 49 61 63
92 92 122 123
93 93 124 125
77 77 92 93
94 94 127 128
95 95 129 130
79 79 94 95
96 96 148 147
-1 115 149 151
81 81 96 116
-1 116 150 152
97 97 133 134
98 98 135 136
83 83 97 98
33 33 48 50
50 50 65 67
34 34 48 50
35 35 49 51
51 51 65 67
36 36 49 51
99 99 117 118
101 101 119 120
117 117 99 101
103 103 121 126
105 105 131 132
118 118 103 105
107 107 145 143
109 109 137 138
119 119 107 109
111 111 139 140
113 113 141 142
120 120 111 113
68 68 77 79
69 69 77 79
122 122 160 161
123 123 162 163
153 153 122 123
124 124 164 165
125 125 166 167
154 154 124 125
127 127 168 169
128 128 170 171
155 155 127 128
129 129 172 173
130 130 174 175
156 156 129 130
52 52 68 70
70 70 81 83
53 53 68 70
54 54 69 71
71 71 81 83
55 55 69 71
-1 148 202 208
-1 147 201 207
157 157 280 278
-1 280 310 312
-1 278 309 311
133 133 177 178
134 134 179 180
158 158 133 134
135 135 181 182
136 136 183 184
159 159 135 136
100 100 117 118
102 102 119 120
121 121 153 154
126 126 155 156
104 104 121 126
131 131 157 176
132 132 158 159
106 106 131 132
88 88 100 102
333 333 100 102
-1 145 199 211
-1 143 197 209
108 108 146 144
-1 146 200 212
-1 144 198 210
137 137 185 186
138 138 187 188
110 110 137 138
139 139 189 190
140 140 191 192
112 112 139 140
141 141 193 196
142 142 194 195
114 114 141 142
37 37 52 56
56 56 72 74
38 38 52 56
39 39 53 57
57 57 72 74
40 40 53 57
41 41 54 58
58 58 73 75
42 42 54 58
-1 307 55 59
59 59 73 75
43 43 55 59
334 334 153 154
160 160 216 217
161 161 214 215
283 283 161 160
162 162 220 221
163 163 218 219
284 284 163 162
164 164 224 225
165 165 222 223
285 285 165 164
166 166 228 229
167 167 226 227
286 286 167 166
313 313 334 335
335 335 155 156
168 168 232 233
169 169 230 231
287 287 169 168
170 170 236 237
171 171 234 235
288 288 171 170
172 172 240 241
173 173 238 239
289 289 173 172
174 174 244 245
175 175 242 243
290 290 175 174
336 336 157 349
-1 349 149 151
-1 176 150 152
149 149 203 204
151 151 205 206
150 150 203 204
152 152 205 206
314 314 336 337
337 337 158 159
177 177 248 249
178 178 246 247
291 291 178 177
179 179 252 253
180 180 250 251
292 292 180 179
181 181 256 257
182 182 254 255
293 293 182 181
183 183 260 261
184 184 258 259
294 294 184 183
72 72 88 89
74 74 90 91
89 89 104 106
73 73 88 89
90 90 108 110
91 91 112 114
75 75 90 91
315 315 333 338
338 338 104 106
339 339 108 110
185 185 264 265
186 186 262 263
295 295 186 185
187 187 268 269
188 188 266 267
296 296 188 187
316 316 339 340
340 340 112 114
189 189 -1 301
190 190 -1 303
-1 301 328 324
-1 303 322 323
297 297 189 190
191 191 -1 304
192 192 -1 302
-1 304 327 325
-1 302 321 326
298 298 191 192
193 193 270 271
-1 196 281 282
299 299 193 308
-1 308 281 282
194 194 274 213
195 195 272 273
300 300 195 194
321 321 315 316
281 281 315 316
-1 345 333 334
-1 346 339 336
-1 347 338 335
-1 348 340 337
282 282 313 314
322 322 313 314
328 328 343 344
324 324 -1 348
326 326 -1 347
323 323 -1 346
327 327 341 342
325 325 -1 345
-1 341 327 323
-1 342 321 325
-1 343 322 324
-1 344 328 326
197 197 283 284
198 198 283 284
-1 275 197 209
209 209 297 298
-1 329 198 210
210 210 297 298
199 199 285 286
200 200 285 286
-1 276 199 211
211 211 299 300
-1 330 200 212
212 212 299 300
201 201 287 288
309 309 287 288
-1 277 201 207
207 207 291 292
-1 331 309 311
311 311 291 292
202 202 289 290
310 310 289 290
-1 279 202 208
208 208 293 294
-1 332 310 312
312 312 293 294
203 203 279 277
204 204 305 306
205 205 276 275
206 206 295 296
305 305 317 318
306 306 319 320
-1 213 43 307
-1 317 305 330
-1 318 332 295
-1 319 331 329
-1 320 306 296
