2 2 3 4
3 3 5 6
-1 4 7 8
-1 5 9 14
-1 9 7 8
14 14 24 25
-1 6 3 15
15 15 -1 26
7 7 10 11
8 8 12 13
10 10 16 17
11 11 18 19
12 12 20 21
13 13 22 23
-1 61 10 57
57 57 61 62
-1 62 11 58
58 58 63 64
16 16 29 30
17 17 27 28
18 18 33 34
19 19 31 32
-1 63 12 14
-1 64 13 73
73 73 -1 74
20 20 37 38
21 21 35 36
22 22 41 42
23 23 39 40
24 24 45 46
25 25 43 44
-1 26 47 48
-1 74 47 48
-1 65 17 55
55 55 65 66
-1 66 16 56
56 56 67 68
-1 67 19 25
-1 68 18 24
-1 69 21 15
-1 70 20 73
-1 71 23 53
53 53 69 70
-1 72 22 54
54 54 71 72
47 47 51 52
48 48 49 50
51 51 56 55
52 52 58 57
49 49 59 60
50 50 54 53
-1 59 51 49
-1 60 52 50
