-1 65 69 71
-1 69 77 79
-1 71 81 83
-1 66 70 72
-1 70 78 80
-1 72 82 84
-1 63 65 67
-1 67 73 74
-1 64 66 68
-1 68 75 76
-1 77 17 19
-1 79 21 23
-1 78 18 20
-1 80 22 24
-1 81 25 27
-1 83 29 31
-1 82 26 28
-1 84 30 32
17 17 35 36
19 19 39 40
18 18 33 34
20 20 37 38
21 21 43 44
23 23 47 48
22 22 41 42
24 24 45 46
25 25 51 52
27 27 55 56
26 26 49 50
28 28 53 54
29 29 63 64
31 31 61 62
30 30 57 58
32 32 59 60
2 2 3 4
-1 3 5 6
-1 4 7 8
-1 5 10 9
-1 6 12 11
-1 73 10 9
-1 74 12 11
-1 7 14 13
-1 8 16 15
-1 75 14 13
-1 76 16 15
10 10 20 19
9 9 18 17
12 12 24 23
11 11 22 21
14 14 28 27
13 13 26 25
16 16 32 31
15 15 30 29
