-1 125 137 138
-1 137 145 146
-1 138 106 107
-1 30 93 94
-1 93 104 105
-1 94 106 107
-1 145 126 127
-1 146 128 129
-1 104 126 127
-1 105 128 129
106 106 9 130
107 107 131 32
126 126 19 20
127 127 21 22
128 128 23 24
129 129 25 26
9 9 17 18
-1 130 27 131
131 131 -1 139
32 32 -1 29
-1 55 3 103
3 3 5 6
-1 103 123 124
2 2 3 4
-1 4 7 8
-1 123 10 11
-1 124 12 13
-1 7 10 11
-1 8 12 13
-1 5 9 15
15 15 -1 28
-1 6 14 16
-1 14 27 15
16 16 -1 29
10 10 19 20
11 11 21 22
12 12 23 24
13 13 25 26
19 19 33 34
20 20 35 36
21 21 37 38
22 22 39 40
23 23 41 42
24 24 43 44
25 25 45 46
26 26 47 48
27 27 49 50
-1 17 30 32
-1 18 31 16
31 31 60 61
-1 139 147 148
-1 28 53 54
29 29 51 52
33 33 64 65
34 34 62 63
108 108 34 33
35 35 68 69
36 36 66 67
109 109 36 35
37 37 72 73
38 38 70 71
110 110 38 37
39 39 76 77
40 40 74 75
111 111 40 39
41 41 80 81
42 42 78 79
112 112 42 41
43 43 84 85
44 44 82 83
113 113 44 43
45 45 88 89
46 46 86 87
114 114 46 45
47 47 92 55
48 48 90 91
115 115 48 47
49 49 58 59
50 50 56 57
-1 147 99 100
-1 148 101 102
-1 53 99 100
-1 54 101 102
-1 51 95 96
-1 52 97 98
95 95 116 117
96 96 -1 118
-1 132 95 133
133 133 -1 140
-1 116 50 96
-1 117 49 133
-1 118 135 136
-1 140 149 150
-1 135 141 142
-1 136 143 144
-1 149 141 142
-1 150 143 144
97 97 119 120
98 98 121 122
-1 134 97 98
-1 119 31 121
121 121 -1 132
-1 120 125 122
122 122 -1 134
99 99 111 110
100 100 109 108
101 101 115 114
102 102 113 112
141 141 111 110
142 142 109 108
143 143 115 114
144 144 113 112
