-1 135 143 145
-1 143 159 161
-1 145 163 165
-1 136 144 146
-1 144 160 162
-1 146 164 166
127 127 -1 135
128 128 -1 136
-1 159 33 35
-1 161 37 39
-1 160 34 36
-1 162 38 40
-1 163 49 51
-1 165 53 55
-1 164 50 52
-1 166 54 56
33 33 68 69
35 35 72 73
34 34 66 67
36 36 70 71
37 37 84 85
39 39 88 89
38 38 82 83
40 40 86 87
49 49 100 101
51 51 104 105
50 50 98 99
52 52 102 103
53 53 -1 121
55 55 116 117
54 54 -1 122
56 56 114 115
-1 137 147 149
-1 147 167 169
-1 149 171 173
-1 138 148 150
-1 148 168 170
-1 150 172 174
129 129 -1 137
130 130 -1 138
-1 167 41 43
-1 169 45 47
-1 168 42 44
-1 170 46 48
-1 171 57 59
-1 173 61 63
-1 172 58 60
-1 174 62 64
41 41 76 77
43 43 80 81
42 42 74 75
44 44 78 79
45 45 92 93
47 47 96 97
46 46 90 91
48 48 94 95
57 57 108 109
59 59 112 113
58 58 106 107
60 60 110 111
61 61 -1 123
63 63 120 65
62 62 -1 124
64 64 118 119
-1 131 127 139
-1 139 151 153
-1 132 128 140
-1 140 152 154
-1 121 127 131
-1 122 128 132
-1 133 129 141
-1 141 155 157
-1 134 130 142
-1 142 156 158
-1 123 129 133
-1 124 130 134
17 17 34 33
18 18 36 35
19 19 38 37
20 20 40 39
21 21 42 41
22 22 44 43
23 23 46 45
24 24 48 47
25 25 50 49
26 26 52 51
27 27 53 54
28 28 56 55
29 29 58 57
30 30 60 59
31 31 61 62
32 32 64 63
-1 65 125 126
-1 125 5 6
-1 126 7 8
2 2 3 4
-1 3 6 5
-1 4 8 7
5 5 9 10
6 6 11 12
7 7 13 14
8 8 15 16
-1 9 17 18
-1 10 21 22
-1 11 19 20
-1 12 23 24
-1 13 25 26
-1 14 29 30
-1 15 27 28
-1 16 31 32
-1 151 17 18
-1 153 19 20
-1 152 21 22
-1 154 23 24
-1 155 25 26
-1 157 27 28
-1 156 29 30
-1 158 31 32
