-1 33 123 125
-1 123 129 131
-1 125 133 135
-1 34 124 126
-1 124 130 132
-1 126 134 136
-1 17 33 59
59 59 65 66
-1 18 34 60
-1 60 128 127
-1 129 141 143
-1 131 145 147
-1 130 142 144
-1 132 146 148
-1 133 149 151
-1 135 140 153
-1 134 150 152
-1 136 154 155
141 141 35 36
143 143 39 40
142 142 37 38
144 144 41 42
145 145 43 44
147 147 47 48
146 146 45 46
148 148 49 50
149 149 51 52
151 151 55 56
150 150 53 54
152 152 57 58
-1 162 171 173
-1 171 177 179
-1 173 176 181
-1 163 172 174
-1 172 178 180
-1 174 183 182
-1 176 140 153
140 140 162 163
153 153 59 164
-1 177 141 143
-1 179 145 147
-1 178 142 144
-1 180 146 148
-1 181 149 151
-1 183 154 155
-1 182 150 152
154 154 61 62
155 155 63 64
35 35 77 78
36 36 75 76
19 19 36 35
37 37 81 82
38 38 79 80
20 20 38 37
39 39 85 86
40 40 83 84
21 21 40 39
41 41 89 90
42 42 87 88
22 22 42 41
43 43 93 94
44 44 91 92
23 23 44 43
45 45 97 98
46 46 95 96
24 24 46 45
47 47 101 102
48 48 99 100
25 25 48 47
49 49 105 106
50 50 103 104
26 26 50 49
51 51 109 110
52 52 107 108
27 27 52 51
53 53 113 114
54 54 111 112
28 28 54 53
55 55 117 118
56 56 115 116
29 29 56 55
57 57 121 122
58 58 119 120
30 30 58 57
-1 164 128 175
128 128 3 139
-1 175 184 185
-1 127 137 138
61 61 69 70
62 62 67 68
63 63 73 74
64 64 71 72
-1 31 62 64
-1 32 61 63
-1 184 186 187
-1 185 158 188
-1 137 156 157
-1 138 158 159
-1 186 165 166
-1 187 167 168
-1 156 165 166
-1 157 167 168
158 158 9 10
-1 188 169 170
-1 159 169 170
165 165 22 21
166 166 20 19
167 167 26 25
168 168 24 23
9 9 31 32
10 10 17 18
169 169 30 29
170 170 28 27
3 3 5 6
-1 139 160 161
2 2 3 4
-1 4 7 8
-1 160 13 14
-1 161 15 16
-1 7 13 14
-1 8 15 16
-1 5 10 11
-1 11 30 28
-1 6 9 12
-1 12 29 27
13 13 22 21
14 14 20 19
15 15 26 25
16 16 24 23
