-1 131 139 141
-1 139 155 157
-1 141 159 161
-1 132 140 142
-1 140 156 158
-1 142 160 162
-1 125 131 135
-1 135 147 149
-1 126 132 136
-1 136 148 150
-1 155 35 37
-1 157 39 41
-1 156 36 38
-1 158 40 42
-1 159 51 53
-1 161 34 55
-1 160 52 54
-1 162 171 56
35 35 68 69
37 37 72 73
36 36 66 67
38 38 70 71
39 39 84 85
41 41 88 89
40 40 82 83
42 42 86 87
51 51 100 101
53 53 104 105
52 52 98 99
54 54 102 103
34 34 125 126
55 55 116 117
-1 171 172 173
56 56 114 115
-1 127 133 134
-1 133 143 144
-1 134 145 146
-1 172 174 175
-1 174 178 179
-1 175 180 181
-1 33 127 128
-1 128 137 138
-1 173 176 177
-1 143 163 164
-1 144 165 166
-1 178 163 164
-1 179 165 166
-1 145 167 168
-1 146 169 170
-1 180 167 168
-1 181 169 170
163 163 43 44
164 164 45 46
165 165 47 48
166 166 49 50
167 167 57 58
168 168 59 60
169 169 61 62
170 170 63 64
17 17 34 33
-1 147 18 19
-1 149 20 21
-1 148 22 23
-1 150 24 25
18 18 36 35
19 19 38 37
22 22 44 43
23 23 46 45
20 20 40 39
21 21 42 41
24 24 48 47
25 25 50 49
-1 137 152 151
-1 138 154 153
-1 176 152 151
-1 177 154 153
152 152 27 30
151 151 26 29
154 154 28 32
153 153 17 31
43 43 76 77
44 44 74 75
45 45 80 81
46 46 78 79
47 47 92 93
48 48 90 91
49 49 96 97
50 50 94 95
26 26 52 51
27 27 54 53
28 28 56 55
57 57 108 109
58 58 106 107
29 29 58 57
59 59 112 113
60 60 110 111
30 30 60 59
61 61 120 121
62 62 118 119
31 31 62 61
63 63 124 65
64 64 122 123
32 32 64 63
-1 65 129 130
-1 129 5 6
-1 130 7 8
2 2 3 4
-1 3 6 5
-1 4 8 7
5 5 9 10
6 6 11 12
7 7 13 14
8 8 15 16
-1 9 18 19
-1 10 22 23
-1 11 20 21
-1 12 24 25
-1 13 26 27
-1 14 29 30
-1 15 17 28
-1 16 31 32
