30 30 -1 49
49 49 -1 69
31 31 -1 50
50 50 -1 70
-1 67 30 49
-1 68 31 50
-1 69 32 51
-1 70 33 52
32 32 -1 51
51 51 -1 71
33 33 -1 52
52 52 -1 71
71 71 55 57
55 55 74 75
57 57 76 77
34 34 55 57
53 53 -1 67
54 54 -1 68
74 74 90 91
75 75 93 94
56 56 74 75
76 76 96 97
77 77 99 100
58 58 76 77
35 35 -1 59
59 59 -1 72
36 36 -1 60
60 60 -1 72
72 72 61 62
37 37 -1 59
38 38 -1 60
61 61 73 85
62 62 81 83
39 39 61 62
40 40 -1 53
41 41 -1 54
42 42 -1 53
43 43 -1 54
73 73 63 64
85 85 95 92
88 88 73 85
81 81 101 98
83 83 88 89
89 89 81 83
63 63 80 82
64 64 84 47
44 44 63 64
80 80 101 98
82 82 88 89
84 84 95 92
47 47 -1 65
45 45 56 58
46 46 56 58
90 90 105 106
91 91 103 104
92 92 91 90
93 93 109 110
94 94 107 108
95 95 94 93
96 96 113 114
97 97 111 112
98 98 97 96
99 99 117 118
100 100 115 116
101 101 100 99
-1 65 78 86
48 48 -1 66
-1 66 79 87
-1 78 42 86
86 86 -1 102
-1 79 43 87
87 87 -1 102
-1 119 80 48
-1 120 82 84
102 102 119 120
