30 30 -1 45
45 45 -1 58
31 31 -1 46
46 46 -1 58
58 58 73 74
32 32 -1 45
33 33 -1 46
73 73 67 69
74 74 62 65
34 34 -1 47
47 47 59 60
35 35 -1 47
59 59 -1 73
60 60 -1 74
36 36 48 49
48 48 -1 59
49 49 -1 60
37 37 48 49
67 67 85 79
69 69 87 89
50 50 67 69
62 62 75 77
65 65 81 83
51 51 62 65
75 75 92 93
92 92 64 61
93 93 66 68
76 76 92 93
61 61 75 77
77 77 94 95
63 63 76 78
78 78 95 94
91 91 76 78
64 64 81 83
52 52 64 61
66 66 85 79
68 68 87 89
53 53 66 68
38 38 52 53
39 39 52 53
81 81 96 97
83 83 98 99
85 85 104 105
79 79 91 106
87 87 100 101
89 89 102 103
94 94 110 111
95 95 108 109
54 54 63 72
72 72 84 82
55 55 63 72
106 106 84 82
80 80 91 106
96 96 122 123
97 97 120 121
82 82 97 96
98 98 126 107
99 99 124 125
84 84 99 98
-1 107 51 50
40 40 51 50
104 104 86 80
105 105 90 88
86 86 104 105
100 100 114 115
101 101 112 113
88 88 101 100
102 102 118 119
103 103 116 117
90 90 103 102
41 41 56 54
56 56 70 71
42 42 56 54
70 70 86 80
71 71 90 88
57 57 70 71
43 43 57 55
44 44 57 55
