30 30 45 47
45 45 59 61
47 47 63 64
31 31 45 47
59 59 75 77
61 61 79 81
46 46 59 61
63 63 84 86
64 64 88 90
48 48 63 64
32 32 46 48
33 33 46 48
75 75 95 96
77 77 97 98
60 60 75 77
79 79 99 100
81 81 101 102
62 62 79 81
84 84 104 105
86 86 103 109
93 93 84 86
88 88 106 110
90 90 107 108
94 94 88 90
49 49 60 62
50 50 60 62
95 95 116 117
96 96 114 115
76 76 96 95
97 97 120 121
98 98 118 119
78 78 98 97
99 99 124 125
100 100 122 123
80 80 100 99
101 101 128 129
102 102 126 127
82 82 102 101
34 34 49 51
51 51 65 67
35 35 49 51
36 36 50 52
52 52 65 67
37 37 50 52
83 83 93 94
103 103 93 94
104 104 132 133
105 105 130 131
85 85 105 104
109 109 112 113
87 87 103 109
106 106 134 135
-1 110 141 140
89 89 106 111
-1 111 141 140
107 107 138 139
108 108 136 137
91 91 108 107
65 65 85 87
67 67 91 89
66 66 85 87
68 68 91 89
53 53 66 68
54 54 66 68
140 140 53 57
57 57 73 74
38 38 53 57
39 39 54 58
58 58 73 74
40 40 54 58
41 41 -1 55
55 55 69 70
42 42 -1 55
69 69 -1 83
70 70 -1 92
92 92 112 113
-1 142 69 71
71 71 -1 83
-1 143 70 72
72 72 -1 92
43 43 -1 56
56 56 71 72
44 44 -1 56
112 112 78 76
113 113 82 80
141 141 142 143
73 73 78 76
74 74 82 80
