30 30 45 47
45 45 59 61
47 47 63 64
31 31 45 47
59 59 75 77
61 61 79 81
46 46 59 61
63 63 84 86
64 64 88 90
48 48 63 64
32 32 46 48
33 33 46 48
75 75 95 96
77 77 97 98
60 60 75 77
79 79 99 100
81 81 101 102
62 62 79 81
84 84 104 105
86 86 103 111
93 93 84 86
88 88 106 109
90 90 107 108
94 94 88 90
49 49 60 62
50 50 60 62
95 95 117 118
96 96 115 116
76 76 96 95
97 97 121 122
98 98 119 120
78 78 98 97
99 99 125 126
100 100 123 124
80 80 100 99
101 101 129 130
102 102 127 128
82 82 102 101
34 34 49 51
51 51 65 67
35 35 49 51
36 36 50 52
52 52 65 67
37 37 50 52
83 83 93 94
103 103 93 94
104 104 133 134
105 105 131 132
85 85 105 104
111 111 112 113
87 87 103 111
106 106 135 136
-1 109 140 141
89 89 106 110
-1 110 140 141
107 107 139 114
108 108 137 138
91 91 108 107
65 65 85 87
67 67 91 89
66 66 85 87
68 68 91 89
53 53 66 68
54 54 66 68
38 38 53 57
57 57 73 74
39 39 53 57
-1 114 54 58
58 58 73 74
40 40 54 58
41 41 -1 55
55 55 69 70
42 42 -1 55
69 69 -1 83
70 70 -1 92
92 92 112 113
140 140 69 70
141 141 71 72
43 43 -1 56
56 56 71 72
44 44 -1 56
71 71 -1 83
72 72 -1 92
112 112 78 76
113 113 82 80
73 73 78 76
74 74 82 80
