30 30 45 47
45 45 61 63
47 47 65 67
31 31 45 47
61 61 81 83
63 63 85 87
46 46 61 63
65 65 89 91
67 67 93 95
48 48 65 67
32 32 46 48
33 33 46 48
81 81 115 113
83 83 105 108
62 62 81 83
85 85 117 119
87 87 121 123
64 64 85 87
89 89 125 127
91 91 109 110
66 66 89 91
93 93 111 112
95 95 129 131
68 68 93 95
49 49 62 64
115 115 136 137
113 113 135 134
82 82 115 113
105 105 98 97
108 108 99 100
84 84 105 108
117 117 138 139
-1 119 140 142
86 86 117 120
-1 120 140 142
121 121 145 146
123 123 147 148
88 88 121 123
-1 245 62 78
78 78 90 92
-1 246 64 80
80 80 94 96
34 34 49 60
60 60 78 80
50 50 66 68
51 51 66 68
125 125 149 150
127 127 151 152
90 90 125 127
109 109 118 144
110 110 126 128
92 92 109 110
111 111 122 124
112 112 130 132
94 94 111 112
129 129 153 154
131 131 155 156
96 96 129 131
35 35 50 54
54 54 73 75
36 36 50 54
37 37 51 55
55 55 73 75
38 38 51 55
69 69 98 97
98 98 70 71
97 97 69 72
72 72 99 100
52 52 69 72
70 70 101 102
71 71 103 104
53 53 70 71
39 39 53 52
40 40 53 52
101 101 118 133
102 102 126 128
106 106 101 102
103 103 122 124
104 104 130 132
107 107 103 104
99 99 116 114
100 100 106 107
116 116 136 137
114 114 135 134
134 134 116 114
135 135 106 107
73 73 84 82
74 74 84 82
118 118 138 139
-1 133 141 143
-1 144 141 143
126 126 149 150
128 128 151 152
122 122 145 146
124 124 147 148
130 130 153 154
132 132 155 156
75 75 86 88
76 76 86 88
56 56 74 76
57 57 74 76
41 41 56 58
58 58 77 79
42 42 56 58
43 43 57 59
59 59 77 79
44 44 57 59
77 77 90 92
79 79 94 96
-1 231 49 245
-1 232 60 246
136 136 157 158
137 137 160 161
138 138 159 162
139 139 168 165
140 140 189 190
142 142 187 191
145 145 163 164
146 146 166 167
147 147 169 170
148 148 172 173
149 149 180 177
150 150 192 188
151 151 175 176
152 152 178 179
153 153 171 174
154 154 186 183
155 155 181 182
156 156 184 185
157 157 195 196
158 158 193 194
159 159 158 157
160 160 199 200
161 161 197 198
162 162 161 160
233 233 159 162
168 168 167 166
165 165 164 163
234 234 168 165
189 189 235 236
190 190 244 240
141 141 189 190
187 187 233 234
191 191 237 238
143 143 187 191
163 163 203 204
164 164 201 202
166 166 207 208
167 167 205 206
169 169 211 212
170 170 209 210
171 171 170 169
172 172 215 216
173 173 213 214
174 174 173 172
180 180 179 178
177 177 176 175
235 235 180 177
192 192 241 242
188 188 239 243
236 236 192 188
175 175 219 220
176 176 217 218
178 178 223 224
179 179 221 222
237 237 171 174
186 186 185 184
183 183 182 181
238 238 186 183
181 181 231 232
182 182 225 226
184 184 229 230
185 185 227 228
239 239 233 234
243 243 237 238
240 240 239 243
241 241 235 236
244 244 241 242
242 242 244 240
