30 30 45 47
45 45 61 63
47 47 65 67
31 31 45 47
61 61 77 79
63 63 81 83
46 46 61 63
65 65 85 86
67 67 87 88
48 48 65 67
32 32 46 48
33 33 46 48
77 77 93 94
79 79 95 96
62 62 77 79
81 81 97 98
83 83 100 101
64 64 81 83
85 85 102 104
86 86 106 108
66 66 85 86
87 87 110 112
88 88 114 116
68 68 87 88
49 49 62 64
50 50 62 64
93 93 123 124
94 94 125 126
78 78 93 94
95 95 128 129
96 96 130 131
80 80 95 96
97 97 133 134
-1 98 135 136
82 82 97 99
-1 99 135 136
100 100 138 139
101 101 140 141
84 84 100 101
34 34 49 51
51 51 66 68
35 35 49 51
36 36 50 52
52 52 66 68
37 37 50 52
102 102 118 119
104 104 120 121
118 118 102 104
106 106 122 127
108 108 132 137
119 119 106 108
110 110 142 143
112 112 144 145
120 120 110 112
114 114 146 147
116 116 148 149
121 121 114 116
69 69 78 80
70 70 78 80
123 123 157 158
124 124 159 160
150 150 123 124
125 125 161 162
126 126 163 164
151 151 125 126
128 128 165 166
129 129 167 168
152 152 128 129
130 130 169 170
131 131 171 172
153 153 130 131
53 53 69 71
71 71 82 84
54 54 69 71
55 55 70 72
72 72 82 84
56 56 70 72
133 133 173 174
134 134 175 176
154 154 133 134
135 135 202 203
136 136 204 205
138 138 178 179
139 139 180 181
155 155 138 139
140 140 182 183
141 141 184 185
156 156 140 141
103 103 118 119
105 105 120 121
122 122 150 151
127 127 152 153
107 107 122 127
132 132 154 177
137 137 155 156
109 109 132 137
89 89 103 105
321 321 103 105
142 142 186 187
143 143 188 189
111 111 142 143
144 144 190 191
145 145 192 193
113 113 144 145
146 146 200 201
147 147 194 195
115 115 146 147
148 148 196 197
149 149 198 199
117 117 148 149
38 38 53 57
57 57 73 75
39 39 53 57
40 40 54 58
58 58 73 75
41 41 54 58
42 42 55 59
59 59 74 76
43 43 56 60
60 60 74 76
44 44 56 60
322 322 150 151
157 157 208 209
158 158 206 207
159 159 212 213
160 160 210 211
161 161 216 217
162 162 214 215
163 163 220 221
164 164 218 219
302 302 322 323
323 323 152 153
165 165 224 225
166 166 222 223
167 167 228 229
168 168 226 227
169 169 232 233
170 170 230 231
171 171 236 237
172 172 234 235
324 324 154 333
-1 333 272 273
-1 177 272 273
173 173 296 297
174 174 294 295
270 270 174 173
175 175 292 293
176 176 290 291
271 271 176 175
202 202 270 271
-1 203 298 299
272 272 202 317
-1 317 298 299
204 204 274 275
205 205 276 277
273 273 204 205
303 303 324 325
325 325 155 156
178 178 240 241
179 179 238 239
180 180 244 245
181 181 242 243
182 182 248 249
183 183 246 247
184 184 252 253
185 185 250 251
73 73 89 90
75 75 91 92
90 90 107 109
74 74 89 90
91 91 111 113
92 92 115 117
76 76 91 92
-1 304 55 314
314 314 -1 329
-1 305 59 315
315 315 -1 330
306 306 321 326
326 326 107 109
327 327 111 113
186 186 288 289
187 187 286 287
274 274 187 186
188 188 284 285
189 189 282 283
275 275 189 188
190 190 256 257
191 191 254 255
276 276 191 190
192 192 260 261
193 193 258 259
277 277 193 192
307 307 327 328
328 328 115 117
-1 200 279 278
-1 201 281 280
194 194 264 265
195 195 262 263
196 196 -1 300
197 197 -1 301
-1 300 314 304
-1 301 315 305
198 198 268 269
199 199 266 267
278 278 306 307
-1 308 322 321
-1 309 323 326
-1 310 324 327
-1 311 325 328
-1 329 306 302
-1 330 307 303
279 279 308 309
-1 312 279 278
280 280 302 303
281 281 310 311
-1 313 281 280
-1 282 158 312
-1 283 157 313
-1 284 160 195
-1 285 159 194
-1 286 162 196
-1 287 161 197
-1 288 164 199
-1 289 163 198
-1 290 166 179
-1 291 165 178
-1 292 168 181
-1 293 167 180
-1 294 170 183
-1 295 169 182
-1 296 172 185
-1 297 171 184
316 316 270 271
298 298 316 320
-1 320 331 332
331 331 316 334
-1 334 331 332
299 299 318 319
318 318 274 275
319 319 276 277
332 332 318 319
