30 30 -1 45
45 45 -1 56
31 31 -1 46
46 46 -1 56
56 56 63 64
32 32 -1 45
33 33 -1 46
63 63 77 78
64 64 84 81
34 34 -1 47
47 47 57 58
35 35 -1 47
57 57 -1 63
58 58 -1 64
36 36 48 49
48 48 -1 57
49 49 -1 58
37 37 48 49
77 77 76 75
78 78 73 74
73 73 77 78
84 84 83 82
81 81 80 79
74 74 84 81
38 38 -1 50
50 50 59 60
39 39 -1 50
59 59 67 68
60 60 71 72
40 40 51 52
51 51 -1 59
52 52 -1 60
41 41 51 52
67 67 75 76
68 68 73 74
71 71 79 80
72 72 82 83
61 61 65 66
65 65 -1 67
66 66 -1 68
75 75 88 89
76 76 86 87
62 62 69 70
69 69 -1 71
70 70 -1 72
79 79 94 85
80 80 92 93
82 82 95 96
83 83 90 91
42 42 -1 53
53 53 61 62
43 43 -1 53
-1 85 54 55
54 54 -1 61
55 55 -1 62
44 44 54 55
-1 95 65 69
-1 96 66 70
