31 31 -1 48
48 48 63 64
32 32 -1 48
33 33 -1 31
34 34 -1 32
63 63 77 78
64 64 79 80
49 49 -1 63
50 50 -1 64
35 35 49 50
77 77 89 90
78 78 91 92
79 79 93 96
80 80 94 95
36 36 51 52
51 51 -1 49
52 52 -1 50
37 37 51 52
53 53 65 66
65 65 -1 77
66 66 -1 78
89 89 101 102
90 90 99 100
91 91 105 106
92 92 103 104
54 54 67 68
67 67 -1 79
68 68 -1 80
93 93 107 108
-1 96 114 112
94 94 111 98
95 95 109 110
38 38 53 54
39 39 53 54
55 55 69 70
69 69 -1 65
70 70 -1 66
56 56 69 70
57 57 71 72
71 71 -1 67
72 72 -1 68
58 58 71 72
73 73 81 82
81 81 -1 90
82 82 -1 89
120 120 81 82
74 74 83 84
83 83 -1 92
84 84 -1 91
121 121 83 84
75 75 85 86
85 85 -1 93
86 86 -1 97
-1 97 114 113
122 122 85 86
114 114 116 117
-1 112 118 119
-1 113 118 119
76 76 87 88
87 87 -1 95
88 88 -1 94
123 123 87 88
-1 98 46 115
40 40 55 57
41 41 55 57
42 42 56 58
43 43 56 58
59 59 74 73
60 60 74 73
44 44 59 61
61 61 76 75
45 45 59 61
46 46 60 62
62 62 76 75
47 47 60 62
118 118 121 120
116 116 121 120
119 119 123 122
117 117 123 122
-1 115 116 117
