31 31 -1 33
33 33 -1 48
32 32 -1 34
34 34 -1 48
48 48 61 62
61 61 73 74
62 62 75 76
35 35 -1 49
49 49 50 51
36 36 -1 49
50 50 -1 61
51 51 -1 62
37 37 50 51
73 73 90 93
74 74 96 81
75 75 100 103
76 76 89 99
63 63 64 65
64 64 -1 73
65 65 -1 74
52 52 64 65
90 90 91 92
93 93 94 95
85 85 90 93
96 96 97 98
81 81 -1 106
86 86 96 108
108 108 -1 131
66 66 67 68
67 67 -1 75
68 68 -1 76
53 53 67 68
100 100 101 102
103 103 104 105
87 87 100 103
89 89 85 86
99 99 87 88
88 88 89 99
38 38 -1 54
54 54 63 66
39 39 -1 54
40 40 55 56
55 55 -1 63
56 56 -1 66
41 41 55 56
42 42 52 53
43 43 52 53
77 77 85 86
91 91 123 124
92 92 121 122
78 78 92 91
94 94 119 120
95 95 117 118
79 79 95 94
97 97 127 107
98 98 125 126
80 80 98 97
-1 106 129 128
-1 131 129 137
69 69 77 82
82 82 87 88
140 140 77 82
101 101 115 116
102 102 113 114
83 83 102 101
104 104 111 112
105 105 109 110
84 84 105 104
44 44 57 59
57 57 70 69
59 59 71 72
45 45 57 59
70 70 84 83
58 58 70 69
71 71 79 78
72 72 80 81
60 60 71 72
46 46 58 60
47 47 58 60
141 141 84 83
142 142 79 78
143 143 80 108
135 135 141 140
-1 138 141 142
-1 139 140 143
-1 130 135 136
136 136 142 143
128 128 -1 132
132 132 138 139
137 137 -1 132
-1 133 135 128
-1 134 136 137
129 129 133 134
-1 107 46 130
