31 31 -1 33
33 33 -1 48
32 32 -1 34
34 34 -1 48
48 48 61 62
61 61 73 74
62 62 75 76
35 35 -1 49
49 49 50 51
36 36 -1 49
50 50 -1 61
51 51 -1 62
37 37 50 51
73 73 90 93
74 74 96 99
75 75 102 105
76 76 89 101
63 63 64 65
64 64 -1 73
65 65 -1 74
52 52 64 65
90 90 91 92
93 93 94 95
85 85 90 93
96 96 97 98
99 99 100 131
86 86 96 99
66 66 67 68
67 67 -1 75
68 68 -1 76
53 53 67 68
102 102 103 104
105 105 106 107
87 87 102 105
89 89 85 86
101 101 87 88
88 88 89 101
38 38 -1 54
54 54 63 66
39 39 -1 54
40 40 55 56
55 55 -1 63
56 56 -1 66
41 41 55 56
42 42 52 53
43 43 52 53
77 77 85 86
91 91 124 125
92 92 122 123
78 78 92 91
94 94 120 121
95 95 118 119
79 79 95 94
97 97 -1 109
98 98 128 129
80 80 98 97
100 100 126 127
-1 131 132 130
81 81 100 108
-1 108 132 130
69 69 77 82
82 82 87 88
140 140 77 82
103 103 116 117
104 104 114 115
83 83 104 103
106 106 112 113
107 107 110 111
84 84 107 106
44 44 57 59
57 57 70 69
59 59 71 72
45 45 57 59
70 70 84 83
58 58 70 69
71 71 79 78
72 72 81 80
60 60 71 72
46 46 58 60
47 47 58 60
141 141 84 83
142 142 79 78
143 143 81 80
134 134 141 140
-1 137 141 142
-1 138 140 143
130 130 134 135
135 135 142 143
-1 139 134 135
132 132 137 138
-1 109 133 136
133 133 -1 139
-1 136 133 46
