31 31 -1 47
47 47 -1 62
32 32 -1 48
48 48 -1 62
62 62 75 76
-1 97 146 47
146 146 79 80
-1 98 146 48
75 75 100 101
76 76 102 103
33 33 -1 49
49 49 63 64
34 34 -1 49
63 63 -1 75
64 64 -1 76
-1 144 63 81
81 81 -1 102
-1 145 64 82
82 82 -1 103
100 100 83 85
101 101 87 89
102 102 77 91
103 103 93 95
77 77 99 97
99 99 144 145
78 78 99 98
79 79 -1 100
80 80 -1 101
65 65 79 80
66 66 81 82
83 83 104 105
85 85 106 107
67 67 83 85
87 87 108 109
89 89 110 111
68 68 87 89
91 91 112 113
69 69 77 91
93 93 114 117
95 95 115 116
70 70 93 95
35 35 50 51
50 50 -1 65
51 51 -1 66
36 36 50 51
37 37 52 53
52 52 -1 65
53 53 -1 66
38 38 52 53
54 54 67 68
55 55 67 68
104 104 122 123
105 105 120 121
84 84 105 104
106 106 126 127
107 107 124 125
86 86 107 106
108 108 130 131
109 109 128 129
88 88 109 108
110 110 134 135
111 111 132 133
90 90 111 110
39 39 54 56
56 56 69 70
40 40 54 56
41 41 55 57
57 57 69 70
42 42 55 57
112 112 138 139
113 113 136 137
92 92 113 112
114 114 140 141
-1 117 147 148
94 94 114 118
-1 118 147 148
115 115 -1 119
116 116 142 143
96 96 116 115
71 71 84 86
156 156 84 86
58 58 71 72
72 72 88 90
59 59 71 72
150 150 156 157
157 157 88 90
73 73 78 92
158 158 78 92
60 60 73 74
74 74 94 96
61 61 73 74
151 151 158 159
159 159 94 96
147 147 153 154
148 148 150 151
-1 119 149 152
43 43 58 60
44 44 58 60
45 45 59 61
46 46 59 61
-1 153 156 158
-1 154 157 159
-1 155 150 151
149 149 -1 155
-1 152 149 45
