31 31 47 49
47 47 63 65
49 49 67 69
32 32 47 49
63 63 79 81
65 65 83 85
48 48 63 65
67 67 87 88
69 69 89 90
50 50 67 69
33 33 48 50
34 34 48 50
79 79 95 96
81 81 97 98
64 64 79 81
83 83 99 118
85 85 100 101
66 66 83 85
87 87 102 104
88 88 106 108
68 68 87 88
89 89 110 112
90 90 114 116
70 70 89 90
51 51 64 66
52 52 64 66
95 95 125 126
96 96 127 128
80 80 95 96
97 97 130 131
98 98 132 133
82 82 97 98
99 99 135 136
-1 118 150 151
84 84 99 119
-1 119 150 151
100 100 138 139
101 101 140 141
86 86 100 101
35 35 51 53
53 53 68 70
36 36 51 53
37 37 52 54
54 54 68 70
38 38 52 54
102 102 120 121
104 104 122 123
120 120 102 104
106 106 124 129
108 108 134 137
121 121 106 108
110 110 142 143
112 112 144 145
122 122 110 112
114 114 146 147
116 116 148 149
123 123 114 116
71 71 80 82
72 72 80 82
125 125 160 161
126 126 162 163
152 152 125 126
127 127 164 165
128 128 166 167
153 153 127 128
130 130 168 169
131 131 170 171
154 154 130 131
132 132 172 173
133 133 174 175
155 155 132 133
55 55 71 73
73 73 84 86
56 56 71 73
57 57 72 74
74 74 84 86
58 58 72 74
135 135 176 177
136 136 178 179
156 156 135 136
150 150 204 207
151 151 205 206
138 138 180 181
139 139 182 183
157 157 138 139
140 140 184 185
141 141 186 187
158 158 140 141
103 103 120 121
105 105 122 123
124 124 152 153
129 129 154 155
107 107 124 129
134 134 156 159
137 137 157 158
109 109 134 137
91 91 103 105
305 305 103 105
142 142 188 189
143 143 190 191
111 111 142 143
144 144 192 193
145 145 194 195
113 113 144 145
146 146 196 197
147 147 198 199
115 115 146 147
148 148 200 201
149 149 202 203
117 117 148 149
39 39 55 59
59 59 75 77
40 40 55 59
41 41 56 60
60 60 75 77
42 42 56 60
43 43 57 61
61 61 76 78
44 44 57 61
45 45 58 62
62 62 76 78
46 46 58 62
306 306 152 153
160 160 217 218
161 161 215 216
162 162 221 222
163 163 219 220
164 164 225 226
165 165 223 224
166 166 229 230
167 167 227 228
331 331 306 307
307 307 154 155
168 168 233 234
169 169 231 232
170 170 237 238
171 171 235 236
172 172 241 242
173 173 239 240
174 174 245 246
175 175 243 244
308 308 156 324
-1 324 209 210
-1 159 209 210
176 176 292 293
177 177 290 291
294 294 177 176
178 178 288 289
179 179 286 287
295 295 179 178
204 204 294 295
-1 207 302 303
209 209 204 313
-1 313 302 303
205 205 296 297
206 206 298 299
210 210 205 206
332 332 308 309
309 309 157 158
180 180 249 250
181 181 247 248
182 182 253 254
183 183 251 252
184 184 257 258
185 185 255 256
186 186 261 262
187 187 259 260
75 75 91 92
77 77 93 94
92 92 107 109
76 76 91 92
93 93 111 113
94 94 115 117
78 78 93 94
333 333 305 310
310 310 107 109
311 311 111 113
188 188 284 285
189 189 282 283
296 296 189 188
190 190 280 281
191 191 278 279
297 297 191 190
192 192 265 266
193 193 263 264
298 298 193 192
194 194 269 270
195 195 267 268
299 299 195 194
334 334 311 312
312 312 115 117
196 196 274 275
197 197 276 277
198 198 213 214
199 199 211 212
200 200 -1 300
201 201 -1 301
-1 300 315 317
-1 301 316 314
202 202 273 208
203 203 271 272
322 322 333 334
-1 274 306 305
-1 275 307 310
-1 276 308 311
-1 277 309 312
-1 327 333 331
-1 328 334 332
314 314 322 323
323 323 331 332
-1 304 322 323
315 315 -1 327
316 316 -1 328
-1 278 161 197
-1 279 160 196
-1 280 163 199
-1 281 162 198
-1 282 165 200
-1 283 164 201
-1 284 167 203
-1 285 166 202
-1 286 169 181
-1 287 168 180
-1 288 171 183
-1 289 170 182
-1 290 173 185
-1 291 172 184
-1 292 175 187
-1 293 174 186
318 318 294 295
302 302 318 321
-1 321 329 330
329 329 318 335
-1 335 329 330
303 303 319 320
319 319 296 297
320 320 298 299
330 330 319 320
317 317 325 326
-1 208 45 304
-1 325 315 317
-1 326 316 314
