32 32 -1 48
48 48 63 64
33 33 -1 48
63 63 75 76
64 64 77 78
34 34 49 50
49 49 -1 63
50 50 -1 64
35 35 49 50
75 75 85 87
76 76 90 89
77 77 94 96
78 78 83 92
51 51 65 66
65 65 -1 75
66 66 -1 76
52 52 65 66
85 85 102 103
87 87 104 105
98 98 85 87
90 90 106 107
89 89 -1 110
99 99 90 116
116 116 -1 149
53 53 67 68
67 67 -1 77
68 68 -1 78
54 54 67 68
94 94 108 109
-1 96 111 113
100 100 94 132
-1 132 111 113
83 83 98 99
92 92 100 101
101 101 83 92
36 36 51 53
37 37 51 53
38 38 52 54
39 39 52 54
84 84 98 99
102 102 119 120
103 103 117 118
86 86 103 102
104 104 123 124
105 105 121 122
88 88 105 104
-1 110 138 137
-1 149 156 155
106 106 127 128
107 107 125 126
91 91 107 106
79 79 84 93
93 93 100 101
108 108 131 115
109 109 129 130
95 95 109 108
111 111 135 134
113 113 133 136
69 69 79 82
82 82 95 97
133 133 141 142
141 141 -1 84
142 142 -1 93
152 152 141 142
80 80 86 88
70 70 80 81
81 81 91 89
134 134 143 144
143 143 -1 86
144 144 -1 88
139 139 143 144
-1 138 150 137
137 137 -1 151
-1 156 150 155
155 155 -1 151
135 135 145 146
145 145 -1 91
146 146 -1 116
153 153 145 146
-1 97 112 114
-1 115 139 140
112 112 135 134
136 136 147 148
114 114 133 136
147 147 -1 95
148 148 -1 154
-1 154 112 114
140 140 147 148
55 55 71 72
71 71 -1 79
72 72 -1 82
56 56 71 72
40 40 57 58
57 57 -1 69
58 58 -1 70
41 41 57 58
42 42 59 60
59 59 -1 69
60 60 -1 70
43 43 59 60
61 61 73 74
73 73 -1 80
74 74 -1 81
62 62 73 74
44 44 61 55
45 45 61 55
46 46 62 56
47 47 62 56
-1 157 153 152
-1 158 139 140
150 150 153 152
151 151 157 158
