32 32 -1 48
48 48 -1 63
33 33 -1 49
49 49 -1 63
63 63 76 77
-1 98 148 48
148 148 80 81
-1 99 148 49
76 76 101 102
77 77 103 104
34 34 -1 50
50 50 64 65
35 35 -1 50
64 64 -1 76
65 65 -1 77
-1 146 64 82
82 82 -1 103
-1 147 65 83
83 83 -1 104
101 101 84 86
102 102 88 90
103 103 78 92
104 104 94 96
78 78 100 98
100 100 146 147
79 79 100 99
80 80 -1 101
81 81 -1 102
66 66 80 81
67 67 82 83
84 84 105 106
86 86 107 108
68 68 84 86
88 88 109 110
90 90 111 112
69 69 88 90
92 92 113 114
70 70 78 92
94 94 115 118
96 96 116 117
71 71 94 96
36 36 51 52
51 51 -1 66
52 52 -1 67
37 37 51 52
38 38 53 54
53 53 -1 66
54 54 -1 67
39 39 53 54
55 55 68 69
56 56 68 69
105 105 123 124
106 106 121 122
85 85 106 105
107 107 127 128
108 108 125 126
87 87 108 107
109 109 131 132
110 110 129 130
89 89 110 109
111 111 135 136
112 112 133 134
91 91 112 111
40 40 55 57
57 57 70 71
41 41 55 57
42 42 56 58
58 58 70 71
43 43 56 58
113 113 139 140
114 114 137 138
93 93 114 113
115 115 141 142
-1 118 149 150
95 95 115 119
-1 119 149 150
116 116 145 120
117 117 143 144
97 97 117 116
72 72 85 87
151 151 85 87
59 59 72 73
73 73 89 91
60 60 72 73
152 152 89 91
74 74 79 93
153 153 79 93
61 61 74 75
75 75 95 97
62 62 74 75
154 154 95 97
149 149 155 156
150 150 151 153
-1 120 152 154
44 44 59 61
45 45 59 61
46 46 60 62
47 47 60 62
-1 155 151 153
-1 156 152 154
