32 32 -1 34
34 34 -1 49
33 33 -1 35
35 35 -1 49
49 49 62 63
62 62 74 75
63 63 76 77
36 36 -1 50
50 50 51 52
37 37 -1 50
51 51 -1 62
52 52 -1 63
38 38 51 52
74 74 91 94
75 75 97 100
76 76 103 106
77 77 90 102
64 64 65 66
65 65 -1 74
66 66 -1 75
53 53 65 66
91 91 92 93
94 94 95 96
86 86 91 94
97 97 98 99
100 100 101 133
87 87 97 100
67 67 68 69
68 68 -1 76
69 69 -1 77
54 54 68 69
103 103 104 105
106 106 107 108
88 88 103 106
90 90 86 87
102 102 88 89
89 89 90 102
39 39 -1 55
55 55 64 67
40 40 -1 55
41 41 56 57
56 56 -1 64
57 57 -1 67
42 42 56 57
43 43 53 54
44 44 53 54
78 78 86 87
92 92 125 126
93 93 123 124
79 79 93 92
95 95 121 122
96 96 119 120
80 80 96 95
98 98 131 110
99 99 129 130
81 81 99 98
101 101 127 128
-1 133 134 132
82 82 101 109
-1 109 134 132
70 70 78 83
83 83 88 89
135 135 78 83
104 104 117 118
105 105 115 116
84 84 105 104
107 107 113 114
108 108 111 112
85 85 108 107
45 45 58 60
58 58 71 70
60 60 72 73
46 46 58 60
71 71 85 84
59 59 71 70
72 72 80 79
73 73 82 81
61 61 72 73
47 47 59 61
48 48 59 61
136 136 85 84
137 137 80 79
138 138 82 81
-1 139 136 137
-1 140 135 138
132 132 136 137
-1 110 135 138
134 134 139 140
