32 32 48 50
48 48 64 66
50 50 68 70
33 33 48 50
64 64 84 86
66 66 88 90
49 49 64 66
68 68 92 94
70 70 96 98
51 51 68 70
34 34 49 51
35 35 49 51
84 84 100 101
86 86 102 103
65 65 84 86
88 88 104 105
90 90 106 107
67 67 88 90
92 92 108 109
94 94 110 111
69 69 92 94
96 96 112 113
98 98 114 115
71 71 96 98
52 52 65 67
100 100 118 119
101 101 116 117
85 85 101 100
102 102 122 123
103 103 120 121
87 87 103 102
104 104 126 127
105 105 124 125
89 89 105 104
106 106 130 131
107 107 128 129
91 91 107 106
-1 146 65 69
-1 147 67 71
36 36 52 53
53 53 69 71
37 37 52 53
108 108 146 147
109 109 132 133
93 93 109 108
110 110 136 137
111 111 134 135
95 95 111 110
112 112 140 141
113 113 138 139
97 97 113 112
114 114 144 145
115 115 142 143
99 99 115 114
38 38 54 56
54 54 72 74
56 56 76 78
39 39 54 56
72 72 87 85
74 74 99 97
55 55 72 74
76 76 91 89
78 78 95 93
57 57 76 78
40 40 55 57
41 41 55 57
73 73 87 85
75 75 99 97
77 77 91 89
79 79 95 93
58 58 73 75
42 42 58 61
61 61 77 79
43 43 58 61
59 59 80 81
80 80 -1 73
81 81 -1 75
60 60 80 81
62 62 82 83
82 82 -1 77
83 83 -1 79
63 63 82 83
44 44 59 62
45 45 59 62
46 46 60 63
47 47 60 63
