32 32 48 50
48 48 64 66
50 50 68 70
33 33 48 50
64 64 84 86
66 66 88 90
49 49 64 66
68 68 92 94
70 70 96 98
51 51 68 70
34 34 49 51
35 35 49 51
84 84 118 116
86 86 108 111
65 65 84 86
88 88 120 122
90 90 124 126
67 67 88 90
92 92 128 130
94 94 112 113
69 69 92 94
96 96 114 115
98 98 132 134
71 71 96 98
52 52 65 67
118 118 140 141
116 116 138 137
85 85 118 116
108 108 101 100
111 111 102 103
87 87 108 111
120 120 142 143
-1 122 144 146
89 89 120 123
-1 123 144 146
124 124 149 150
126 126 151 152
91 91 124 126
-1 234 65 81
81 81 93 95
-1 235 67 83
83 83 97 99
36 36 52 63
63 63 81 83
37 37 52 63
53 53 69 71
54 54 69 71
128 128 153 154
130 130 155 156
93 93 128 130
112 112 121 148
113 113 129 131
95 95 112 113
114 114 125 127
115 115 133 135
97 97 114 115
132 132 157 158
134 134 139 159
99 99 132 134
38 38 53 57
57 57 76 78
39 39 53 57
40 40 54 58
58 58 76 78
41 41 54 58
72 72 101 100
101 101 73 74
100 100 72 75
75 75 102 103
55 55 72 75
73 73 104 105
74 74 106 107
56 56 73 74
42 42 56 55
43 43 56 55
104 104 121 136
105 105 129 131
109 109 104 105
106 106 125 127
107 107 133 135
110 110 106 107
102 102 119 117
103 103 109 110
119 119 140 141
117 117 138 137
137 137 119 117
138 138 109 110
76 76 87 85
77 77 87 85
121 121 142 143
-1 136 145 147
-1 148 145 147
129 129 153 154
131 131 155 156
125 125 149 150
127 127 151 152
133 133 157 158
135 135 139 159
78 78 89 91
79 79 89 91
59 59 77 79
60 60 77 79
44 44 59 61
61 61 80 82
45 45 59 61
46 46 60 62
62 62 80 82
47 47 60 62
80 80 93 95
82 82 97 99
139 139 160 161
160 160 234 235
161 161 228 229
162 162 161 160
140 140 163 164
141 141 166 167
142 142 165 168
143 143 174 171
144 144 192 193
146 146 190 194
149 149 169 170
150 150 172 173
151 151 175 176
152 152 178 179
153 153 186 183
154 154 195 191
155 155 181 182
156 156 184 185
157 157 177 180
158 158 189 162
159 159 187 188
163 163 198 199
164 164 196 197
165 165 164 163
166 166 202 203
167 167 200 201
168 168 167 166
236 236 165 168
174 174 173 172
171 171 170 169
237 237 174 171
192 192 238 239
193 193 247 243
145 145 192 193
190 190 236 237
194 194 240 241
147 147 190 194
169 169 206 207
170 170 204 205
172 172 210 211
173 173 208 209
175 175 214 215
176 176 212 213
177 177 176 175
178 178 218 219
179 179 216 217
180 180 179 178
186 186 185 184
183 183 182 181
238 238 186 183
195 195 244 245
191 191 242 246
239 239 195 191
181 181 222 223
182 182 220 221
184 184 226 227
185 185 224 225
240 240 177 180
189 189 188 187
241 241 189 162
187 187 232 233
188 188 230 231
242 242 236 237
246 246 240 241
243 243 242 246
244 244 238 239
247 247 244 245
245 245 247 243
