32 32 48 49
48 48 71 72
49 49 74 76
33 33 48 49
71 71 96 97
72 72 105 107
96 96 71 72
74 74 104 109
76 76 111 113
97 97 74 76
68 68 50 52
50 50 68 73
52 52 75 77
34 34 50 52
73 73 105 107
51 51 68 73
75 75 104 109
77 77 111 113
53 53 75 77
35 35 51 53
36 36 51 53
37 37 54 56
54 54 82 80
56 56 69 78
38 38 54 56
82 82 114 125
80 80 110 112
55 55 82 80
69 69 55 57
78 78 106 108
57 57 69 78
39 39 58 59
58 58 83 81
59 59 79 85
40 40 58 59
83 83 114 125
81 81 110 112
98 98 83 81
79 79 106 108
85 85 99 98
99 99 79 85
41 41 55 57
42 42 60 61
60 60 86 87
61 61 89 91
43 43 60 61
86 86 100 101
87 87 117 123
100 100 86 87
89 89 126 121
91 91 115 119
101 101 89 91
70 70 62 64
62 62 70 88
64 64 90 92
44 44 62 64
88 88 117 123
63 63 70 88
90 90 126 121
92 92 115 119
65 65 90 92
45 45 63 65
46 46 63 65
-1 175 66 67
66 66 95 94
67 67 84 93
47 47 66 67
95 95 120 127
94 94 122 116
102 102 95 94
84 84 102 103
93 93 118 124
103 103 84 93
104 104 96 97
105 105 128 130
107 107 132 134
109 109 136 138
111 111 140 142
113 113 144 146
128 128 150 151
130 130 152 153
106 106 128 130
132 132 154 155
134 134 156 169
108 108 132 134
136 136 157 158
138 138 159 160
110 110 136 138
140 140 161 162
142 142 163 164
112 112 140 142
144 144 165 166
146 146 167 168
114 114 144 146
150 150 202 203
151 151 200 201
129 129 151 150
152 152 206 207
153 153 204 205
131 131 153 152
154 154 210 211
155 155 208 209
133 133 155 154
156 156 212 175
-1 169 213 214
135 135 156 170
-1 170 213 215
157 157 178 179
158 158 176 177
137 137 158 157
159 159 182 183
160 160 180 181
139 139 160 159
161 161 186 187
162 162 184 185
141 141 162 161
163 163 190 191
164 164 188 189
143 143 164 163
125 125 99 98
165 165 194 195
166 166 192 193
145 145 166 165
167 167 198 199
168 168 196 197
147 147 168 167
115 115 137 133
116 116 137 133
117 117 139 135
118 118 139 135
119 119 141 143
120 120 141 143
121 121 145 131
122 122 145 131
123 123 147 129
124 124 147 129
213 213 102 103
-1 214 217 216
-1 215 217 216
217 217 171 174
216 216 173 172
126 126 100 101
171 171 118 124
172 172 122 116
127 127 149 148
173 173 120 127
148 148 173 172
149 149 171 174
174 174 149 148
