32 32 48 50
48 48 64 66
50 50 68 69
33 33 48 50
64 64 80 82
66 66 84 86
49 49 64 66
68 68 88 90
69 69 92 93
51 51 68 69
34 34 49 51
35 35 49 51
80 80 104 105
82 82 106 107
65 65 80 82
84 84 115 117
86 86 119 121
67 67 84 86
88 88 123 125
90 90 127 129
104 104 88 90
92 92 131 133
93 93 135 112
105 105 92 93
52 52 65 67
53 53 65 67
81 81 104 105
106 106 81 83
107 107 85 87
83 83 106 107
115 115 145 146
117 117 147 148
85 85 115 117
119 119 149 150
121 121 151 152
87 87 119 121
36 36 52 54
54 54 71 73
37 37 52 54
38 38 53 55
55 55 71 73
39 39 53 55
123 123 153 154
125 125 155 156
89 89 123 125
127 127 157 158
129 129 159 160
91 91 127 129
131 131 161 162
133 133 163 164
137 137 131 133
135 135 165 166
-1 112 142 143
138 138 135 215
-1 215 142 143
70 70 81 83
71 71 89 91
73 73 94 96
72 72 89 91
94 94 132 134
96 96 136 110
74 74 94 96
56 56 72 74
57 57 72 74
132 132 162 161
134 134 164 163
95 95 132 134
136 136 165 167
-1 110 139 144
97 97 136 111
-1 111 139 144
40 40 56 58
58 58 70 75
41 41 56 58
42 42 57 59
59 59 70 75
43 43 57 59
75 75 85 87
44 44 60 62
60 60 76 77
62 62 78 79
45 45 60 62
76 76 95 97
77 77 98 99
61 61 76 77
78 78 101 102
79 79 100 103
63 63 78 79
46 46 61 63
47 47 61 63
169 169 95 97
98 98 120 122
99 99 128 130
170 170 98 99
101 101 116 118
102 102 124 126
108 108 101 102
100 100 108 109
103 103 113 114
109 109 100 103
139 139 169 170
120 120 150 149
122 122 152 151
140 140 120 122
128 128 158 157
130 130 160 159
141 141 128 130
-1 168 169 172
172 172 222 223
144 144 216 214
221 221 108 109
116 116 146 145
118 118 148 147
222 222 116 118
124 124 154 153
126 126 156 155
223 223 124 126
113 113 137 138
114 114 140 141
224 224 113 114
171 171 221 224
214 214 221 224
-1 166 219 170
-1 219 217 216
-1 167 220 171
-1 220 218 214
142 142 172 171
143 143 217 218
216 216 222 223
217 217 137 138
218 218 140 141
145 145 175 176
146 146 173 174
147 147 179 180
148 148 177 178
149 149 183 184
150 150 181 182
151 151 187 188
152 152 185 186
153 153 191 192
154 154 189 190
155 155 195 196
156 156 193 194
157 157 199 200
158 158 197 198
159 159 203 204
160 160 201 202
161 161 207 208
162 162 205 206
163 163 211 212
164 164 209 210
165 165 213 168
