32 32 48 50
48 48 64 66
50 50 68 70
33 33 48 50
64 64 80 82
66 66 84 86
49 49 64 66
68 68 88 90
70 70 92 94
51 51 68 70
34 34 49 51
35 35 49 51
80 80 98 99
82 82 100 101
65 65 80 82
84 84 102 103
86 86 104 105
67 67 84 86
88 88 106 107
-1 90 108 110
69 69 88 91
-1 91 108 110
92 92 112 113
94 94 114 115
71 71 92 94
52 52 65 67
53 53 65 67
98 98 116 117
99 99 118 119
81 81 98 99
100 100 120 121
101 101 122 123
83 83 100 101
102 102 124 125
103 103 126 127
85 85 102 103
104 104 128 129
105 105 130 131
87 87 104 105
36 36 52 54
54 54 69 71
37 37 52 54
38 38 53 55
55 55 69 71
39 39 53 55
106 106 132 133
107 107 134 135
89 89 106 107
108 108 144 145
110 110 146 147
112 112 136 137
113 113 138 139
93 93 112 113
114 114 140 141
115 115 142 143
95 95 114 115
72 72 81 83
73 73 81 83
116 116 150 151
117 117 148 149
118 118 154 155
119 119 152 153
120 120 158 159
121 121 156 157
122 122 162 163
123 123 160 161
56 56 72 74
74 74 85 87
57 57 72 74
58 58 73 75
75 75 85 87
59 59 73 75
124 124 166 167
125 125 164 165
126 126 170 171
127 127 168 169
128 128 174 175
129 129 172 173
130 130 178 179
131 131 176 177
76 76 89 96
-1 96 109 111
77 77 89 97
-1 97 109 111
132 132 182 183
133 133 180 181
134 134 186 187
135 135 184 185
144 144 204 205
145 145 206 207
109 109 144 145
146 146 208 209
147 147 210 211
111 111 146 147
60 60 76 78
78 78 93 95
61 61 76 78
62 62 77 79
79 79 93 95
63 63 77 79
136 136 190 191
137 137 188 189
138 138 194 195
139 139 192 193
140 140 198 199
141 141 196 197
142 142 202 203
143 143 200 201
40 40 56 60
41 41 56 60
42 42 57 61
43 43 57 61
44 44 58 62
45 45 58 62
46 46 59 63
47 47 59 63
-1 212 117 137
-1 213 116 136
-1 214 119 139
-1 215 118 138
-1 216 121 141
-1 217 120 140
-1 218 123 143
-1 219 122 142
-1 220 125 230
-1 230 205 209
-1 221 124 231
-1 231 204 208
-1 222 127 228
-1 228 207 211
-1 223 126 229
-1 229 206 210
-1 224 129 133
-1 225 128 132
-1 226 131 135
-1 227 130 134
204 204 218 219
205 205 216 217
206 206 214 215
207 207 212 213
208 208 226 227
209 209 224 225
210 210 222 223
211 211 220 221
