33 33 -1 61
61 61 -1 63
34 34 -1 62
62 62 -1 64
63 63 -1 80
64 64 -1 73
-1 74 61 65
65 65 -1 67
-1 75 62 66
66 66 -1 68
-1 73 58 81
35 35 -1 65
36 36 -1 66
67 67 -1 74
68 68 -1 75
37 37 -1 63
38 38 -1 64
39 39 -1 67
40 40 -1 68
41 41 -1 43
43 43 -1 69
42 42 -1 44
44 44 -1 70
69 69 -1 76
70 70 -1 77
-1 76 50 54
-1 77 51 55
45 45 -1 47
47 47 -1 71
46 46 -1 48
48 48 -1 72
71 71 -1 78
72 72 -1 79
-1 78 52 56
-1 79 53 57
49 49 -1 69
58 58 -1 70
50 50 -1 37
54 54 -1 49
51 51 -1 38
55 55 -1 58
59 59 -1 71
60 60 -1 72
52 52 -1 39
56 56 -1 59
53 53 -1 40
57 57 -1 60
-1 81 60 59
