33 33 -1 51
51 51 68 69
34 34 -1 51
35 35 -1 33
36 36 -1 34
68 68 86 87
69 69 88 89
52 52 -1 68
53 53 -1 69
37 37 52 53
86 86 98 99
87 87 100 101
88 88 102 105
89 89 103 104
38 38 54 55
54 54 -1 52
55 55 -1 53
39 39 54 55
56 56 70 71
70 70 -1 86
71 71 -1 87
98 98 110 111
99 99 108 109
100 100 114 115
101 101 112 113
57 57 72 73
72 72 -1 88
73 73 -1 89
102 102 116 117
-1 105 121 122
103 103 120 107
104 104 118 119
40 40 56 57
41 41 56 57
58 58 74 75
74 74 -1 70
75 75 -1 71
59 59 74 75
60 60 76 77
76 76 -1 72
77 77 -1 73
61 61 76 77
78 78 90 91
90 90 -1 99
91 91 -1 98
79 79 90 91
80 80 92 93
92 92 -1 101
93 93 -1 100
81 81 92 93
82 82 94 95
94 94 -1 102
95 95 -1 106
-1 106 121 122
83 83 94 95
121 121 81 79
122 122 85 83
84 84 96 97
96 96 -1 104
97 97 -1 103
85 85 96 97
-1 107 50 123
42 42 58 60
43 43 58 60
44 44 59 61
45 45 59 61
62 62 80 78
63 63 80 78
46 46 62 65
65 65 84 82
47 47 62 65
48 48 63 66
66 66 84 82
49 49 63 66
64 64 81 79
-1 123 64 67
67 67 85 83
50 50 64 67
