33 33 50 52
50 50 68 70
52 52 72 74
34 34 50 52
68 68 92 94
70 70 96 98
51 51 68 70
72 72 100 102
74 74 104 106
53 53 72 74
35 35 51 53
36 36 51 53
92 92 108 109
94 94 110 111
69 69 92 94
96 96 112 113
98 98 114 115
71 71 96 98
100 100 116 117
102 102 118 119
73 73 100 102
104 104 120 121
106 106 122 123
75 75 104 106
54 54 69 71
108 108 127 128
109 109 125 126
93 93 109 108
110 110 131 132
111 111 129 130
95 95 111 110
112 112 153 154
113 113 133 134
97 97 113 112
114 114 137 138
115 115 135 136
99 99 115 114
-1 153 69 73
-1 154 71 75
-1 157 54 55
55 55 73 75
37 37 54 55
116 116 141 142
117 117 139 140
101 101 117 116
118 118 145 146
119 119 143 144
103 103 119 118
120 120 149 150
121 121 147 148
105 105 121 120
122 122 -1 124
123 123 151 152
107 107 123 122
38 38 56 57
56 56 78 80
57 57 84 86
39 39 56 57
78 78 107 105
80 80 103 101
84 84 95 93
86 86 99 97
58 58 76 77
76 76 -1 78
77 77 -1 80
79 79 107 105
81 81 103 101
59 59 82 83
82 82 -1 84
83 83 -1 86
85 85 95 93
87 87 99 97
40 40 58 59
41 41 58 59
60 60 88 89
88 88 -1 76
89 89 -1 77
61 61 88 89
62 62 90 91
90 90 -1 82
91 91 -1 83
63 63 90 91
64 64 79 81
65 65 79 81
42 42 64 66
66 66 85 87
43 43 64 66
44 44 65 67
67 67 85 87
45 45 65 67
46 46 60 62
47 47 60 62
48 48 61 63
49 49 61 63
-1 124 155 156
155 155 -1 157
-1 156 155 37
