33 33 50 52
50 50 68 70
52 52 72 73
34 34 50 52
68 68 88 90
70 70 92 94
51 51 68 70
72 72 96 98
73 73 100 101
53 53 72 73
35 35 51 53
36 36 51 53
88 88 116 117
90 90 118 119
69 69 88 90
92 92 129 131
94 94 133 135
71 71 92 94
96 96 137 139
98 98 141 143
116 116 96 98
100 100 145 147
101 101 127 124
117 117 100 101
54 54 69 71
55 55 69 71
89 89 116 117
118 118 89 91
119 119 93 95
91 91 118 119
129 129 159 160
131 131 161 162
93 93 129 131
133 133 163 164
135 135 165 166
95 95 133 135
37 37 54 56
56 56 75 77
38 38 54 56
39 39 55 57
57 57 75 77
40 40 55 57
137 137 167 168
139 139 169 170
97 97 137 139
141 141 171 172
143 143 173 174
99 99 141 143
145 145 175 176
147 147 177 178
149 149 145 147
127 127 157 158
-1 124 154 155
150 150 127 222
-1 222 154 155
74 74 89 91
75 75 97 99
77 77 102 104
76 76 97 99
102 102 146 148
104 104 128 122
78 78 102 104
58 58 76 78
59 59 76 78
146 146 176 175
148 148 178 177
103 103 146 148
128 128 158 157
-1 122 151 156
105 105 128 123
-1 123 151 156
41 41 58 60
60 60 74 79
42 42 58 60
43 43 59 61
61 61 74 79
44 44 59 61
79 79 93 95
45 45 62 64
62 62 80 82
64 64 84 85
46 46 62 64
80 80 103 105
82 82 106 107
63 63 80 82
84 84 110 112
85 85 108 114
65 65 84 85
47 47 63 65
48 48 63 65
81 81 103 105
106 106 134 136
107 107 142 144
83 83 106 107
110 110 130 132
112 112 138 140
120 120 110 112
108 108 120 121
114 114 125 126
121 121 108 114
66 66 81 83
151 151 81 83
134 134 164 163
136 136 166 165
152 152 134 136
142 142 172 171
144 144 174 173
153 153 142 144
-1 228 66 67
67 67 87 86
49 49 66 67
156 156 223 221
109 109 120 121
130 130 160 159
132 132 162 161
111 111 130 132
138 138 168 167
140 140 170 169
113 113 138 140
125 125 149 150
126 126 152 153
115 115 125 126
86 86 109 115
221 221 109 115
87 87 111 113
154 154 87 86
155 155 226 227
223 223 111 113
226 226 149 150
227 227 152 153
-1 224 226 223
-1 225 227 221
157 157 224 225
158 158 220 179
159 159 182 183
160 160 180 181
161 161 186 187
162 162 184 185
163 163 190 191
164 164 188 189
165 165 194 195
166 166 192 193
167 167 198 199
168 168 196 197
169 169 202 203
170 170 200 201
171 171 206 207
172 172 204 205
173 173 210 211
174 174 208 209
175 175 214 215
176 176 212 213
177 177 218 219
178 178 216 217
-1 179 49 228
