33 33 50 52
50 50 68 70
52 52 72 74
34 34 50 52
68 68 88 90
70 70 92 94
51 51 68 70
72 72 96 98
74 74 100 102
53 53 72 74
35 35 51 53
36 36 51 53
88 88 112 113
90 90 115 116
69 69 88 90
92 92 117 119
94 94 121 123
71 71 92 94
96 96 125 127
98 98 129 131
73 73 96 98
100 100 133 135
102 102 137 139
75 75 100 102
54 54 69 71
55 55 69 71
112 112 104 105
-1 113 170 171
89 89 112 114
-1 114 170 171
115 115 108 109
116 116 110 111
91 91 115 116
117 117 145 146
119 119 147 148
93 93 117 119
121 121 149 150
123 123 151 152
95 95 121 123
37 37 54 56
56 56 73 75
38 38 54 56
39 39 55 57
57 57 73 75
40 40 55 57
125 125 153 154
127 127 155 156
97 97 125 127
129 129 157 158
131 131 159 160
99 99 129 131
133 133 161 162
135 135 163 164
101 101 133 135
137 137 165 172
139 139 166 167
103 103 137 139
76 76 89 91
77 77 89 91
104 104 122 124
105 105 118 120
78 78 104 105
170 170 141 231
171 171 142 143
108 108 130 132
109 109 126 128
79 79 108 109
110 110 138 140
111 111 134 136
80 80 110 111
58 58 76 81
81 81 93 95
59 59 76 81
60 60 77 82
82 82 93 95
61 61 77 82
145 145 183 184
146 146 181 182
118 118 146 145
147 147 187 188
148 148 185 186
120 120 148 147
149 149 191 192
150 150 189 190
122 122 150 149
151 151 195 196
152 152 193 194
124 124 152 151
83 83 97 99
84 84 97 99
153 153 199 200
154 154 197 198
126 126 154 153
155 155 203 204
156 156 201 202
128 128 156 155
157 157 207 208
158 158 205 206
130 130 158 157
159 159 211 212
160 160 209 210
132 132 160 159
62 62 83 85
85 85 101 103
63 63 83 85
64 64 84 86
86 86 101 103
65 65 84 86
161 161 215 216
162 162 213 214
134 134 162 161
163 163 219 220
164 164 217 218
136 136 164 163
165 165 221 222
-1 172 226 227
138 138 165 173
-1 173 226 227
166 166 225 180
167 167 223 224
140 140 167 166
41 41 58 62
42 42 58 62
43 43 59 63
44 44 59 63
45 45 60 64
46 46 60 64
47 47 61 65
48 48 61 65
226 226 78 234
-1 234 106 107
66 66 78 87
-1 87 106 107
168 168 122 124
169 169 118 120
141 141 169 168
-1 231 178 179
106 106 141 144
-1 144 178 179
142 142 175 174
143 143 177 176
107 107 142 143
227 227 79 80
-1 233 66 67
67 67 79 80
49 49 66 67
174 174 130 132
175 175 126 128
176 176 138 140
177 177 134 136
228 228 169 168
229 229 175 174
230 230 177 176
-1 180 49 233
178 178 228 232
-1 232 235 236
235 235 228 237
-1 237 235 236
179 179 229 230
236 236 229 230
