33 33 50 52
50 50 68 70
52 52 72 74
34 34 50 52
68 68 88 89
70 70 90 91
51 51 68 70
72 72 93 94
74 74 95 96
53 53 72 74
35 35 51 53
36 36 51 53
88 88 116 118
89 89 120 122
69 69 88 89
90 90 126 128
-1 91 130 131
71 71 90 92
-1 92 130 132
93 93 135 137
94 94 139 141
73 73 93 94
95 95 114 124
96 96 133 143
75 75 95 96
54 54 69 71
55 55 69 71
116 116 160 161
118 118 162 159
150 150 116 118
120 120 163 164
122 122 165 166
151 151 120 122
126 126 167 168
128 128 169 170
152 152 126 128
130 130 171 173
-1 131 175 176
-1 132 175 176
37 37 54 56
56 56 73 75
38 38 54 56
39 39 55 57
57 57 73 75
40 40 55 57
135 135 177 178
137 137 179 180
153 153 135 137
139 139 181 182
141 141 183 184
154 154 139 141
114 114 150 151
124 124 152 157
155 155 114 124
133 133 153 154
143 143 155 156
156 156 133 143
115 115 150 151
160 160 102 104
161 161 106 228
117 117 160 161
162 162 108 110
159 159 98 100
119 119 162 159
163 163 192 193
164 164 194 195
121 121 163 164
165 165 196 197
166 166 198 199
123 123 165 166
97 97 115 125
125 125 152 158
98 98 115 125
-1 157 189 190
-1 158 189 191
167 167 200 201
168 168 202 203
127 127 167 168
169 169 204 205
170 170 206 207
129 129 169 170
171 171 208 209
173 173 210 211
189 189 171 173
175 175 229 231
176 176 233 235
-1 190 303 304
-1 191 303 304
303 303 229 231
304 304 233 235
134 134 153 154
177 177 212 213
178 178 214 215
136 136 177 178
179 179 216 217
180 180 218 219
138 138 179 180
181 181 220 221
182 182 222 223
140 140 181 182
183 183 224 225
184 184 226 227
142 142 183 184
99 99 134 144
144 144 155 156
100 100 134 144
76 76 97 99
77 77 97 99
78 78 98 100
101 101 117 119
102 102 117 119
104 104 121 123
79 79 102 104
106 106 127 129
-1 228 146 309
80 80 106 113
-1 113 146 149
108 108 136 138
110 110 140 142
81 81 108 110
82 82 101 103
103 103 121 123
83 83 101 103
192 192 240 241
193 193 238 239
194 194 244 245
195 195 242 243
196 196 248 249
197 197 246 247
198 198 252 253
199 199 250 251
105 105 127 129
200 200 256 257
201 201 254 255
299 299 201 200
202 202 260 261
203 203 258 259
300 300 203 202
204 204 264 265
205 205 262 263
301 301 205 204
206 206 268 269
207 207 266 267
302 302 207 206
84 84 105 111
-1 111 145 147
85 85 105 112
-1 112 145 148
208 208 318 319
209 209 316 317
172 172 209 208
210 210 314 315
211 211 312 313
174 174 211 210
229 229 299 300
231 231 301 302
233 233 305 306
235 235 307 308
58 58 76 86
86 86 107 109
59 59 76 86
60 60 77 87
87 87 107 109
61 61 77 87
62 62 78 81
107 107 136 138
212 212 272 273
213 213 270 271
214 214 276 277
215 215 274 275
216 216 280 281
217 217 278 279
218 218 284 285
219 219 282 283
109 109 140 142
220 220 288 289
221 221 286 287
305 305 221 220
222 222 292 293
223 223 290 291
306 306 223 222
224 224 310 311
225 225 294 295
307 307 225 224
226 226 298 237
227 227 296 297
308 308 227 226
41 41 63 58
63 63 82 84
42 42 63 58
64 64 82 84
43 43 64 59
44 44 64 59
65 65 83 85
66 66 83 85
145 145 174 172
-1 147 185 187
-1 148 185 187
45 45 65 60
46 46 65 60
47 47 66 61
48 48 66 61
67 67 79 80
146 146 174 172
185 185 230 232
187 187 234 236
-1 309 186 188
-1 149 186 188
186 186 230 232
188 188 234 236
-1 310 78 79
-1 311 81 80
-1 320 67 62
49 49 67 62
230 230 299 300
232 232 301 302
234 234 305 306
236 236 307 308
-1 312 193 213
-1 313 192 212
-1 314 195 215
-1 315 194 214
-1 316 197 217
-1 317 196 216
-1 318 199 219
-1 319 198 218
-1 237 49 320
