34 34 51 53
51 51 -1 78
53 53 -1 55
35 35 52 54
52 52 -1 79
54 54 -1 56
78 78 -1 91
79 79 -1 91
55 55 -1 82
56 56 -1 82
36 36 51 55
37 37 52 56
91 91 106 103
-1 89 53 74
74 74 -1 76
-1 90 54 75
75 75 -1 77
82 82 96 93
38 38 57 59
57 57 -1 80
59 59 -1 61
39 39 58 60
58 58 -1 81
60 60 -1 62
80 80 -1 92
81 81 -1 92
61 61 -1 83
62 62 -1 83
40 40 57 61
41 41 58 62
92 92 106 103
-1 119 78 59
-1 120 79 60
83 83 96 94
106 106 105 104
103 103 102 101
-1 93 80 70
70 70 -1 72
-1 94 81 71
71 71 -1 73
96 96 100 99
42 42 63 65
63 63 -1 67
65 65 -1 69
43 43 64 66
64 64 -1 68
66 66 -1 84
67 67 -1 85
68 68 -1 85
69 69 -1 87
84 84 -1 87
44 44 64 69
85 85 95 89
45 45 65 67
46 46 66 68
87 87 97 98
72 72 -1 86
73 73 -1 86
47 47 70 76
76 76 -1 88
48 48 71 77
77 77 -1 88
86 86 95 90
95 95 99 100
49 49 72 74
50 50 73 75
88 88 97 98
97 97 101 102
98 98 104 105
99 99 117 118
100 100 115 116
-1 117 84 119
-1 118 63 120
101 101 113 114
102 102 111 112
104 104 109 110
105 105 107 108
