34 34 51 53
51 51 69 71
53 53 73 75
35 35 51 53
69 69 93 95
71 71 97 99
52 52 69 71
73 73 101 103
75 75 105 107
54 54 73 75
36 36 52 54
37 37 52 54
93 93 109 110
95 95 111 112
70 70 93 95
97 97 113 114
99 99 115 116
72 72 97 99
101 101 117 118
103 103 119 120
74 74 101 103
105 105 121 122
107 107 123 124
76 76 105 107
55 55 70 72
109 109 128 129
110 110 126 127
94 94 110 109
111 111 132 133
112 112 130 131
96 96 112 111
113 113 155 156
114 114 134 135
98 98 114 113
115 115 138 139
116 116 136 137
100 100 116 115
-1 155 70 74
-1 156 72 76
-1 125 55 56
56 56 74 76
38 38 55 56
117 117 142 143
118 118 140 141
102 102 118 117
119 119 146 147
120 120 144 145
104 104 120 119
121 121 150 151
122 122 148 149
106 106 122 121
123 123 154 125
124 124 152 153
108 108 124 123
39 39 57 58
57 57 79 81
58 58 85 87
40 40 57 58
79 79 108 106
81 81 104 102
85 85 96 94
87 87 100 98
59 59 77 78
77 77 -1 79
78 78 -1 81
80 80 108 106
82 82 104 102
60 60 83 84
83 83 -1 85
84 84 -1 87
86 86 96 94
88 88 100 98
41 41 59 60
42 42 59 60
61 61 89 90
89 89 -1 77
90 90 -1 78
62 62 89 90
63 63 91 92
91 91 -1 83
92 92 -1 84
64 64 91 92
65 65 80 82
66 66 80 82
43 43 65 67
67 67 86 88
44 44 65 67
45 45 66 68
68 68 86 88
46 46 66 68
47 47 61 63
48 48 61 63
49 49 62 64
50 50 62 64
