34 34 51 53
51 51 69 71
53 53 73 75
35 35 51 53
69 69 89 91
71 71 93 95
52 52 69 71
73 73 97 99
75 75 101 103
54 54 73 75
36 36 52 54
37 37 52 54
89 89 123 121
91 91 113 116
70 70 89 91
93 93 125 127
95 95 129 131
72 72 93 95
97 97 133 135
99 99 117 118
74 74 97 99
101 101 119 120
103 103 137 139
76 76 101 103
55 55 70 72
56 56 70 72
123 123 144 145
121 121 143 142
90 90 123 121
113 113 106 105
116 116 107 108
92 92 113 116
125 125 146 147
-1 127 148 150
94 94 125 128
-1 128 148 150
129 129 153 154
131 131 155 156
96 96 129 131
38 38 55 67
67 67 86 88
39 39 55 67
-1 201 56 68
68 68 86 88
40 40 56 68
57 57 74 76
58 58 74 76
133 133 157 158
135 135 159 160
98 98 133 135
117 117 126 152
118 118 134 136
100 100 117 118
119 119 130 132
120 120 138 140
102 102 119 120
137 137 161 162
139 139 163 164
104 104 137 139
41 41 57 61
61 61 81 83
42 42 57 61
43 43 58 62
62 62 81 83
44 44 58 62
77 77 106 105
106 106 78 79
105 105 77 80
80 80 107 108
59 59 77 80
78 78 109 110
79 79 111 112
60 60 78 79
45 45 60 59
46 46 60 59
109 109 126 141
110 110 134 136
114 114 109 110
111 111 130 132
112 112 138 140
115 115 111 112
107 107 124 122
108 108 114 115
124 124 144 145
122 122 143 142
142 142 124 122
143 143 114 115
81 81 92 90
82 82 92 90
126 126 146 147
-1 141 149 151
-1 152 149 151
134 134 157 158
136 136 159 160
130 130 153 154
132 132 155 156
138 138 161 162
140 140 163 164
83 83 94 96
84 84 94 96
63 63 82 84
64 64 82 84
47 47 63 65
65 65 85 87
48 48 63 65
49 49 64 66
66 66 85 87
50 50 64 66
85 85 98 100
87 87 102 104
86 86 98 100
88 88 102 104
144 144 165 166
145 145 168 169
146 146 167 170
147 147 176 173
148 148 197 198
150 150 195 199
153 153 171 172
154 154 174 175
155 155 177 178
156 156 180 181
157 157 188 185
158 158 200 196
159 159 183 184
160 160 186 187
161 161 179 182
162 162 194 191
163 163 189 190
164 164 192 193
165 165 204 205
166 166 202 203
167 167 166 165
168 168 208 209
169 169 206 207
170 170 169 168
241 241 167 170
176 176 175 174
173 173 172 171
242 242 176 173
197 197 243 244
198 198 252 248
149 149 197 198
195 195 241 242
199 199 245 246
151 151 195 199
171 171 212 213
172 172 210 211
174 174 216 217
175 175 214 215
177 177 220 221
178 178 218 219
179 179 178 177
180 180 224 225
181 181 222 223
182 182 181 180
188 188 187 186
185 185 184 183
243 243 188 185
200 200 249 250
196 196 247 251
244 244 200 196
183 183 228 229
184 184 226 227
186 186 232 233
187 187 230 231
245 245 179 182
194 194 193 192
191 191 190 189
246 246 194 191
189 189 236 237
190 190 234 235
192 192 240 201
193 193 238 239
247 247 241 242
251 251 245 246
248 248 247 251
249 249 243 244
252 252 249 250
250 250 252 248
