34 34 51 52
51 51 74 75
52 52 77 79
35 35 51 52
74 74 99 100
75 75 108 110
99 99 74 75
77 77 107 112
79 79 114 116
100 100 77 79
71 71 53 55
53 53 71 76
55 55 78 80
36 36 53 55
76 76 108 110
54 54 71 76
78 78 107 112
80 80 114 116
56 56 78 80
37 37 54 56
38 38 54 56
39 39 57 59
57 57 85 83
59 59 72 81
40 40 57 59
85 85 117 128
83 83 113 115
58 58 85 83
72 72 58 60
81 81 109 111
60 60 72 81
41 41 61 62
61 61 86 84
62 62 82 88
42 42 61 62
86 86 117 128
84 84 113 115
101 101 86 84
82 82 109 111
88 88 102 101
102 102 82 88
43 43 58 60
44 44 63 64
63 63 89 90
64 64 92 94
45 45 63 64
89 89 103 104
90 90 120 126
103 103 89 90
92 92 129 124
94 94 118 122
104 104 92 94
73 73 65 67
65 65 73 91
67 67 93 95
46 46 65 67
91 91 120 126
66 66 73 91
93 93 129 124
95 95 118 122
68 68 93 95
47 47 66 68
48 48 66 68
49 49 69 70
69 69 98 97
70 70 87 96
50 50 69 70
98 98 123 130
97 97 125 119
105 105 98 97
87 87 105 106
96 96 121 127
106 106 87 96
107 107 99 100
108 108 131 133
110 110 135 137
112 112 139 141
114 114 143 145
116 116 147 149
131 131 153 154
133 133 155 156
109 109 131 133
135 135 157 158
137 137 159 172
111 111 135 137
139 139 160 161
141 141 162 163
113 113 139 141
143 143 164 165
145 145 166 167
115 115 143 145
147 147 168 169
149 149 170 171
117 117 147 149
153 153 204 205
154 154 202 203
132 132 154 153
155 155 208 209
156 156 206 207
134 134 156 155
157 157 212 213
158 158 210 211
136 136 158 157
159 159 214 215
-1 172 216 217
138 138 159 173
-1 173 216 218
160 160 180 181
161 161 178 179
140 140 161 160
162 162 184 185
163 163 182 183
142 142 163 162
164 164 188 189
165 165 186 187
144 144 165 164
166 166 192 193
167 167 190 191
146 146 167 166
128 128 102 101
168 168 196 197
169 169 194 195
148 148 169 168
170 170 200 201
171 171 198 199
150 150 171 170
118 118 140 136
119 119 140 136
120 120 142 138
121 121 142 138
122 122 144 146
123 123 144 146
124 124 148 134
125 125 148 134
126 126 150 132
127 127 150 132
216 216 105 106
-1 217 220 219
-1 218 220 219
220 220 174 177
219 219 176 175
129 129 103 104
174 174 121 127
175 175 125 119
130 130 152 151
176 176 123 130
151 151 176 175
152 152 174 177
177 177 152 151
