34 34 51 53
51 51 67 69
53 53 71 72
35 35 51 53
67 67 88 90
69 69 92 94
52 52 67 69
71 71 96 98
72 72 100 102
54 54 71 72
36 36 52 54
37 37 52 54
88 88 122 112
90 90 113 114
68 68 88 90
92 92 128 130
94 94 120 121
70 70 92 94
96 96 132 134
98 98 136 138
100 100 140 142
102 102 125 123
87 87 68 70
55 55 68 70
122 122 133 135
112 112 -1 127
89 89 122 126
126 126 -1 127
113 113 144 145
114 114 146 147
91 91 114 113
128 128 150 151
130 130 152 153
93 93 128 130
120 120 141 143
121 121 129 131
95 95 120 121
38 38 55 62
62 62 84 86
-1 144 96 89
-1 145 98 126
132 132 154 155
134 134 156 157
97 97 132 134
136 136 158 159
138 138 160 161
99 99 136 138
-1 146 100 93
-1 147 102 95
140 140 162 163
142 142 164 165
101 101 140 142
125 125 137 139
123 123 119 124
103 103 125 123
39 39 56 58
56 56 73 74
58 58 75 76
40 40 56 58
73 73 105 106
74 74 107 91
57 57 73 74
75 75 110 108
76 76 104 109
59 59 75 76
41 41 57 59
42 42 57 59
105 105 141 143
106 106 129 131
115 115 105 106
107 107 133 135
116 116 107 91
110 110 137 139
108 108 119 124
117 117 110 108
104 104 115 116
109 109 117 118
118 118 104 109
119 119 115 116
141 141 163 162
143 143 165 164
129 129 151 150
131 131 153 152
133 133 155 154
135 135 157 156
124 124 117 118
137 137 159 158
139 139 161 160
43 43 -1 60
60 60 77 78
44 44 -1 60
77 77 -1 87
78 78 -1 111
111 111 84 86
-1 198 55 77
-1 199 62 78
45 45 -1 61
61 61 79 80
46 46 -1 61
79 79 -1 87
80 80 -1 111
-1 148 79 198
-1 149 80 199
84 84 97 99
86 86 101 103
47 47 63 65
63 63 81 82
65 65 83 85
48 48 63 65
81 81 89 112
82 82 93 95
64 64 81 82
83 83 97 99
85 85 101 103
66 66 83 85
49 49 64 66
50 50 64 66
127 127 148 149
150 150 192 193
151 151 190 191
152 152 196 197
153 153 194 195
154 154 168 169
155 155 166 167
156 156 172 173
157 157 170 171
158 158 176 177
159 159 174 175
160 160 180 181
161 161 178 179
162 162 184 185
163 163 182 183
164 164 188 189
165 165 186 187
