34 34 51 53
51 51 69 71
53 53 73 75
35 35 51 53
69 69 89 91
71 71 93 95
52 52 69 71
73 73 97 99
75 75 101 103
54 54 73 75
36 36 52 54
37 37 52 54
89 89 123 121
91 91 113 116
70 70 89 91
93 93 125 127
95 95 129 131
72 72 93 95
97 97 133 135
99 99 117 118
74 74 97 99
101 101 119 120
103 103 137 139
76 76 101 103
55 55 70 72
56 56 70 72
123 123 143 144
121 121 142 141
90 90 123 121
113 113 106 105
116 116 107 108
92 92 113 116
125 125 145 146
127 127 147 148
94 94 125 127
129 129 149 150
131 131 151 152
96 96 129 131
38 38 55 67
67 67 86 88
39 39 55 67
-1 161 56 68
68 68 86 88
40 40 56 68
57 57 74 76
58 58 74 76
133 133 153 154
135 135 155 156
98 98 133 135
117 117 126 128
118 118 134 136
100 100 117 118
119 119 130 132
120 120 140 138
102 102 119 120
137 137 157 158
139 139 159 160
104 104 137 139
41 41 57 61
61 61 81 83
42 42 57 61
43 43 58 62
62 62 81 83
44 44 58 62
77 77 106 105
106 106 78 79
105 105 77 80
80 80 107 108
59 59 77 80
78 78 109 110
79 79 111 112
60 60 78 79
45 45 60 59
46 46 60 59
109 109 126 128
110 110 134 136
114 114 109 110
111 111 130 132
112 112 140 138
115 115 111 112
107 107 124 122
108 108 114 115
124 124 144 143
122 122 142 141
141 141 124 122
142 142 114 115
81 81 92 90
82 82 92 90
126 126 146 145
128 128 148 147
134 134 154 153
136 136 156 155
130 130 150 149
132 132 152 151
140 140 160 159
138 138 158 157
83 83 94 96
84 84 94 96
63 63 82 84
64 64 82 84
47 47 63 65
65 65 85 87
48 48 63 65
49 49 64 66
66 66 85 87
50 50 64 66
85 85 98 100
87 87 102 104
86 86 98 100
88 88 102 104
143 143 164 165
144 144 162 163
145 145 168 169
146 146 166 167
147 147 172 173
148 148 170 171
149 149 176 177
150 150 174 175
151 151 180 181
152 152 178 179
153 153 184 185
154 154 182 183
155 155 188 189
156 156 186 187
157 157 192 193
158 158 190 191
159 159 196 161
160 160 194 195
