34 34 51 53
51 51 69 71
53 53 73 74
35 35 51 53
69 69 89 91
71 71 93 95
52 52 69 71
73 73 97 99
74 74 101 102
54 54 73 74
36 36 52 54
37 37 52 54
89 89 117 118
91 91 119 120
70 70 89 91
93 93 128 130
95 95 132 134
72 72 93 95
97 97 136 138
99 99 140 142
117 117 97 99
101 101 144 146
102 102 148 125
118 118 101 102
55 55 70 72
56 56 70 72
90 90 117 118
119 119 90 92
120 120 94 96
92 92 119 120
128 128 158 159
130 130 160 161
94 94 128 130
132 132 162 163
134 134 164 165
96 96 132 134
38 38 55 57
57 57 76 78
39 39 55 57
40 40 56 58
58 58 76 78
41 41 56 58
136 136 166 167
138 138 168 169
98 98 136 138
140 140 170 171
142 142 172 173
100 100 140 142
144 144 174 175
146 146 176 177
150 150 144 146
148 148 178 179
-1 125 155 156
151 151 148 225
-1 225 155 156
75 75 90 92
76 76 98 100
78 78 103 105
77 77 98 100
103 103 145 147
105 105 149 123
79 79 103 105
59 59 77 79
60 60 77 79
145 145 175 174
147 147 177 176
104 104 145 147
149 149 179 178
-1 123 152 157
106 106 149 124
-1 124 152 157
42 42 59 61
61 61 75 80
43 43 59 61
44 44 60 62
62 62 75 80
45 45 60 62
80 80 94 96
46 46 63 65
63 63 81 83
65 65 85 86
47 47 63 65
81 81 104 106
83 83 107 108
64 64 81 83
85 85 111 113
86 86 109 115
66 66 85 86
48 48 64 66
49 49 64 66
82 82 104 106
107 107 133 135
108 108 141 143
84 84 107 108
111 111 129 131
113 113 137 139
121 121 111 113
109 109 121 122
115 115 126 127
122 122 109 115
67 67 82 84
152 152 82 84
133 133 163 162
135 135 165 164
153 153 133 135
141 141 171 170
143 143 173 172
154 154 141 143
50 50 67 68
68 68 88 87
157 157 226 222
110 110 121 122
129 129 159 158
131 131 161 160
112 112 129 131
137 137 167 166
139 139 169 168
114 114 137 139
126 126 150 151
127 127 153 154
116 116 126 127
87 87 110 116
222 222 110 116
-1 223 67 229
-1 229 227 226
-1 224 68 230
-1 230 228 222
88 88 112 114
155 155 88 87
156 156 227 228
226 226 112 114
227 227 150 151
228 228 153 154
158 158 182 183
159 159 180 181
160 160 186 187
161 161 184 185
162 162 190 191
163 163 188 189
164 164 194 195
165 165 192 193
166 166 198 199
167 167 196 197
168 168 202 203
169 169 200 201
170 170 206 207
171 171 204 205
172 172 210 211
173 173 208 209
174 174 214 215
175 175 212 213
176 176 218 219
177 177 216 217
178 178 223 224
179 179 220 221
