34 34 51 53
51 51 69 71
53 53 73 74
35 35 51 53
69 69 89 91
71 71 93 95
52 52 69 71
73 73 97 99
74 74 101 102
54 54 73 74
36 36 52 54
37 37 52 54
89 89 117 118
91 91 119 120
70 70 89 91
93 93 125 127
95 95 129 131
72 72 93 95
97 97 133 135
99 99 137 139
117 117 97 99
101 101 141 143
102 102 145 147
118 118 101 102
55 55 70 72
56 56 70 72
90 90 117 118
119 119 90 92
120 120 94 96
92 92 119 120
125 125 154 155
127 127 156 157
94 94 125 127
129 129 158 159
131 131 160 161
96 96 129 131
38 38 55 57
57 57 76 78
39 39 55 57
40 40 56 58
58 58 76 78
41 41 56 58
133 133 162 163
135 135 164 165
98 98 133 135
137 137 166 167
139 139 168 169
100 100 137 139
141 141 170 171
143 143 172 173
149 149 141 143
145 145 174 175
147 147 153 176
150 150 145 147
75 75 90 92
76 76 98 100
78 78 103 105
77 77 98 100
103 103 142 144
105 105 146 148
79 79 103 105
59 59 77 79
60 60 77 79
142 142 171 170
144 144 173 172
104 104 142 144
146 146 175 174
148 148 153 176
106 106 146 148
42 42 59 61
61 61 75 80
43 43 59 61
44 44 60 62
62 62 75 80
45 45 60 62
80 80 94 96
46 46 63 65
63 63 81 83
65 65 85 86
47 47 63 65
81 81 104 106
83 83 107 108
64 64 81 83
85 85 111 113
86 86 109 115
66 66 85 86
48 48 64 66
49 49 64 66
82 82 104 106
107 107 130 132
108 108 138 140
84 84 107 108
111 111 126 128
113 113 134 136
121 121 111 113
109 109 121 122
115 115 123 124
122 122 109 115
67 67 82 84
130 130 159 158
132 132 161 160
151 151 130 132
138 138 167 166
140 140 169 168
152 152 138 140
-1 177 67 68
68 68 88 87
50 50 67 68
-1 225 82 151
-1 226 84 152
110 110 121 122
126 126 155 154
128 128 157 156
112 112 126 128
134 134 163 162
136 136 165 164
114 114 134 136
123 123 149 150
124 124 151 152
116 116 123 124
87 87 110 116
88 88 112 114
-1 227 88 149
-1 228 87 150
153 153 221 222
221 221 227 228
222 222 225 226
-1 229 112 224
224 224 231 232
-1 230 114 223
223 223 229 230
-1 231 110 222
-1 232 116 221
154 154 180 181
155 155 178 179
156 156 184 185
157 157 182 183
158 158 188 189
159 159 186 187
160 160 192 193
161 161 190 191
162 162 196 197
163 163 194 195
164 164 200 201
165 165 198 199
166 166 204 205
167 167 202 203
168 168 208 209
169 169 206 207
170 170 212 213
171 171 210 211
172 172 216 217
173 173 214 215
174 174 220 177
175 175 218 219
176 176 223 224
