34 34 51 53
51 51 69 71
53 53 73 75
35 35 51 53
69 69 89 90
71 71 91 92
52 52 69 71
73 73 94 95
75 75 97 98
54 54 73 75
36 36 52 54
37 37 52 54
89 89 119 121
90 90 123 125
70 70 89 90
91 91 129 131
-1 92 133 134
72 72 91 93
-1 93 133 134
94 94 137 139
-1 95 141 142
74 74 94 96
-1 96 141 142
97 97 117 127
98 98 135 143
76 76 97 98
55 55 70 72
56 56 70 72
119 119 163 164
121 121 165 166
153 153 119 121
123 123 167 168
125 125 169 170
154 154 123 125
129 129 171 172
131 131 173 174
155 155 129 131
133 133 175 177
134 134 179 181
38 38 55 57
57 57 74 76
39 39 55 57
40 40 56 58
58 58 74 76
41 41 56 58
137 137 183 184
139 139 185 186
156 156 137 139
141 141 187 189
142 142 191 193
117 117 153 154
127 127 155 159
157 157 117 127
135 135 156 161
143 143 157 158
158 158 135 143
118 118 153 154
163 163 199 200
164 164 202 203
120 120 163 164
165 165 205 206
166 166 208 209
122 122 165 166
167 167 211 212
168 168 214 215
124 124 167 168
169 169 217 218
170 170 220 221
126 126 169 170
99 99 118 128
128 128 155 160
100 100 118 128
-1 159 195 196
-1 160 195 196
171 171 223 224
172 172 226 227
130 130 171 172
173 173 229 230
174 174 232 233
132 132 173 174
175 175 201 204
177 177 207 210
195 195 175 177
179 179 225 228
181 181 231 234
196 196 179 181
-1 161 197 198
136 136 156 162
-1 162 197 198
183 183 235 236
184 184 238 239
138 138 183 184
185 185 241 246
186 186 243 244
140 140 185 186
187 187 213 216
189 189 219 222
197 197 187 189
191 191 242 245
193 193 237 240
198 198 191 193
101 101 136 144
144 144 157 158
102 102 136 144
77 77 99 101
78 78 99 101
79 79 100 102
103 103 120 122
104 104 120 122
199 199 253 254
200 200 251 252
201 201 200 199
202 202 257 258
203 203 255 256
204 204 203 202
205 205 261 262
206 206 259 260
207 207 206 205
208 208 265 266
209 209 263 264
210 210 209 208
80 80 103 105
105 105 124 126
81 81 103 105
82 82 104 106
106 106 124 126
211 211 269 270
212 212 267 268
213 213 212 211
214 214 273 274
215 215 271 272
216 216 215 214
217 217 277 278
218 218 275 276
219 219 218 217
220 220 281 282
221 221 279 280
222 222 221 220
107 107 130 132
108 108 130 132
223 223 285 286
224 224 283 284
225 225 224 223
226 226 289 290
227 227 287 288
228 228 227 226
229 229 293 294
230 230 291 292
231 231 230 229
232 232 297 298
233 233 295 296
234 234 233 232
83 83 107 111
-1 111 145 147
84 84 107 112
-1 112 145 147
85 85 108 115
-1 115 146 148
176 176 201 204
178 178 207 210
180 180 225 228
182 182 231 234
59 59 77 86
86 86 109 113
60 60 77 86
61 61 78 87
87 87 109 114
62 62 78 87
-1 305 100 108
-1 306 102 312
-1 312 146 148
63 63 79 88
88 88 110 116
109 109 138 140
110 110 138 140
235 235 307 308
236 236 305 306
237 237 236 235
238 238 249 250
239 239 247 248
240 240 239 238
241 241 299 300
-1 246 310 309
242 242 241 311
-1 311 310 309
243 243 303 304
244 244 301 302
245 245 244 243
-1 113 149 151
-1 114 149 151
-1 116 150 152
188 188 213 216
190 190 219 222
192 192 242 245
194 194 237 240
42 42 64 59
64 64 80 83
43 43 64 59
65 65 80 83
44 44 65 60
45 45 65 60
66 66 81 84
67 67 81 84
145 145 176 178
147 147 180 182
46 46 66 61
47 47 66 61
48 48 67 62
49 49 67 62
149 149 188 190
151 151 192 194
68 68 82 85
-1 307 104 313
-1 313 150 152
-1 308 106 110
146 146 176 178
148 148 180 182
150 150 188 190
152 152 192 194
-1 314 79 82
-1 315 88 85
309 309 68 63
50 50 68 63
310 310 314 315
