34 34 51 53
51 51 69 71
53 53 73 75
35 35 51 53
69 69 89 90
71 71 91 92
52 52 69 71
73 73 93 94
75 75 95 96
54 54 73 75
36 36 52 54
37 37 52 54
89 89 113 115
90 90 117 119
70 70 89 90
91 91 121 123
92 92 125 127
72 72 91 92
93 93 129 131
94 94 133 135
74 74 93 94
95 95 137 139
96 96 141 143
76 76 95 96
55 55 70 72
56 56 70 72
113 113 146 147
115 115 148 149
117 117 150 151
119 119 152 153
121 121 154 155
123 123 156 157
125 125 158 159
127 127 160 161
38 38 55 57
57 57 74 76
39 39 55 57
40 40 56 58
58 58 74 76
41 41 56 58
129 129 162 163
131 131 164 165
133 133 166 167
135 135 168 169
137 137 170 171
139 139 172 173
141 141 174 175
-1 143 177 179
-1 231 113 129
-1 232 115 131
146 146 183 184
147 147 181 182
114 114 147 146
148 148 187 188
149 149 185 186
116 116 149 148
-1 233 117 133
-1 234 119 135
150 150 191 192
151 151 189 190
118 118 151 150
152 152 195 196
153 153 193 194
120 120 153 152
-1 235 121 137
-1 236 123 139
154 154 199 200
155 155 197 198
122 122 155 154
156 156 203 204
157 157 201 202
124 124 157 156
-1 237 125 141
-1 238 127 246
-1 246 177 179
158 158 207 208
159 159 205 206
126 126 159 158
160 160 211 212
161 161 209 210
128 128 161 160
162 162 215 216
163 163 213 214
130 130 163 162
164 164 219 220
165 165 217 218
132 132 165 164
166 166 223 224
167 167 221 222
134 134 167 166
168 168 227 228
169 169 225 226
136 136 169 168
170 170 231 232
171 171 233 234
138 138 171 170
172 172 235 236
173 173 237 238
140 140 173 172
174 174 229 230
-1 175 245 243
142 142 174 176
-1 176 245 244
177 177 239 240
179 179 241 242
97 97 114 116
98 98 114 116
77 77 97 99
99 99 118 120
78 78 97 99
239 239 98 100
100 100 118 120
79 79 98 100
101 101 122 124
102 102 122 124
80 80 101 103
103 103 126 128
81 81 101 103
240 240 102 104
104 104 126 128
82 82 102 104
105 105 130 132
106 106 130 132
83 83 105 107
107 107 134 136
84 84 105 107
241 241 106 108
108 108 134 136
85 85 106 108
109 109 138 140
110 110 138 140
86 86 109 111
111 111 142 144
87 87 109 111
242 242 110 112
112 112 142 145
88 88 110 112
-1 144 178 180
-1 145 178 180
245 245 67 68
-1 243 247 248
-1 244 247 248
178 178 239 240
180 180 241 242
42 42 59 61
59 59 77 80
61 61 83 86
43 43 59 61
60 60 77 80
62 62 83 86
44 44 60 62
45 45 60 62
63 63 78 81
64 64 78 81
46 46 63 65
65 65 84 87
47 47 63 65
48 48 64 66
66 66 84 87
49 49 64 66
247 247 79 82
67 67 79 82
248 248 85 88
68 68 85 88
50 50 67 68
