35 35 -1 53
53 53 -1 71
36 36 -1 54
54 54 -1 71
71 71 89 90
165 165 -1 53
166 166 -1 54
89 89 110 111
90 90 112 79
37 37 -1 55
55 55 72 73
38 38 -1 55
72 72 -1 89
73 73 -1 90
153 153 -1 72
154 154 -1 73
110 110 95 97
111 111 99 101
112 112 103 105
79 79 -1 107
-1 155 165 161
161 161 -1 91
-1 156 166 162
162 162 -1 92
-1 157 165 59
59 59 75 76
-1 158 166 61
61 61 78 81
-1 159 153 163
163 163 -1 93
-1 160 154 164
164 164 -1 94
-1 146 153 157
-1 147 154 158
74 74 91 92
91 91 -1 110
92 92 -1 111
95 95 113 114
97 97 115 116
75 75 95 97
99 99 117 118
101 101 119 120
76 76 99 101
77 77 93 94
93 93 -1 112
94 94 -1 80
80 80 -1 107
103 103 121 122
105 105 -1 123
78 78 103 106
106 106 -1 123
107 107 124 125
39 39 -1 56
56 56 74 77
40 40 -1 56
41 41 57 58
57 57 -1 74
58 58 -1 77
42 42 57 58
-1 148 161 155
-1 149 162 156
-1 150 163 159
-1 151 164 160
60 60 75 76
113 113 133 134
114 114 131 132
96 96 114 113
115 115 129 130
116 116 127 128
98 98 116 115
117 117 141 142
118 118 139 140
100 100 118 117
119 119 137 138
120 120 135 136
102 102 120 119
43 43 59 61
-1 152 60 62
62 62 78 81
44 44 60 62
81 81 108 109
121 121 145 126
122 122 143 144
104 104 122 121
123 123 146 147
63 63 87 79
87 87 104 105
64 64 87 80
124 124 148 149
125 125 150 151
108 108 -1 125
109 109 -1 124
82 82 108 109
65 65 82 88
88 88 104 106
66 66 82 88
45 45 67 63
67 67 83 85
46 46 67 63
83 83 98 96
85 85 102 100
68 68 83 85
47 47 68 64
48 48 68 64
84 84 98 96
86 86 102 100
69 69 84 86
70 70 84 86
49 49 69 65
50 50 69 65
51 51 70 66
52 52 70 66
-1 126 44 152
