35 35 -1 53
53 53 72 73
36 36 -1 53
72 72 90 91
73 73 92 93
37 37 54 55
54 54 -1 72
55 55 -1 73
38 38 54 55
90 90 106 108
91 91 110 112
92 92 114 116
93 93 118 120
56 56 74 75
74 74 -1 90
75 75 -1 91
57 57 74 75
106 106 124 125
108 108 126 127
110 110 129 136
112 112 130 131
58 58 76 77
76 76 -1 92
77 77 -1 93
59 59 76 77
114 114 133 134
-1 116 138 140
118 118 123 128
120 120 132 135
39 39 56 58
40 40 56 58
41 41 57 59
42 42 57 59
123 123 94 95
94 94 -1 106
95 95 -1 108
78 78 94 95
124 124 146 147
125 125 144 145
107 107 125 124
126 126 150 151
127 127 148 149
109 109 127 126
128 128 96 97
96 96 -1 110
97 97 -1 112
79 79 96 97
129 129 152 153
-1 136 168 166
111 111 129 137
-1 137 168 167
130 130 156 157
131 131 154 155
113 113 131 130
132 132 98 99
98 98 -1 114
99 99 -1 117
-1 117 138 141
80 80 98 99
133 133 -1 143
134 134 158 159
115 115 134 133
138 138 160 161
-1 140 162 164
-1 141 162 164
135 135 100 101
100 100 -1 118
101 101 -1 120
81 81 100 101
119 119 123 128
121 121 132 135
102 102 119 121
60 60 78 79
61 61 78 79
43 43 60 62
62 62 80 81
44 44 60 62
45 45 61 63
63 63 80 81
46 46 61 63
103 103 107 109
171 171 182 183
182 182 -1 107
183 183 -1 109
172 172 182 183
104 104 111 113
168 168 66 70
-1 166 180 179
-1 167 180 179
173 173 184 185
184 184 -1 111
185 185 -1 113
174 174 184 185
105 105 115 122
-1 122 139 142
-1 143 169 170
160 160 174 172
161 161 178 176
139 139 160 161
162 162 173 171
164 164 177 175
175 175 186 187
186 186 -1 115
187 187 -1 190
-1 190 139 191
176 176 186 187
-1 142 163 165
-1 191 163 165
163 163 173 171
165 165 177 175
177 177 188 189
188 188 -1 119
189 189 -1 121
178 178 188 189
64 64 82 83
82 82 -1 105
83 83 -1 102
65 65 82 83
66 66 84 85
84 84 -1 105
85 85 -1 102
67 67 84 85
179 179 174 172
180 180 178 176
47 47 64 68
68 68 86 87
48 48 64 68
86 86 -1 103
87 87 -1 104
69 69 86 87
49 49 65 69
50 50 65 69
70 70 88 89
88 88 -1 103
89 89 -1 104
71 71 88 89
51 51 66 70
-1 181 67 71
52 52 67 71
169 169 -1 181
-1 170 169 52
