35 35 -1 53
53 53 70 71
36 36 -1 53
70 70 88 89
71 71 90 91
37 37 54 55
54 54 -1 70
55 55 -1 71
38 38 54 55
88 88 106 107
89 89 108 109
90 90 112 113
91 91 105 111
56 56 72 73
72 72 -1 88
73 73 -1 89
57 57 72 73
106 106 115 116
107 107 110 117
139 139 106 107
108 108 118 119
109 109 120 121
140 140 108 109
58 58 74 75
74 74 -1 90
75 75 -1 91
59 59 74 75
112 112 122 123
113 113 124 125
141 141 112 113
105 105 139 140
111 111 141 142
142 142 105 111
39 39 56 58
40 40 56 58
41 41 57 59
42 42 57 59
143 143 139 140
115 115 146 175
116 116 176 177
92 92 115 116
110 110 143 145
117 117 173 174
93 93 110 117
118 118 150 151
119 119 153 154
94 94 118 119
120 120 156 157
121 121 159 160
95 95 120 121
145 145 141 142
144 144 143 145
122 122 162 163
123 123 165 166
96 96 122 123
124 124 168 178
125 125 170 171
97 97 124 125
114 114 144 149
149 149 173 174
146 146 144 149
76 76 92 93
77 77 92 93
175 175 147 148
147 147 146 175
176 176 158 161
177 177 152 155
148 148 176 177
173 173 169 172
174 174 164 167
60 60 76 78
78 78 94 95
61 61 76 78
62 62 77 79
79 79 94 95
63 63 77 79
150 150 186 187
151 151 184 185
152 152 151 150
153 153 190 191
154 154 188 189
155 155 154 153
156 156 194 195
157 157 192 193
158 158 157 156
159 159 198 199
160 160 196 197
161 161 160 159
80 80 96 97
81 81 96 97
162 162 202 203
163 163 200 201
164 164 163 162
165 165 206 207
166 166 204 205
167 167 166 165
168 168 208 209
-1 178 217 219
169 169 168 213
-1 213 217 233
170 170 212 183
171 171 210 211
172 172 171 170
64 64 80 82
82 82 -1 99
65 65 80 83
83 83 -1 100
66 66 81 85
85 85 -1 101
67 67 81 86
86 86 -1 102
126 126 169 172
127 127 164 167
98 98 114 136
136 136 147 148
43 43 60 64
44 44 60 64
45 45 61 65
46 46 61 65
-1 99 128 130
-1 100 129 131
47 47 62 66
48 48 62 66
49 49 63 67
50 50 63 67
84 84 104 82
104 104 127 126
-1 128 179 130
130 130 -1 181
-1 129 179 131
131 131 -1 181
-1 101 132 134
-1 102 133 135
-1 223 85 138
138 138 152 155
-1 224 86 137
137 137 158 161
-1 132 180 134
134 134 -1 182
-1 133 180 135
135 135 -1 182
179 179 214 218
181 181 215 216
180 180 214 218
182 182 216 215
103 103 138 137
217 217 221 222
-1 219 227 232
-1 233 227 232
-1 183 51 220
214 214 225 226
225 225 -1 104
226 226 -1 83
227 227 225 226
-1 228 114 127
-1 229 136 126
218 218 230 231
215 215 228 229
216 216 223 224
51 51 68 69
68 68 -1 84
69 69 -1 87
87 87 98 103
52 52 68 69
221 221 -1 84
222 222 -1 87
-1 220 221 222
230 230 -1 98
231 231 -1 103
232 232 230 231
