35 35 -1 54
54 54 -1 70
36 36 -1 55
55 55 -1 71
-1 70 86 75
-1 71 87 76
37 37 -1 54
38 38 -1 55
-1 86 79 102
75 75 -1 60
-1 87 80 103
76 76 -1 61
39 39 -1 56
56 56 -1 73
40 40 -1 57
57 57 -1 74
-1 73 88 77
-1 74 89 78
72 72 -1 56
97 97 -1 57
-1 88 72 104
77 77 -1 62
-1 89 97 105
78 78 -1 85
79 79 -1 93
102 102 -1 58
80 80 -1 93
103 103 -1 59
60 60 -1 77
61 61 -1 78
104 104 -1 68
105 105 -1 69
62 62 -1 72
85 85 -1 97
93 93 82 84
58 58 -1 75
59 59 -1 76
68 68 -1 79
69 69 -1 80
41 41 -1 63
63 63 81 83
42 42 -1 63
81 81 90 94
83 83 91 92
43 43 64 65
64 64 -1 81
65 65 -1 83
44 44 64 65
90 90 98 99
-1 94 37 106
82 82 90 95
-1 95 38 107
91 91 -1 96
92 92 100 101
84 84 92 91
-1 106 102 104
-1 107 103 105
-1 96 108 109
45 45 66 67
66 66 -1 82
67 67 -1 84
46 46 66 67
47 47 -1 58
48 48 -1 59
49 49 -1 68
50 50 -1 69
51 51 -1 60
52 52 -1 61
53 53 -1 62
108 108 -1 85
-1 109 53 108
