35 35 -1 53
53 53 71 72
36 36 -1 53
71 71 87 89
72 72 91 93
37 37 54 55
54 54 -1 71
55 55 -1 72
38 38 54 55
87 87 101 102
-1 89 106 108
91 91 103 114
93 93 104 105
56 56 73 74
73 73 -1 87
74 74 -1 90
-1 90 107 109
57 57 73 74
101 101 122 123
102 102 120 121
88 88 102 101
-1 106 130 81
108 108 -1 64
-1 107 130 82
109 109 -1 65
58 58 75 76
75 75 -1 91
76 76 -1 93
59 59 75 76
103 103 124 125
-1 114 134 132
92 92 103 115
-1 115 134 133
104 104 128 118
105 105 126 127
94 94 105 104
39 39 56 58
40 40 56 58
41 41 57 59
42 42 57 59
130 130 137 140
81 81 -1 98
82 82 -1 98
64 64 -1 84
65 65 -1 84
60 60 77 78
77 77 -1 96
78 78 -1 88
-1 96 112 113
61 61 77 78
95 95 110 111
110 110 -1 88
111 111 -1 129
-1 129 138 139
137 137 110 111
-1 138 131 83
139 139 -1 66
-1 112 131 119
113 113 -1 67
131 131 137 140
83 83 -1 99
119 119 -1 99
66 66 -1 81
67 67 -1 83
134 134 60 62
-1 132 108 139
-1 133 109 113
-1 118 136 135
62 62 79 80
79 79 -1 92
80 80 -1 94
63 63 79 80
97 97 116 117
116 116 -1 92
117 117 -1 94
140 140 116 117
98 98 85 86
84 84 95 97
99 99 68 100
43 43 60 62
44 44 61 63
45 45 61 63
85 85 -1 95
86 86 -1 97
46 46 -1 64
47 47 -1 65
48 48 -1 66
49 49 -1 67
68 68 -1 82
100 100 -1 119
50 50 69 70
69 69 -1 85
70 70 -1 86
51 51 69 70
52 52 -1 68
136 136 -1 100
-1 135 136 52
