36 36 -1 57
57 57 70 71
37 37 -1 57
70 70 82 84
71 71 88 86
38 38 58 59
58 58 -1 70
59 59 -1 71
39 39 58 59
82 82 96 97
84 84 98 99
88 88 100 101
86 86 -1 102
60 60 72 73
72 72 -1 82
73 73 -1 84
96 96 111 112
97 97 109 110
83 83 97 96
98 98 115 116
99 99 113 114
85 85 99 98
61 61 74 75
74 74 -1 87
75 75 -1 88
87 87 -1 103
-1 102 128 130
-1 103 129 131
100 100 119 108
101 101 117 118
89 89 101 100
40 40 60 61
41 41 60 61
132 132 -1 72
133 133 -1 73
134 134 -1 74
135 135 -1 75
76 76 83 85
136 136 -1 83
137 137 -1 85
77 77 89 86
-1 128 52 130
130 130 -1 140
-1 129 53 131
131 131 -1 140
-1 108 68 69
138 138 -1 89
139 139 -1 87
42 42 -1 44
44 44 -1 62
43 43 -1 45
45 45 -1 63
62 62 -1 78
63 63 -1 79
-1 78 90 92
-1 79 90 93
46 46 -1 48
48 48 -1 64
47 47 -1 49
49 49 -1 65
64 64 -1 80
65 65 -1 81
-1 80 91 94
-1 81 91 95
50 50 -1 62
51 51 -1 63
90 90 104 105
92 92 -1 106
93 93 -1 106
52 52 -1 64
53 53 -1 65
91 91 105 104
94 94 -1 107
95 95 -1 107
104 104 122 123
105 105 126 127
106 106 120 121
107 107 124 125
-1 120 132 138
-1 121 133 139
-1 122 132 92
-1 123 133 93
-1 124 134 136
-1 125 135 137
-1 126 134 94
-1 127 135 95
54 54 66 67
66 66 -1 76
67 67 -1 77
55 55 66 67
68 68 -1 76
69 69 -1 77
56 56 68 69
-1 141 136 138
-1 142 137 139
140 140 141 142
