36 36 54 56
54 54 -1 82
56 56 -1 58
37 37 55 57
55 55 -1 83
57 57 -1 59
82 82 -1 94
83 83 -1 94
58 58 -1 86
59 59 -1 86
38 38 54 58
39 39 55 59
94 94 110 107
-1 92 56 78
78 78 -1 80
-1 93 57 79
79 79 -1 81
86 86 99 96
40 40 60 62
60 60 -1 84
62 62 -1 64
41 41 61 63
61 61 -1 85
63 63 -1 65
84 84 -1 95
85 85 -1 95
64 64 -1 87
65 65 -1 87
42 42 60 64
43 43 61 65
95 95 110 107
-1 102 82 62
-1 103 83 63
87 87 99 97
110 110 109 108
107 107 106 105
-1 96 84 74
74 74 -1 76
-1 97 85 75
75 75 -1 77
99 99 104 103
44 44 66 68
66 66 -1 70
68 68 -1 72
45 45 67 69
67 67 -1 71
69 69 -1 73
70 70 -1 88
71 71 -1 88
72 72 -1 90
73 73 -1 90
46 46 66 72
47 47 67 73
88 88 98 92
48 48 68 70
49 49 69 71
90 90 100 101
76 76 -1 89
77 77 -1 89
50 50 74 80
80 80 -1 91
51 51 75 81
81 81 -1 91
89 89 98 93
98 98 104 102
52 52 76 78
53 53 77 79
91 91 100 101
100 100 105 106
101 101 108 109
104 104 119 120
105 105 117 118
106 106 115 116
108 108 113 114
109 109 111 112
