36 36 -1 57
57 57 70 71
37 37 -1 57
70 70 82 84
71 71 86 88
38 38 58 59
58 58 -1 70
59 59 -1 71
39 39 58 59
82 82 96 97
84 84 98 99
86 86 100 103
88 88 101 102
60 60 72 73
72 72 -1 82
73 73 -1 84
96 96 112 113
97 97 110 111
83 83 97 96
98 98 116 117
99 99 114 115
85 85 99 98
61 61 74 75
74 74 -1 86
75 75 -1 88
100 100 118 119
-1 103 123 52
87 87 100 104
-1 104 123 53
101 101 122 109
102 102 120 121
89 89 102 101
40 40 60 61
41 41 60 61
132 132 -1 72
133 133 -1 73
134 134 -1 74
135 135 -1 75
76 76 83 85
136 136 -1 83
137 137 -1 85
77 77 87 89
123 123 140 141
52 52 -1 64
53 53 -1 65
-1 109 68 69
138 138 -1 87
139 139 -1 89
42 42 -1 44
44 44 -1 62
43 43 -1 45
45 45 -1 63
62 62 -1 78
63 63 -1 79
-1 78 90 92
-1 79 90 93
46 46 -1 48
48 48 -1 64
47 47 -1 49
49 49 -1 65
64 64 -1 80
65 65 -1 81
-1 80 91 94
-1 81 91 95
50 50 -1 62
51 51 -1 63
90 90 105 106
92 92 -1 107
93 93 -1 107
91 91 106 105
94 94 -1 108
95 95 -1 108
105 105 126 127
106 106 130 131
107 107 124 125
108 108 128 129
-1 124 132 138
-1 125 133 139
-1 126 132 92
-1 127 133 93
-1 128 134 136
-1 129 135 137
-1 130 134 94
-1 131 135 95
54 54 66 67
66 66 -1 76
67 67 -1 77
55 55 66 67
68 68 -1 76
69 69 -1 77
56 56 68 69
-1 140 136 138
-1 141 137 139
