36 36 -1 54
54 54 -1 72
37 37 -1 55
55 55 -1 72
72 72 90 91
166 166 -1 54
167 167 -1 55
90 90 111 112
91 91 113 80
38 38 -1 56
56 56 73 74
39 39 -1 56
73 73 -1 90
74 74 -1 91
168 168 -1 73
169 169 -1 74
111 111 96 98
112 112 100 102
113 113 104 106
80 80 -1 108
-1 156 166 162
162 162 -1 92
-1 157 167 163
163 163 -1 93
-1 158 166 168
-1 159 167 169
-1 160 168 164
164 164 -1 94
-1 161 169 165
165 165 -1 95
75 75 92 93
92 92 -1 111
93 93 -1 112
96 96 114 115
98 98 116 117
76 76 96 98
100 100 118 119
102 102 120 121
77 77 100 102
78 78 94 95
94 94 -1 113
95 95 -1 81
81 81 -1 108
104 104 122 123
106 106 124 125
79 79 104 106
108 108 126 127
40 40 -1 57
57 57 75 78
41 41 -1 57
42 42 58 59
58 58 -1 75
59 59 -1 78
43 43 58 59
-1 150 162 156
-1 151 163 157
-1 152 164 160
-1 153 165 161
60 60 76 77
61 61 76 77
114 114 135 136
115 115 133 134
97 97 115 114
116 116 131 132
117 117 129 130
99 99 117 116
118 118 143 144
119 119 141 142
101 101 119 118
120 120 139 140
121 121 137 138
103 103 121 120
44 44 60 62
62 62 79 82
-1 128 61 63
63 63 79 82
45 45 61 63
82 82 109 110
122 122 149 128
123 123 147 148
105 105 123 122
124 124 154 155
125 125 145 146
107 107 125 124
64 64 88 80
88 88 107 105
65 65 88 81
126 126 150 151
127 127 152 153
109 109 -1 127
110 110 -1 126
83 83 109 110
66 66 83 89
89 89 107 105
67 67 83 89
46 46 68 64
68 68 84 86
47 47 68 64
84 84 99 97
86 86 103 101
69 69 84 86
48 48 69 65
49 49 69 65
85 85 99 97
87 87 103 101
70 70 85 87
71 71 85 87
50 50 70 66
51 51 70 66
52 52 71 67
53 53 71 67
-1 154 60 158
-1 155 62 159
