36 36 54 56
54 54 72 74
56 56 76 77
37 37 54 56
72 72 88 90
74 74 92 94
55 55 72 74
76 76 96 98
77 77 100 102
57 57 76 77
38 38 55 57
39 39 55 57
88 88 106 107
90 90 108 109
73 73 88 90
92 92 110 111
94 94 112 113
75 75 92 94
96 96 115 116
98 98 114 121
86 86 96 98
100 100 117 118
102 102 119 120
87 87 100 102
58 58 73 75
59 59 73 75
106 106 124 125
107 107 122 123
89 89 107 106
108 108 128 129
109 109 126 127
91 91 109 108
110 110 132 133
111 111 130 131
93 93 111 110
112 112 136 137
113 113 134 135
95 95 113 112
40 40 58 60
60 60 79 81
41 41 58 60
42 42 59 61
61 61 79 81
43 43 59 61
78 78 86 87
114 114 86 87
115 115 140 141
116 116 138 139
97 97 116 115
121 121 104 105
99 99 114 121
117 117 144 145
118 118 142 143
101 101 118 117
119 119 148 149
120 120 146 147
103 103 120 119
79 79 97 99
81 81 103 101
80 80 97 99
82 82 103 101
62 62 80 82
63 63 80 82
44 44 62 70
70 70 84 85
45 45 62 70
46 46 63 71
71 71 84 85
47 47 63 71
48 48 -1 64
64 64 65 66
49 49 -1 64
65 65 -1 78
66 66 -1 83
83 83 104 105
50 50 65 66
51 51 -1 67
67 67 68 69
52 52 -1 67
68 68 -1 78
69 69 -1 83
53 53 68 69
104 104 91 89
105 105 95 93
84 84 91 89
85 85 95 93
