36 36 -1 54
54 54 71 72
37 37 -1 54
71 71 89 90
72 72 91 92
38 38 55 56
55 55 -1 71
56 56 -1 72
39 39 55 56
89 89 107 108
90 90 109 110
91 91 113 114
92 92 106 112
57 57 73 74
73 73 -1 89
74 74 -1 90
58 58 73 74
107 107 116 117
108 108 111 118
140 140 107 108
109 109 119 120
110 110 121 122
141 141 109 110
59 59 75 76
75 75 -1 91
76 76 -1 92
60 60 75 76
113 113 123 124
114 114 126 169
142 142 113 114
106 106 140 141
112 112 142 143
143 143 106 112
40 40 57 59
41 41 57 59
42 42 58 60
43 43 58 60
144 144 140 141
116 116 147 175
117 117 176 177
93 93 116 117
111 111 144 146
118 118 173 174
94 94 111 118
119 119 151 152
120 120 154 155
95 95 119 120
121 121 157 158
122 122 160 161
96 96 121 122
146 146 142 143
145 145 144 146
123 123 163 164
124 124 166 167
97 97 123 124
126 126 170 171
169 169 -1 211
98 98 126 125
125 125 -1 178
115 115 145 150
150 150 173 174
147 147 145 150
77 77 93 94
78 78 93 94
175 175 148 149
148 148 147 175
176 176 159 162
177 177 153 156
149 149 176 177
173 173 172 169
174 174 165 168
61 61 77 79
79 79 95 96
62 62 77 79
63 63 78 80
80 80 95 96
64 64 78 80
151 151 186 187
152 152 184 185
153 153 152 151
154 154 190 191
155 155 188 189
156 156 155 154
157 157 194 195
158 158 192 193
159 159 158 157
160 160 198 199
161 161 196 197
162 162 161 160
81 81 97 98
82 82 97 98
163 163 202 203
164 164 200 201
165 165 164 163
166 166 206 207
167 167 204 205
168 168 167 166
-1 211 227 230
-1 178 215 217
170 170 210 183
171 171 208 209
172 172 171 170
65 65 81 83
83 83 -1 100
66 66 81 84
84 84 -1 101
67 67 82 86
86 86 -1 102
68 68 82 87
87 87 -1 103
127 127 172 125
128 128 165 168
99 99 115 137
137 137 148 149
44 44 61 65
45 45 61 65
46 46 62 66
47 47 62 66
-1 100 129 131
-1 101 130 132
48 48 63 67
49 49 63 67
50 50 64 68
51 51 64 68
85 85 105 83
105 105 128 127
-1 129 179 131
131 131 -1 181
-1 130 179 132
132 132 -1 181
-1 102 133 135
-1 103 134 136
-1 220 86 139
139 139 153 156
-1 221 87 138
138 138 159 162
-1 133 180 135
135 135 -1 182
-1 134 180 136
136 136 -1 182
179 179 212 216
181 181 213 214
180 180 212 216
182 182 214 213
104 104 139 138
-1 227 226 230
230 230 -1 231
-1 215 226 217
217 217 -1 231
-1 183 218 219
212 212 222 223
222 222 -1 105
223 223 -1 84
-1 224 115 128
-1 225 137 127
216 216 228 229
213 213 224 225
214 214 220 221
52 52 69 70
69 69 -1 85
70 70 -1 88
88 88 99 104
53 53 69 70
226 226 218 219
218 218 -1 85
219 219 -1 88
228 228 -1 99
229 229 -1 104
-1 232 222 228
-1 233 223 229
231 231 232 233
