36 36 54 56
54 54 72 74
56 56 76 78
37 37 54 56
72 72 96 98
74 74 100 102
55 55 72 74
76 76 104 106
78 78 108 110
57 57 76 78
38 38 55 57
39 39 55 57
96 96 112 113
98 98 114 115
73 73 96 98
100 100 116 117
102 102 118 119
75 75 100 102
104 104 120 121
106 106 122 123
77 77 104 106
108 108 124 125
110 110 126 127
79 79 108 110
58 58 73 75
112 112 130 131
113 113 128 129
97 97 113 112
114 114 134 135
115 115 132 133
99 99 115 114
116 116 158 159
117 117 136 137
101 101 117 116
118 118 140 141
119 119 138 139
103 103 119 118
-1 158 73 77
-1 159 75 79
40 40 58 59
59 59 77 79
41 41 58 59
120 120 144 145
121 121 142 143
105 105 121 120
122 122 148 149
123 123 146 147
107 107 123 122
124 124 152 153
125 125 150 151
109 109 125 124
126 126 156 157
127 127 154 155
111 111 127 126
42 42 60 61
60 60 82 84
61 61 88 90
43 43 60 61
82 82 111 109
84 84 107 105
88 88 99 97
90 90 103 101
62 62 80 81
80 80 -1 82
81 81 -1 84
83 83 111 109
85 85 107 105
63 63 86 87
86 86 -1 88
87 87 -1 90
89 89 99 97
91 91 103 101
44 44 62 63
45 45 62 63
64 64 92 93
92 92 -1 80
93 93 -1 81
65 65 92 93
66 66 94 95
94 94 -1 86
95 95 -1 87
67 67 94 95
68 68 83 85
69 69 83 85
46 46 68 70
70 70 89 91
47 47 68 70
48 48 69 71
71 71 89 91
49 49 69 71
50 50 64 66
51 51 64 66
52 52 65 67
53 53 65 67
