36 36 54 55
54 54 74 75
55 55 78 79
37 37 54 55
74 74 93 94
75 75 95 96
78 78 99 97
79 79 92 98
56 56 72 73
72 72 -1 74
73 73 -1 75
57 57 72 73
93 93 128 130
94 94 132 134
116 116 93 94
95 95 136 138
96 96 140 142
117 117 95 96
58 58 76 77
76 76 -1 78
77 77 -1 79
59 59 76 77
99 99 146 144
97 97 120 126
118 118 99 97
92 92 116 117
98 98 118 119
119 119 92 98
38 38 56 58
39 39 56 58
40 40 57 59
41 41 57 59
120 120 116 117
128 128 148 149
130 130 150 151
121 121 128 130
132 132 152 153
134 134 154 155
122 122 132 134
136 136 156 157
138 138 158 159
123 123 136 138
140 140 160 161
142 142 162 163
124 124 140 142
126 126 118 119
125 125 120 126
146 146 165 166
144 144 -1 164
127 127 146 145
145 145 -1 164
42 42 60 62
60 60 80 81
62 62 82 84
43 43 60 62
80 80 100 102
81 81 104 106
61 61 80 81
82 82 108 110
84 84 112 114
63 63 82 84
44 44 61 63
45 45 61 63
100 100 137 139
102 102 147 144
205 205 100 102
104 104 125 127
106 106 133 135
211 211 104 106
108 108 123 124
110 110 143 141
83 83 108 110
112 112 121 122
114 114 131 129
85 85 112 114
137 137 157 156
139 139 159 158
101 101 137 139
147 147 166 165
103 103 147 145
105 105 125 127
133 133 153 152
135 135 155 154
107 107 133 135
-1 213 205 206
206 206 109 111
-1 214 211 212
212 212 113 115
-1 167 205 206
64 64 83 85
65 65 83 85
109 109 123 124
143 143 163 162
141 141 161 160
111 111 143 141
113 113 121 122
131 131 151 150
129 129 149 148
115 115 131 129
46 46 64 70
70 70 89 91
47 47 64 70
48 48 65 71
71 71 89 91
49 49 65 71
50 50 66 68
66 66 86 87
68 68 88 90
51 51 66 68
86 86 109 111
87 87 113 115
67 67 86 87
88 88 101 103
90 90 105 107
69 69 88 90
52 52 67 69
53 53 67 69
89 89 101 103
91 91 105 107
207 207 -1 213
208 208 -1 214
-1 209 207 211
-1 210 208 212
148 148 170 171
149 149 168 169
150 150 174 175
151 151 172 173
152 152 178 179
153 153 176 177
154 154 182 183
155 155 180 181
156 156 186 187
157 157 184 185
158 158 190 191
159 159 188 189
160 160 194 195
161 161 192 193
162 162 198 199
163 163 196 197
164 164 203 204
165 165 202 167
166 166 200 201
-1 203 207 209
-1 204 208 210
