36 36 54 56
54 54 72 74
56 56 76 78
37 37 54 56
72 72 92 94
74 74 96 98
55 55 72 74
76 76 100 102
78 78 104 106
57 57 76 78
38 38 55 57
39 39 55 57
92 92 126 124
94 94 116 119
73 73 92 94
96 96 128 130
98 98 132 134
75 75 96 98
100 100 136 138
102 102 120 121
77 77 100 102
104 104 122 123
106 106 140 142
79 79 104 106
58 58 73 75
59 59 73 75
126 126 146 147
124 124 145 144
93 93 126 124
116 116 109 108
119 119 110 111
95 95 116 119
128 128 148 149
130 130 150 151
97 97 128 130
132 132 152 153
134 134 154 155
99 99 132 134
40 40 58 70
70 70 89 91
41 41 58 70
42 42 59 71
71 71 89 91
43 43 59 71
60 60 77 79
61 61 77 79
136 136 156 157
138 138 158 159
101 101 136 138
120 120 129 131
121 121 137 139
103 103 120 121
122 122 133 135
123 123 143 141
105 105 122 123
140 140 160 161
142 142 162 163
107 107 140 142
44 44 60 64
64 64 84 86
45 45 60 64
46 46 61 65
65 65 84 86
47 47 61 65
80 80 109 108
109 109 81 82
108 108 80 83
83 83 110 111
62 62 80 83
81 81 112 113
82 82 114 115
63 63 81 82
48 48 63 62
49 49 63 62
112 112 129 131
113 113 137 139
117 117 112 113
114 114 133 135
115 115 143 141
118 118 114 115
110 110 127 125
111 111 117 118
127 127 147 146
125 125 145 144
144 144 127 125
145 145 117 118
84 84 95 93
85 85 95 93
129 129 149 148
131 131 151 150
137 137 157 156
139 139 159 158
133 133 153 152
135 135 155 154
143 143 163 162
141 141 161 160
86 86 97 99
87 87 97 99
66 66 85 87
67 67 85 87
50 50 66 68
68 68 88 90
51 51 66 68
52 52 67 69
69 69 88 90
53 53 67 69
88 88 101 103
90 90 105 107
89 89 101 103
91 91 105 107
146 146 166 167
147 147 164 165
148 148 170 171
149 149 168 169
150 150 174 175
151 151 172 173
152 152 178 179
153 153 176 177
154 154 182 183
155 155 180 181
156 156 186 187
157 157 184 185
158 158 190 191
159 159 188 189
160 160 194 195
161 161 192 193
162 162 198 199
163 163 196 197
