36 36 54 56
54 54 72 74
56 56 76 77
37 37 54 56
72 72 92 94
74 74 96 98
55 55 72 74
76 76 100 102
77 77 104 105
57 57 76 77
38 38 55 57
39 39 55 57
92 92 120 121
94 94 122 123
73 73 92 94
96 96 133 135
98 98 137 139
75 75 96 98
100 100 141 143
102 102 145 147
120 120 100 102
104 104 149 151
105 105 131 128
121 121 104 105
58 58 73 75
59 59 73 75
93 93 120 121
122 122 93 95
123 123 97 99
95 95 122 123
133 133 163 164
135 135 165 166
97 97 133 135
137 137 167 168
139 139 169 170
99 99 137 139
40 40 58 60
60 60 79 81
41 41 58 60
42 42 59 61
61 61 79 81
43 43 59 61
141 141 171 172
143 143 173 174
101 101 141 143
145 145 175 176
147 147 177 178
103 103 145 147
149 149 179 180
151 151 181 182
153 153 149 151
131 131 161 162
-1 128 158 159
154 154 131 226
-1 226 158 159
78 78 93 95
79 79 101 103
81 81 106 108
80 80 101 103
106 106 150 152
108 108 132 126
82 82 106 108
62 62 80 82
63 63 80 82
150 150 180 179
152 152 182 181
107 107 150 152
132 132 162 161
-1 126 155 160
109 109 132 127
-1 127 155 160
44 44 62 64
64 64 78 83
45 45 62 64
46 46 63 65
65 65 78 83
47 47 63 65
83 83 97 99
48 48 66 68
66 66 84 86
68 68 88 89
49 49 66 68
84 84 107 109
86 86 110 111
67 67 84 86
88 88 114 116
89 89 112 118
69 69 88 89
50 50 67 69
51 51 67 69
85 85 107 109
110 110 138 140
111 111 146 148
87 87 110 111
114 114 134 136
116 116 142 144
124 124 114 116
112 112 124 125
118 118 129 130
125 125 112 118
70 70 85 87
155 155 85 87
138 138 168 167
140 140 170 169
156 156 138 140
146 146 176 175
148 148 178 177
157 157 146 148
52 52 70 71
71 71 91 90
53 53 70 71
160 160 227 225
113 113 124 125
134 134 164 163
136 136 166 165
115 115 134 136
142 142 172 171
144 144 174 173
117 117 142 144
129 129 153 154
130 130 156 157
119 119 129 130
90 90 113 119
225 225 113 119
91 91 115 117
158 158 91 90
159 159 230 231
227 227 115 117
230 230 153 154
231 231 156 157
-1 228 230 227
-1 229 231 225
161 161 228 229
162 162 223 224
163 163 185 186
164 164 183 184
165 165 189 190
166 166 187 188
167 167 193 194
168 168 191 192
169 169 197 198
170 170 195 196
171 171 201 202
172 172 199 200
173 173 205 206
174 174 203 204
175 175 209 210
176 176 207 208
177 177 213 214
178 178 211 212
179 179 217 218
180 180 215 216
181 181 221 222
182 182 219 220
