36 36 54 56
54 54 72 74
56 56 76 78
37 37 54 56
72 72 92 94
74 74 96 98
55 55 72 74
76 76 100 102
78 78 104 106
57 57 76 78
38 38 55 57
39 39 55 57
92 92 116 117
94 94 119 120
73 73 92 94
96 96 121 123
98 98 125 127
75 75 96 98
100 100 129 131
102 102 133 135
77 77 100 102
104 104 137 139
106 106 141 143
79 79 104 106
58 58 73 75
59 59 73 75
116 116 108 109
-1 117 174 175
93 93 116 118
-1 118 174 175
119 119 112 113
120 120 114 115
95 95 119 120
121 121 149 150
123 123 151 152
97 97 121 123
125 125 153 154
127 127 155 156
99 99 125 127
40 40 58 60
60 60 77 79
41 41 58 60
42 42 59 61
61 61 77 79
43 43 59 61
129 129 157 158
131 131 159 160
101 101 129 131
133 133 161 162
135 135 163 164
103 103 133 135
137 137 165 166
139 139 167 168
105 105 137 139
141 141 169 176
143 143 170 171
107 107 141 143
80 80 93 95
81 81 93 95
108 108 126 128
109 109 122 124
82 82 108 109
174 174 145 235
175 175 146 147
112 112 134 136
113 113 130 132
83 83 112 113
114 114 142 144
115 115 138 140
84 84 114 115
62 62 80 85
85 85 97 99
63 63 80 85
64 64 81 86
86 86 97 99
65 65 81 86
149 149 186 187
150 150 184 185
122 122 150 149
151 151 190 191
152 152 188 189
124 124 152 151
153 153 194 195
154 154 192 193
126 126 154 153
155 155 198 199
156 156 196 197
128 128 156 155
87 87 101 103
88 88 101 103
157 157 202 203
158 158 200 201
130 130 158 157
159 159 206 207
160 160 204 205
132 132 160 159
161 161 210 211
162 162 208 209
134 134 162 161
163 163 214 215
164 164 212 213
136 136 164 163
66 66 87 89
89 89 105 107
67 67 87 89
68 68 88 90
90 90 105 107
69 69 88 90
165 165 218 219
166 166 216 217
138 138 166 165
167 167 222 223
168 168 220 221
140 140 168 167
169 169 224 225
-1 176 230 231
142 142 169 177
-1 177 230 231
170 170 228 229
171 171 226 227
144 144 171 170
44 44 62 66
45 45 62 66
46 46 63 67
47 47 63 67
48 48 64 68
49 49 64 68
50 50 65 69
51 51 65 69
230 230 82 237
-1 237 110 111
70 70 82 91
-1 91 110 111
172 172 126 128
173 173 122 124
145 145 173 172
-1 235 182 183
110 110 145 148
-1 148 182 183
146 146 179 178
147 147 181 180
111 111 146 147
231 231 83 84
52 52 70 71
71 71 83 84
53 53 70 71
178 178 134 136
179 179 130 132
180 180 142 144
181 181 138 140
232 232 173 172
233 233 179 178
234 234 181 180
182 182 232 236
-1 236 238 239
238 238 232 240
-1 240 238 239
183 183 233 234
239 239 233 234
