36 36 -1 56
56 56 -1 72
37 37 -1 57
57 57 -1 72
-1 70 36 56
-1 71 37 57
72 72 82 84
82 82 86 87
84 84 88 89
38 38 -1 58
58 58 73 74
39 39 -1 58
-1 80 38 73
73 73 -1 82
-1 81 39 74
74 74 -1 84
59 59 -1 70
60 60 -1 71
75 75 -1 80
76 76 -1 81
86 86 92 93
87 87 90 91
83 83 87 86
88 88 96 97
89 89 94 95
85 85 89 88
40 40 -1 61
61 61 -1 77
41 41 -1 62
62 62 -1 77
77 77 85 83
42 42 -1 61
43 43 -1 62
44 44 -1 63
63 63 78 79
45 45 -1 63
78 78 -1 85
79 79 -1 83
46 46 64 65
64 64 -1 78
65 65 -1 79
47 47 64 65
48 48 -1 59
49 49 -1 60
50 50 -1 59
51 51 -1 60
52 52 66 67
66 66 -1 75
67 67 -1 76
53 53 66 67
54 54 68 69
68 68 -1 75
69 69 -1 76
55 55 68 69
