37 37 -1 58
58 58 71 72
38 38 -1 58
71 71 83 85
72 72 87 89
39 39 59 60
59 59 -1 71
60 60 -1 72
40 40 59 60
83 83 97 98
85 85 99 100
87 87 101 104
89 89 102 103
61 61 73 74
73 73 -1 83
74 74 -1 85
97 97 113 114
98 98 111 112
84 84 98 97
99 99 117 118
100 100 115 116
86 86 100 99
62 62 75 76
75 75 -1 87
76 76 -1 89
101 101 119 120
-1 104 125 124
88 88 101 105
-1 105 125 124
102 102 123 110
103 103 121 122
90 90 103 102
41 41 61 62
42 42 61 62
135 135 -1 73
136 136 -1 74
137 137 -1 75
138 138 -1 76
77 77 84 86
124 124 139 140
139 139 -1 84
140 140 -1 86
78 78 88 90
125 125 141 142
-1 110 57 134
141 141 -1 88
142 142 -1 90
43 43 -1 45
45 45 -1 63
44 44 -1 46
46 46 -1 64
63 63 -1 79
64 64 -1 80
-1 79 91 93
-1 80 91 94
47 47 -1 49
49 49 -1 65
48 48 -1 50
50 50 -1 66
65 65 -1 81
66 66 -1 82
-1 81 92 95
-1 82 92 96
51 51 -1 63
52 52 -1 64
91 91 106 107
93 93 -1 108
94 94 -1 108
53 53 -1 65
54 54 -1 66
92 92 107 106
95 95 -1 109
96 96 -1 109
106 106 128 129
107 107 132 133
108 108 126 127
109 109 130 131
-1 126 135 141
-1 127 136 142
-1 128 135 93
-1 129 136 94
-1 130 137 139
-1 131 138 140
-1 132 137 95
-1 133 138 96
55 55 67 68
67 67 -1 77
68 68 -1 78
56 56 67 68
-1 134 69 70
69 69 -1 77
70 70 -1 78
57 57 69 70
