37 37 -1 56
56 56 60 59
38 38 -1 56
60 60 77 79
59 59 81 83
39 39 60 59
107 107 57 58
57 57 80 85
58 58 81 83
40 40 57 58
80 80 97 99
85 85 94 96
75 75 80 85
81 81 101 103
83 83 105 108
77 77 93 95
79 79 97 99
61 61 77 79
41 41 -1 62
62 62 63 61
42 42 -1 62
63 63 82 91
43 43 63 61
82 82 101 103
91 91 106 108
64 64 82 91
44 44 65 67
65 65 92 87
67 67 78 89
45 45 65 67
92 92 106 107
87 87 98 100
66 66 92 87
78 78 93 95
89 89 102 104
68 68 78 89
46 46 -1 69
69 69 68 66
47 47 -1 69
48 48 68 66
49 49 -1 70
70 70 71 64
50 50 -1 70
71 71 86 88
51 51 71 64
86 86 94 96
88 88 98 100
72 72 86 88
52 52 73 72
73 73 84 90
53 53 73 72
84 84 105 107
90 90 102 104
76 76 84 90
54 54 -1 74
74 74 75 76
55 55 -1 74
-1 154 75 76
93 93 110 111
95 95 112 113
97 97 114 115
99 99 116 117
101 101 118 119
103 103 120 121
105 105 122 123
108 108 -1 109
110 110 127 128
111 111 125 126
94 94 111 110
112 112 131 132
113 113 129 130
96 96 113 112
114 114 135 136
115 115 133 134
98 98 115 114
116 116 139 140
117 117 137 138
100 100 117 116
118 118 143 144
119 119 141 142
102 102 119 118
120 120 147 148
121 121 145 146
104 104 121 120
122 122 151 152
123 123 149 150
106 106 123 122
-1 109 124 153
124 124 -1 154
-1 153 124 55
