37 37 -1 56
56 56 -1 74
38 38 -1 57
57 57 -1 74
74 74 92 93
159 159 -1 56
160 160 -1 57
92 92 113 114
93 93 115 82
39 39 -1 58
58 58 75 76
40 40 -1 58
75 75 -1 92
76 76 -1 93
161 161 -1 75
162 162 -1 76
113 113 98 100
114 114 102 104
115 115 106 108
82 82 -1 110
-1 163 159 167
167 167 -1 94
-1 164 160 168
168 168 -1 95
-1 151 159 161
-1 152 160 162
-1 165 161 169
169 169 -1 96
-1 166 162 170
170 170 -1 97
77 77 94 95
94 94 -1 113
95 95 -1 114
98 98 116 117
100 100 118 119
78 78 98 100
102 102 120 121
104 104 122 123
79 79 102 104
80 80 96 97
96 96 -1 115
97 97 -1 83
83 83 -1 110
106 106 124 125
108 108 126 127
81 81 106 108
110 110 128 129
41 41 -1 59
59 59 77 80
42 42 -1 59
43 43 60 61
60 60 -1 77
61 61 -1 80
44 44 60 61
-1 153 167 163
-1 154 168 164
-1 155 169 165
-1 156 170 166
62 62 78 79
63 63 78 79
116 116 137 138
117 117 135 136
99 99 117 116
118 118 133 134
119 119 131 132
101 101 119 118
120 120 145 146
121 121 143 144
103 103 121 120
122 122 141 142
123 123 139 140
105 105 123 122
45 45 62 64
64 64 81 84
46 46 62 64
-1 171 63 65
65 65 81 84
47 47 63 65
84 84 111 112
124 124 -1 130
125 125 149 150
107 107 125 124
126 126 151 152
127 127 147 148
109 109 127 126
66 66 90 82
90 90 109 107
67 67 90 83
128 128 153 154
129 129 155 156
111 111 -1 129
112 112 -1 128
85 85 111 112
68 68 85 91
91 91 109 107
69 69 85 91
48 48 70 66
70 70 86 88
49 49 70 66
86 86 101 99
88 88 105 103
71 71 86 88
50 50 71 67
51 51 71 67
87 87 101 99
89 89 105 103
72 72 87 89
73 73 87 89
52 52 72 68
53 53 72 68
54 54 73 69
55 55 73 69
-1 130 157 158
157 157 -1 171
-1 158 157 47
