37 37 -1 39
39 39 -1 69
38 38 -1 40
40 40 -1 70
69 69 -1 81
70 70 -1 82
81 81 -1 83
82 82 84 85
41 41 -1 43
43 43 -1 71
42 42 -1 44
44 44 -1 72
71 71 -1 82
72 72 -1 81
45 45 -1 69
46 46 -1 70
47 47 -1 71
48 48 -1 72
49 49 -1 51
51 51 -1 73
50 50 -1 52
52 52 -1 74
73 73 -1 77
74 74 -1 78
-1 77 58 62
-1 78 59 63
53 53 -1 55
55 55 -1 75
54 54 -1 56
56 56 -1 76
75 75 -1 79
76 76 -1 80
-1 79 60 64
-1 80 61 65
57 57 -1 73
66 66 -1 74
58 58 -1 45
62 62 -1 57
59 59 -1 46
63 63 -1 66
67 67 -1 75
68 68 -1 76
60 60 -1 47
64 64 -1 67
61 61 -1 48
65 65 -1 68
-1 83 68 86
-1 86 67 66
