37 37 56 58
56 56 76 78
58 58 80 81
38 38 56 58
76 76 94 96
78 78 98 100
57 57 76 78
80 80 102 104
81 81 106 108
59 59 80 81
39 39 57 59
40 40 57 59
94 94 125 126
96 96 130 132
77 77 94 96
98 98 134 136
100 100 123 124
79 79 98 100
102 102 138 140
104 104 142 144
106 106 146 148
108 108 129 127
82 82 77 79
60 60 77 79
125 125 139 141
126 126 133 131
95 95 125 126
130 130 150 151
132 132 152 153
97 97 130 132
134 134 154 155
136 136 156 157
99 99 134 136
123 123 147 149
124 124 135 137
101 101 123 124
-1 210 60 71
71 71 91 93
41 41 60 71
-1 206 102 95
-1 207 104 97
138 138 158 159
140 140 160 161
103 103 138 140
142 142 162 163
144 144 164 165
105 105 142 144
-1 208 106 99
-1 209 108 101
146 146 166 167
148 148 168 169
107 107 146 148
129 129 143 145
127 127 122 128
109 109 129 127
42 42 61 63
61 61 83 84
63 63 85 86
43 43 61 63
83 83 111 112
84 84 113 114
62 62 83 84
85 85 117 115
86 86 110 116
64 64 85 86
44 44 62 64
45 45 62 64
111 111 147 149
112 112 135 137
118 118 111 112
113 113 139 141
114 114 133 131
119 119 113 114
117 117 143 145
115 115 122 128
120 120 117 115
110 110 118 119
116 116 120 121
121 121 110 116
122 122 118 119
147 147 167 166
149 149 169 168
135 135 155 154
137 137 157 156
139 139 159 158
141 141 161 160
133 133 153 152
131 131 151 150
128 128 120 121
143 143 163 162
145 145 165 164
46 46 -1 65
65 65 66 67
47 47 -1 65
66 66 -1 82
67 67 -1 87
87 87 91 93
48 48 66 67
49 49 -1 68
68 68 69 70
50 50 -1 68
69 69 -1 82
70 70 -1 87
51 51 69 70
91 91 103 105
93 93 107 109
52 52 72 74
72 72 88 89
74 74 90 92
53 53 72 74
88 88 95 97
89 89 99 101
73 73 88 89
90 90 103 105
92 92 107 109
75 75 90 92
54 54 73 75
55 55 73 75
150 150 206 207
151 151 208 209
152 152 197 198
153 153 195 196
154 154 201 202
155 155 199 200
156 156 205 170
157 157 203 204
158 158 173 174
159 159 171 172
160 160 177 178
161 161 175 176
162 162 181 182
163 163 179 180
164 164 185 186
165 165 183 184
166 166 189 190
167 167 187 188
168 168 193 194
169 169 191 192
-1 170 41 210
