37 37 -1 56
56 56 -1 72
38 38 -1 57
57 57 -1 73
-1 72 88 77
-1 73 89 78
39 39 -1 56
40 40 -1 57
-1 88 81 105
77 77 -1 62
-1 89 82 106
78 78 -1 63
41 41 -1 58
58 58 -1 75
42 42 -1 59
59 59 -1 76
-1 75 90 79
-1 76 91 80
74 74 -1 58
99 99 -1 59
-1 90 74 107
79 79 -1 64
-1 91 99 108
80 80 -1 87
81 81 -1 95
105 105 -1 60
82 82 -1 95
106 106 -1 61
62 62 -1 79
63 63 -1 80
107 107 -1 70
108 108 -1 71
64 64 -1 74
87 87 -1 99
95 95 84 86
60 60 -1 77
61 61 -1 78
70 70 -1 81
71 71 -1 82
43 43 -1 65
65 65 83 85
44 44 -1 65
83 83 92 96
85 85 93 94
45 45 66 67
66 66 -1 83
67 67 -1 85
46 46 66 67
92 92 100 101
-1 96 105 107
84 84 92 97
-1 97 106 108
93 93 104 98
94 94 102 103
86 86 94 93
-1 98 110 109
47 47 68 69
68 68 -1 84
69 69 -1 86
48 48 68 69
49 49 -1 60
50 50 -1 61
51 51 -1 70
52 52 -1 71
53 53 -1 62
54 54 -1 63
55 55 -1 64
110 110 -1 87
-1 109 110 55
