37 37 56 58
56 56 76 78
58 58 80 82
38 38 56 58
76 76 96 97
78 78 98 99
57 57 76 78
80 80 101 102
82 82 103 104
59 59 80 82
39 39 57 59
40 40 57 59
96 96 124 126
97 97 128 130
77 77 96 97
98 98 134 136
-1 99 138 139
79 79 98 100
-1 100 138 140
101 101 143 145
102 102 147 149
81 81 101 102
103 103 122 132
104 104 141 151
83 83 103 104
60 60 77 79
61 61 77 79
124 124 168 169
126 126 170 167
158 158 124 126
128 128 171 172
130 130 173 174
159 159 128 130
134 134 175 176
136 136 177 178
160 160 134 136
138 138 179 181
-1 139 183 184
-1 140 183 184
41 41 60 62
62 62 81 83
42 42 60 62
43 43 61 63
63 63 81 83
44 44 61 63
143 143 185 186
145 145 187 188
161 161 143 145
147 147 189 190
149 149 191 192
162 162 147 149
122 122 158 159
132 132 160 165
163 163 122 132
141 141 161 162
151 151 163 164
164 164 141 151
123 123 158 159
168 168 110 112
169 169 114 236
125 125 168 169
170 170 116 118
167 167 106 108
127 127 170 167
171 171 200 201
172 172 202 203
129 129 171 172
173 173 204 205
174 174 206 207
131 131 173 174
105 105 123 133
133 133 160 166
106 106 123 133
-1 165 197 198
-1 166 197 199
175 175 208 209
176 176 210 211
135 135 175 176
177 177 212 213
178 178 214 215
137 137 177 178
179 179 216 217
181 181 218 219
197 197 179 181
183 183 237 239
184 184 241 243
-1 198 313 314
-1 199 313 314
313 313 237 239
314 314 241 243
142 142 161 162
185 185 220 221
186 186 222 223
144 144 185 186
187 187 224 225
188 188 226 227
146 146 187 188
189 189 228 229
190 190 230 231
148 148 189 190
191 191 232 233
192 192 234 235
150 150 191 192
107 107 142 152
152 152 163 164
108 108 142 152
84 84 105 107
85 85 105 107
86 86 106 108
109 109 125 127
110 110 125 127
112 112 129 131
87 87 110 112
114 114 135 137
-1 236 154 319
88 88 114 121
-1 121 154 157
116 116 144 146
118 118 148 150
89 89 116 118
90 90 109 111
111 111 129 131
91 91 109 111
200 200 248 249
201 201 246 247
202 202 252 253
203 203 250 251
204 204 256 257
205 205 254 255
206 206 260 261
207 207 258 259
113 113 135 137
208 208 264 265
209 209 262 263
309 309 209 208
210 210 268 269
211 211 266 267
310 310 211 210
212 212 272 273
213 213 270 271
311 311 213 212
214 214 276 277
215 215 274 275
312 312 215 214
92 92 113 119
-1 119 153 155
93 93 113 120
-1 120 153 156
216 216 326 327
217 217 324 325
180 180 217 216
218 218 322 323
219 219 320 321
182 182 219 218
237 237 309 310
239 239 311 312
241 241 315 316
243 243 317 318
64 64 84 94
94 94 115 117
65 65 84 94
66 66 85 95
95 95 115 117
67 67 85 95
68 68 86 89
69 69 86 89
115 115 144 146
220 220 280 281
221 221 278 279
222 222 284 285
223 223 282 283
224 224 288 289
225 225 286 287
226 226 292 293
227 227 290 291
117 117 148 150
228 228 296 297
229 229 294 295
315 315 229 228
230 230 300 301
231 231 298 299
316 316 231 230
232 232 304 305
233 233 302 303
317 317 233 232
234 234 308 245
235 235 306 307
318 318 235 234
45 45 70 64
70 70 90 92
46 46 70 64
71 71 90 92
47 47 71 65
48 48 71 65
72 72 91 93
73 73 91 93
153 153 182 180
-1 155 193 195
-1 156 193 195
49 49 72 66
50 50 72 66
51 51 73 67
52 52 73 67
74 74 87 88
75 75 87 88
154 154 182 180
193 193 238 240
195 195 242 244
-1 319 194 196
-1 157 194 196
194 194 238 240
196 196 242 244
53 53 74 68
54 54 74 68
-1 328 75 69
55 55 75 69
238 238 309 310
240 240 311 312
242 242 315 316
244 244 317 318
-1 320 201 221
-1 321 200 220
-1 322 203 223
-1 323 202 222
-1 324 205 225
-1 325 204 224
-1 326 207 227
-1 327 206 226
-1 245 55 328
