37 37 -1 56
56 56 74 75
38 38 -1 56
74 74 90 92
75 75 94 96
39 39 57 58
57 57 -1 74
58 58 -1 75
40 40 57 58
90 90 104 105
-1 92 109 111
94 94 106 117
96 96 107 108
59 59 76 77
76 76 -1 90
77 77 -1 93
-1 93 110 112
60 60 76 77
104 104 125 126
105 105 123 124
91 91 105 104
-1 109 133 84
111 111 -1 67
-1 110 133 85
112 112 -1 68
61 61 78 79
78 78 -1 94
79 79 -1 96
62 62 78 79
106 106 127 128
-1 117 111 132
95 95 106 118
-1 118 112 116
107 107 -1 121
108 108 129 130
97 97 108 107
41 41 59 61
42 42 59 61
43 43 60 62
44 44 60 62
133 133 137 139
84 84 -1 101
85 85 -1 101
67 67 -1 87
68 68 -1 87
63 63 80 81
80 80 -1 99
81 81 -1 91
-1 99 115 116
64 64 80 81
98 98 113 114
113 113 -1 91
114 114 -1 131
-1 131 138 132
137 137 113 114
-1 138 134 86
132 132 -1 69
-1 115 134 122
116 116 -1 70
134 134 137 139
86 86 -1 102
122 122 -1 102
69 69 -1 84
70 70 -1 86
-1 121 135 136
65 65 82 83
82 82 -1 95
83 83 -1 97
66 66 82 83
100 100 119 120
119 119 -1 95
120 120 -1 97
139 139 119 120
101 101 88 89
87 87 98 100
102 102 71 103
45 45 63 65
46 46 63 65
47 47 64 66
48 48 64 66
88 88 -1 98
89 89 -1 100
49 49 -1 67
50 50 -1 68
51 51 -1 69
52 52 -1 70
71 71 -1 85
103 103 -1 122
53 53 72 73
72 72 -1 88
73 73 -1 89
54 54 72 73
55 55 -1 71
135 135 -1 103
-1 136 55 135
