38 38 -1 60
60 60 73 74
39 39 -1 60
73 73 85 87
74 74 89 91
40 40 61 62
61 61 -1 73
62 62 -1 74
41 41 61 62
85 85 99 100
87 87 101 102
89 89 103 106
91 91 104 105
63 63 75 76
75 75 -1 85
76 76 -1 87
99 99 114 115
100 100 112 113
86 86 100 99
101 101 118 119
102 102 116 117
88 88 102 101
64 64 77 78
77 77 -1 89
78 78 -1 91
103 103 120 121
-1 106 126 54
90 90 103 107
-1 107 126 55
104 104 124 125
105 105 122 123
92 92 105 104
42 42 63 64
43 43 63 64
135 135 -1 75
136 136 -1 76
137 137 -1 77
138 138 -1 78
79 79 86 88
139 139 -1 86
140 140 -1 88
80 80 90 92
126 126 143 144
54 54 -1 67
55 55 -1 68
141 141 -1 90
142 142 -1 92
44 44 -1 46
46 46 -1 65
45 45 -1 47
47 47 -1 66
65 65 -1 81
66 66 -1 82
-1 81 93 95
-1 82 93 96
48 48 -1 50
50 50 -1 67
49 49 -1 51
51 51 -1 68
67 67 -1 83
68 68 -1 84
-1 83 94 97
-1 84 94 98
52 52 -1 65
53 53 -1 66
93 93 108 109
95 95 -1 110
96 96 -1 110
94 94 109 108
97 97 -1 111
98 98 -1 111
108 108 129 130
109 109 133 134
110 110 127 128
111 111 131 132
-1 127 135 141
-1 128 136 142
-1 129 135 95
-1 130 136 96
-1 131 137 139
-1 132 138 140
-1 133 137 97
-1 134 138 98
56 56 69 70
69 69 -1 79
70 70 -1 80
57 57 69 70
58 58 71 72
71 71 -1 79
72 72 -1 80
59 59 71 72
-1 143 139 141
-1 144 140 142
