38 38 -1 57
57 57 -1 75
39 39 -1 58
58 58 -1 75
75 75 93 94
159 159 -1 57
160 160 -1 58
93 93 114 115
94 94 116 83
40 40 -1 59
59 59 76 77
41 41 -1 59
76 76 -1 93
77 77 -1 94
161 161 -1 76
162 162 -1 77
114 114 99 101
115 115 103 105
116 116 107 109
83 83 -1 111
-1 163 159 167
167 167 -1 95
-1 164 160 168
168 168 -1 96
-1 153 159 161
-1 154 160 162
-1 165 161 169
169 169 -1 97
-1 166 162 170
170 170 -1 98
78 78 95 96
95 95 -1 114
96 96 -1 115
99 99 117 118
101 101 119 120
79 79 99 101
103 103 121 122
105 105 123 124
80 80 103 105
81 81 97 98
97 97 -1 116
98 98 -1 84
84 84 -1 111
107 107 125 126
109 109 127 128
82 82 107 109
111 111 129 130
42 42 -1 60
60 60 78 81
43 43 -1 60
44 44 61 62
61 61 -1 78
62 62 -1 81
45 45 61 62
-1 155 167 163
-1 156 168 164
-1 157 169 165
-1 158 170 166
63 63 79 80
64 64 79 80
117 117 138 139
118 118 136 137
100 100 118 117
119 119 134 135
120 120 132 133
102 102 120 119
121 121 146 147
122 122 144 145
104 104 122 121
123 123 142 143
124 124 140 141
106 106 124 123
46 46 63 65
65 65 82 85
47 47 63 65
-1 131 64 66
66 66 82 85
48 48 64 66
85 85 112 113
125 125 152 131
126 126 150 151
108 108 126 125
127 127 153 154
128 128 148 149
110 110 128 127
67 67 91 83
91 91 110 108
68 68 91 84
129 129 155 156
130 130 157 158
112 112 -1 130
113 113 -1 129
86 86 112 113
69 69 86 92
92 92 110 108
70 70 86 92
49 49 71 67
71 71 87 89
50 50 71 67
87 87 102 100
89 89 106 104
72 72 87 89
51 51 72 68
52 52 72 68
88 88 102 100
90 90 106 104
73 73 88 90
74 74 88 90
53 53 73 69
54 54 73 69
55 55 74 70
56 56 74 70
