38 38 -1 40
40 40 -1 70
39 39 -1 41
41 41 -1 71
70 70 -1 78
71 71 -1 78
78 78 84 85
42 42 -1 44
44 44 -1 72
43 43 -1 45
45 45 -1 73
72 72 -1 79
73 73 -1 79
79 79 85 84
46 46 -1 70
47 47 -1 71
84 84 89 86
85 85 87 88
48 48 -1 72
49 49 -1 73
50 50 -1 52
52 52 -1 74
51 51 -1 53
53 53 -1 75
74 74 -1 80
75 75 -1 81
-1 80 60 64
-1 81 61 65
54 54 -1 56
56 56 -1 76
55 55 -1 57
57 57 -1 77
76 76 -1 82
77 77 -1 83
-1 82 62 66
-1 83 63 67
58 58 -1 74
59 59 -1 75
60 60 -1 46
64 64 -1 58
61 61 -1 47
65 65 -1 59
68 68 -1 76
69 69 -1 77
62 62 -1 48
66 66 -1 68
63 63 -1 49
67 67 -1 69
-1 86 69 68
