38 38 57 58
57 57 85 86
58 58 88 90
39 39 57 58
85 85 113 114
86 86 122 124
113 113 85 86
88 88 121 126
90 90 128 130
114 114 88 90
81 81 59 61
59 59 81 87
61 61 89 91
40 40 59 61
87 87 122 124
60 60 81 87
89 89 121 126
91 91 128 130
62 62 89 91
41 41 60 62
42 42 60 62
43 43 63 65
63 63 96 94
65 65 82 92
44 44 63 65
96 96 131 142
94 94 127 129
64 64 96 94
82 82 64 66
92 92 123 125
66 66 82 92
45 45 67 68
67 67 97 95
68 68 93 98
46 46 67 68
97 97 131 142
95 95 127 129
115 115 97 95
93 93 123 125
98 98 116 115
116 116 93 98
47 47 64 66
48 48 69 70
69 69 99 100
70 70 102 104
49 49 69 70
99 99 117 118
100 100 134 140
117 117 99 100
102 102 143 138
104 104 132 136
118 118 102 104
83 83 71 73
71 71 83 101
73 73 103 105
50 50 71 73
101 101 134 140
72 72 83 101
103 103 143 138
105 105 132 136
74 74 103 105
51 51 72 74
52 52 72 74
53 53 75 77
75 75 110 108
77 77 84 106
54 54 75 77
110 110 137 144
108 108 139 133
76 76 110 108
84 84 76 78
106 106 135 141
78 78 84 106
55 55 76 78
-1 185 79 80
79 79 111 109
80 80 107 112
56 56 79 80
111 111 137 144
109 109 139 133
119 119 111 109
107 107 135 141
112 112 120 119
120 120 107 112
121 121 113 114
122 122 145 147
124 124 149 151
126 126 153 155
128 128 157 159
130 130 161 163
145 145 165 166
147 147 167 168
123 123 145 147
149 149 169 170
151 151 171 172
125 125 149 151
153 153 173 174
155 155 175 176
127 127 153 155
157 157 177 178
159 159 179 180
129 129 157 159
161 161 181 182
163 163 183 184
131 131 161 163
165 165 212 213
166 166 210 211
146 146 166 165
167 167 216 217
168 168 214 215
148 148 168 167
169 169 220 221
170 170 218 219
150 150 170 169
171 171 224 185
172 172 222 223
152 152 172 171
173 173 188 189
174 174 186 187
154 154 174 173
175 175 192 193
176 176 190 191
156 156 176 175
177 177 196 197
178 178 194 195
158 158 178 177
179 179 200 201
180 180 198 199
160 160 180 179
142 142 116 115
181 181 204 205
182 182 202 203
162 162 182 181
183 183 208 209
184 184 206 207
164 164 184 183
132 132 154 150
133 133 154 150
134 134 156 152
135 135 156 152
136 136 158 160
137 137 158 160
138 138 162 148
139 139 162 148
140 140 164 146
141 141 164 146
143 143 117 118
144 144 120 119
