38 38 57 58
57 57 79 80
58 58 83 84
39 39 57 58
79 79 102 103
80 80 104 105
83 83 108 106
84 84 101 107
59 59 77 78
77 77 -1 79
78 78 -1 80
60 60 77 78
102 102 137 139
103 103 141 143
125 125 102 103
104 104 145 147
105 105 149 151
126 126 104 105
61 61 81 82
81 81 -1 83
82 82 -1 84
62 62 81 82
108 108 155 153
106 106 129 135
127 127 108 106
101 101 125 126
107 107 127 128
128 128 101 107
40 40 59 61
41 41 59 61
42 42 60 62
43 43 60 62
129 129 125 126
137 137 157 158
139 139 159 160
130 130 137 139
141 141 161 162
143 143 163 164
131 131 141 143
145 145 165 166
147 147 167 168
132 132 145 147
149 149 169 170
151 151 171 172
133 133 149 151
135 135 127 128
134 134 129 135
155 155 174 175
153 153 -1 173
136 136 155 154
154 154 -1 173
44 44 63 65
63 63 85 87
65 65 89 91
45 45 63 65
85 85 109 111
87 87 113 115
64 64 85 87
89 89 117 119
91 91 121 123
66 66 89 91
46 46 64 66
47 47 64 66
109 109 146 148
111 111 156 153
86 86 109 111
113 113 134 136
115 115 142 144
88 88 113 115
117 117 132 133
119 119 152 150
90 90 117 119
121 121 130 131
123 123 140 138
92 92 121 123
67 67 86 88
146 146 166 165
148 148 168 167
110 110 146 148
156 156 175 174
112 112 156 154
114 114 134 136
142 142 162 161
144 144 164 163
116 116 142 144
-1 218 86 94
94 94 118 120
-1 219 88 96
96 96 122 124
48 48 67 74
74 74 94 96
68 68 90 92
69 69 90 92
118 118 132 133
152 152 172 171
150 150 170 169
120 120 152 150
122 122 130 131
140 140 160 159
138 138 158 157
124 124 140 138
49 49 68 75
75 75 98 100
50 50 68 75
51 51 69 76
76 76 98 100
52 52 69 76
53 53 70 72
70 70 93 95
72 72 97 99
54 54 70 72
93 93 118 120
95 95 122 124
71 71 93 95
97 97 110 112
99 99 114 116
73 73 97 99
55 55 71 73
56 56 71 73
98 98 110 112
100 100 114 116
214 214 -1 218
215 215 -1 219
-1 216 67 214
-1 217 74 215
157 157 178 179
158 158 176 177
159 159 182 183
160 160 180 181
161 161 186 187
162 162 184 185
163 163 190 191
164 164 188 189
165 165 194 195
166 166 192 193
167 167 198 199
168 168 196 197
169 169 202 203
170 170 200 201
171 171 206 207
172 172 204 205
173 173 212 213
174 174 210 211
175 175 208 209
-1 212 214 216
-1 213 215 217
