38 38 57 59
57 57 77 79
59 59 81 82
39 39 57 59
77 77 101 103
79 79 105 107
58 58 77 79
81 81 109 111
82 82 113 115
60 60 81 82
40 40 58 60
41 41 58 60
101 101 133 134
103 103 135 136
78 78 101 103
105 105 145 147
107 107 149 151
80 80 105 107
109 109 153 155
111 111 157 159
133 133 109 111
113 113 161 163
115 115 165 141
134 134 113 115
61 61 78 80
62 62 78 80
102 102 133 134
135 135 102 104
136 136 106 108
104 104 135 136
145 145 171 172
147 147 173 174
106 106 145 147
149 149 175 176
151 151 177 178
108 108 149 151
42 42 61 63
63 63 84 86
43 43 61 63
44 44 62 64
64 64 84 86
45 45 62 64
153 153 179 180
155 155 181 182
110 110 153 155
157 157 183 184
159 159 185 186
112 112 157 159
161 161 187 188
163 163 189 190
114 114 161 163
165 165 191 192
-1 141 168 169
116 116 165 142
-1 142 168 169
83 83 102 104
84 84 110 112
86 86 117 119
85 85 110 112
117 117 162 164
119 119 166 139
87 87 117 119
65 65 85 87
66 66 85 87
162 162 188 187
164 164 190 189
118 118 162 164
166 166 192 191
-1 139 167 170
120 120 166 140
-1 140 167 170
46 46 65 67
67 67 83 88
47 47 65 67
48 48 66 68
68 68 83 88
49 49 66 68
88 88 106 108
50 50 69 71
69 69 89 91
71 71 93 94
51 51 69 71
89 89 118 120
91 91 121 123
70 70 89 91
93 93 127 129
94 94 125 131
72 72 93 94
52 52 70 72
53 53 70 72
90 90 118 120
121 121 150 152
123 123 158 160
92 92 121 123
127 127 146 148
129 129 154 156
137 137 127 129
125 125 137 138
131 131 143 144
138 138 125 131
73 73 90 92
167 167 90 92
150 150 176 175
152 152 178 177
122 122 150 152
158 158 184 183
160 160 186 185
124 124 158 160
54 54 73 74
74 74 97 95
55 55 73 74
170 170 98 96
126 126 137 138
146 146 172 171
148 148 174 173
128 128 146 148
154 154 180 179
156 156 182 181
130 130 154 156
143 143 114 116
144 144 122 124
132 132 143 144
95 95 126 132
96 96 126 132
97 97 128 130
168 168 97 95
169 169 99 100
98 98 128 130
99 99 114 116
100 100 122 124
75 75 99 100
-1 193 75 76
76 76 98 96
56 56 75 76
171 171 196 197
172 172 194 195
173 173 200 201
174 174 198 199
175 175 204 205
176 176 202 203
177 177 208 209
178 178 206 207
179 179 212 213
180 180 210 211
181 181 216 217
182 182 214 215
183 183 220 221
184 184 218 219
185 185 224 225
186 186 222 223
187 187 228 229
188 188 226 227
189 189 232 233
190 190 230 231
191 191 236 193
192 192 234 235
