38 38 57 59
57 57 77 79
59 59 81 83
39 39 57 59
77 77 101 103
79 79 105 107
58 58 77 79
81 81 109 111
83 83 113 115
60 60 81 83
40 40 58 60
41 41 58 60
101 101 125 127
103 103 129 131
78 78 101 103
105 105 133 135
107 107 137 139
80 80 105 107
109 109 141 143
111 111 145 147
82 82 109 111
113 113 149 151
115 115 153 155
84 84 113 115
61 61 78 80
62 62 78 80
125 125 158 159
127 127 160 161
102 102 125 127
129 129 162 163
131 131 164 165
104 104 129 131
133 133 166 167
135 135 168 169
106 106 133 135
137 137 170 171
139 139 172 173
108 108 137 139
42 42 61 63
63 63 82 84
43 43 61 63
44 44 62 64
64 64 82 84
45 45 62 64
141 141 174 175
143 143 176 177
110 110 141 143
145 145 178 179
147 147 180 181
112 112 145 147
149 149 182 183
-1 151 187 189
114 114 149 152
-1 152 187 190
153 153 184 192
155 155 185 186
116 116 153 155
85 85 102 104
86 86 102 104
158 158 196 197
159 159 194 195
126 126 159 158
160 160 200 201
161 161 198 199
128 128 161 160
162 162 204 205
163 163 202 203
130 130 163 162
164 164 208 209
165 165 206 207
132 132 165 164
65 65 85 87
87 87 106 108
66 66 85 87
67 67 86 88
88 88 106 108
68 68 86 88
166 166 212 213
167 167 210 211
134 134 167 166
168 168 216 217
169 169 214 215
136 136 169 168
170 170 220 221
171 171 218 219
138 138 171 170
172 172 224 225
173 173 222 223
140 140 173 172
89 89 110 112
90 90 110 112
174 174 228 229
175 175 226 227
142 142 175 174
176 176 232 233
177 177 230 231
144 144 177 176
178 178 236 237
179 179 234 235
146 146 179 178
180 180 240 241
181 181 238 239
148 148 181 180
69 69 89 91
91 91 114 116
70 70 89 91
71 71 90 92
92 92 114 116
72 72 90 92
182 182 244 245
183 183 242 243
150 150 183 182
187 187 252 253
-1 189 254 256
-1 190 254 256
184 184 246 247
-1 192 260 258
154 154 184 193
-1 193 260 259
185 185 250 251
186 186 248 249
156 156 186 185
46 46 65 69
47 47 65 69
48 48 66 70
49 49 66 70
50 50 67 71
51 51 67 71
52 52 68 72
53 53 68 72
117 117 126 128
93 93 117 118
118 118 130 132
94 94 117 118
-1 267 126 142
-1 268 128 144
-1 269 130 146
-1 270 132 148
119 119 134 136
95 95 119 120
120 120 138 140
96 96 119 120
-1 271 134 150
-1 272 136 275
-1 275 188 276
-1 273 138 154
-1 274 140 156
121 121 142 144
97 97 121 122
122 122 146 148
98 98 121 122
123 123 150 157
-1 157 188 191
252 252 93 95
253 253 97 99
188 188 252 253
254 254 261 262
256 256 263 264
99 99 123 124
124 124 154 156
100 100 123 124
-1 191 257 255
-1 276 257 255
257 257 264 263
255 255 262 261
260 260 75 76
-1 258 265 266
-1 259 265 266
73 73 93 95
74 74 97 99
54 54 73 74
55 55 73 74
261 261 269 270
262 262 267 268
263 263 273 274
264 264 271 272
265 265 94 96
75 75 94 96
266 266 98 100
76 76 98 100
56 56 75 76
