87 87 59 61
59 59 87 94
61 61 96 98
39 39 59 61
94 94 115 117
60 60 87 94
96 96 119 121
98 98 123 125
62 62 96 98
40 40 62 60
41 41 62 60
42 42 63 65
63 63 95 102
65 65 88 104
43 43 63 65
95 95 115 117
102 102 120 122
64 64 95 102
88 88 66 64
104 104 124 126
66 66 88 104
44 44 66 64
89 89 69 67
69 69 103 100
67 67 89 105
45 45 69 67
105 105 124 126
68 68 89 105
103 103 120 122
100 100 116 118
70 70 103 100
46 46 68 70
47 47 68 70
48 48 71 73
71 71 90 101
73 73 97 99
49 49 71 73
90 90 74 72
101 101 116 118
72 72 90 101
97 97 119 121
99 99 123 125
74 74 97 99
50 50 74 72
91 91 75 77
75 75 91 109
77 77 108 107
51 51 75 77
109 109 133 135
76 76 91 109
108 108 131 137
107 107 127 129
78 78 108 107
52 52 78 76
53 53 78 76
54 54 79 81
79 79 110 111
81 81 92 113
55 55 79 81
110 110 133 135
111 111 132 138
80 80 110 111
92 92 82 80
113 113 128 130
82 82 92 113
56 56 82 80
93 93 85 83
85 85 112 106
83 83 93 114
57 57 85 83
114 114 128 130
84 84 93 114
112 112 132 138
106 106 134 136
86 86 112 106
-1 202 84 86
58 58 84 86
115 115 139 141
117 117 143 145
119 119 147 149
121 121 151 153
123 123 155 157
125 125 159 161
139 139 -1 163
141 141 -1 164
116 116 140 142
140 140 -1 163
142 142 -1 164
143 143 -1 165
145 145 -1 166
118 118 144 146
144 144 -1 165
146 146 -1 166
147 147 -1 173
149 149 -1 167
120 120 148 150
148 148 -1 173
150 150 -1 167
151 151 -1 168
153 153 -1 169
122 122 152 154
152 152 -1 168
154 154 -1 169
155 155 -1 170
157 157 -1 174
124 124 156 158
156 156 -1 170
158 158 -1 174
159 159 -1 171
161 161 -1 172
126 126 160 162
160 160 -1 171
162 162 -1 172
163 163 176 177
164 164 178 179
165 165 180 181
166 166 182 183
127 127 139 143
128 128 140 144
129 129 141 157
130 130 142 158
131 131 145 159
132 132 146 160
173 173 194 195
167 167 184 185
168 168 186 187
169 169 188 189
170 170 190 191
174 174 196 197
171 171 192 193
172 172 -1 175
133 133 147 153
134 134 148 154
194 194 134 136
195 195 127 129
135 135 149 151
136 136 150 152
-1 200 194 196
196 196 200 201
-1 201 195 197
197 197 131 137
137 137 155 161
138 138 156 162
-1 175 198 199
198 198 -1 202
-1 199 198 58
