39 39 -1 41
41 41 -1 64
40 40 -1 42
42 42 -1 65
64 64 -1 75
65 65 -1 76
75 75 -1 84
76 76 -1 81
43 43 -1 45
45 45 -1 66
44 44 -1 46
46 46 -1 67
66 66 -1 77
67 67 -1 78
77 77 -1 82
78 78 -1 83
47 47 -1 64
48 48 -1 65
-1 81 86 85
49 49 -1 66
50 50 -1 67
-1 82 70 87
-1 83 71 88
51 51 -1 53
53 53 -1 68
52 52 -1 54
54 54 -1 69
68 68 -1 75
69 69 -1 76
55 55 -1 70
70 70 -1 79
56 56 -1 71
71 71 -1 80
79 79 -1 77
80 80 -1 78
-1 87 72 74
-1 88 73 89
72 72 -1 68
73 73 -1 69
74 74 -1 79
89 89 -1 80
57 57 -1 47
58 58 -1 48
59 59 -1 49
60 60 -1 50
61 61 -1 72
62 62 -1 73
63 63 -1 74
86 86 -1 89
-1 85 86 63
