39 39 59 61
59 59 -1 88
61 61 -1 63
40 40 60 62
60 60 -1 89
62 62 -1 64
88 88 -1 98
89 89 -1 98
63 63 -1 91
64 64 -1 91
41 41 59 63
42 42 60 64
98 98 106 105
-1 132 61 88
-1 133 62 89
91 91 102 100
43 43 65 67
65 65 -1 90
67 67 -1 69
44 44 66 68
66 66 -1 87
68 68 -1 70
90 90 -1 97
87 87 -1 97
69 69 -1 92
70 70 -1 92
45 45 65 69
46 46 66 70
97 97 106 105
-1 131 68 87
92 92 102 100
106 106 114 113
105 105 112 111
102 102 110 109
100 100 108 107
47 47 71 73
71 71 -1 75
73 73 -1 77
48 48 72 74
72 72 -1 76
74 74 -1 78
75 75 -1 93
76 76 -1 93
77 77 -1 95
78 78 -1 95
49 49 71 77
50 50 72 78
93 93 99 101
51 51 73 75
52 52 74 76
95 95 103 104
53 53 79 81
79 79 -1 83
81 81 -1 85
54 54 80 82
80 80 -1 84
82 82 -1 86
83 83 -1 94
84 84 -1 94
85 85 -1 96
86 86 -1 96
55 55 79 85
56 56 80 86
94 94 99 101
57 57 81 83
58 58 82 84
96 96 103 104
99 99 107 108
101 101 109 110
103 103 111 112
104 104 113 114
107 107 128 115
108 108 126 127
109 109 129 130
110 110 124 125
111 111 122 123
112 112 120 121
113 113 118 119
114 114 116 117
-1 129 67 132
-1 130 90 133
-1 115 55 131
