39 39 -1 67
67 67 -1 77
40 40 -1 68
68 68 -1 78
77 77 -1 83
78 78 -1 81
41 41 -1 43
43 43 -1 74
42 42 -1 44
44 44 -1 75
74 74 -1 79
75 75 -1 80
45 45 -1 69
69 69 -1 71
46 46 -1 70
70 70 -1 76
71 71 -1 81
76 76 -1 83
47 47 -1 49
49 49 -1 72
48 48 -1 50
50 50 -1 73
-1 93 69 47
-1 94 70 48
72 72 -1 79
73 73 -1 80
81 81 -1 82
83 83 86 87
-1 89 67 91
91 91 -1 93
-1 90 68 92
92 92 -1 94
79 79 -1 84
80 80 -1 85
51 51 -1 53
53 53 -1 74
52 52 -1 54
54 54 -1 75
55 55 -1 64
64 64 -1 77
56 56 -1 65
65 65 -1 78
57 57 -1 59
59 59 -1 72
58 58 -1 60
60 60 -1 73
61 61 -1 63
63 63 -1 71
62 62 -1 66
66 66 -1 76
-1 84 91 89
-1 85 92 90
-1 82 65 88
-1 88 64 66
