39 39 -1 59
59 59 77 78
40 40 -1 59
77 77 93 94
78 78 95 96
41 41 60 61
60 60 -1 77
61 61 -1 78
42 42 60 61
93 93 110 111
94 94 112 113
95 95 117 118
96 96 114 119
62 62 79 80
79 79 -1 93
80 80 -1 94
63 63 79 80
110 110 121 122
111 111 123 120
141 141 110 111
112 112 124 125
113 113 126 127
142 142 112 113
64 64 81 82
81 81 -1 95
82 82 -1 96
65 65 81 82
117 117 128 129
118 118 131 170
143 143 117 118
114 114 109 116
119 119 132 177
144 144 114 119
43 43 62 64
44 44 62 64
45 45 63 65
46 46 63 65
109 109 141 142
145 145 141 142
121 121 181 182
122 122 183 184
97 97 121 122
123 123 185 186
120 120 146 180
98 98 123 120
124 124 152 153
125 125 155 156
99 99 124 125
126 126 158 159
127 127 161 162
100 100 126 127
116 116 143 144
101 101 109 116
115 115 145 147
147 147 143 144
146 146 145 147
128 128 164 165
129 129 167 168
102 102 128 129
131 131 171 172
170 170 -1 227
103 103 131 130
130 130 -1 187
132 132 174 175
-1 177 178 188
104 104 132 133
-1 133 178 188
83 83 101 104
84 84 101 104
105 105 115 134
134 134 179 176
221 221 115 134
180 180 179 176
148 148 146 180
85 85 97 98
86 86 97 98
181 181 148 151
182 182 149 150
149 149 181 182
183 183 160 163
184 184 154 157
150 150 183 184
185 185 173 170
186 186 166 169
151 151 185 186
66 66 85 87
87 87 99 100
67 67 85 87
68 68 86 88
88 88 99 100
69 69 86 88
152 152 192 193
153 153 190 191
154 154 153 152
155 155 196 197
156 156 194 195
157 157 156 155
158 158 200 201
159 159 198 199
160 160 159 158
161 161 204 205
162 162 202 203
163 163 162 161
89 89 102 103
90 90 102 103
164 164 208 209
165 165 206 207
166 166 165 164
167 167 212 213
168 168 210 211
169 169 168 167
-1 227 234 231
-1 187 229 228
171 171 216 217
172 172 214 215
173 173 172 171
70 70 89 83
71 71 89 83
72 72 90 84
73 73 90 84
174 174 220 189
175 175 218 219
176 176 175 174
178 178 221 226
188 188 224 225
91 91 105 108
108 108 140 139
226 226 140 139
179 179 222 223
-1 222 221 224
224 224 136 135
-1 223 226 225
225 225 138 137
135 135 148 151
47 47 66 70
48 48 66 70
49 49 67 71
50 50 67 71
51 51 68 72
52 52 68 72
53 53 69 73
54 54 69 73
136 136 149 150
137 137 160 163
138 138 154 157
106 106 136 135
139 139 173 130
140 140 166 169
107 107 138 137
-1 234 233 231
231 231 -1 232
-1 229 233 228
228 228 -1 232
-1 189 57 230
55 55 -1 74
74 74 91 92
56 56 -1 74
92 92 106 107
57 57 75 76
75 75 -1 91
76 76 -1 92
58 58 75 76
239 239 -1 105
240 240 -1 108
235 235 239 240
241 241 -1 106
242 242 -1 107
236 236 241 242
-1 237 239 241
-1 238 240 242
232 232 237 238
233 233 235 236
-1 230 235 236
