3 3 5 7
5 5 9 11
7 7 13 15
-1 74 5 69
69 69 -1 84
-1 75 7 70
70 70 -1 84
-1 9 17 18
-1 11 19 20
6 6 10 12
-1 10 17 18
-1 12 19 20
-1 13 22 21
-1 15 25 23
8 8 14 16
-1 14 22 21
-1 16 25 24
-1 85 6 8
4 4 6 8
17 17 26 27
18 18 28 29
19 19 30 31
20 20 32 33
22 22 35 36
21 21 34 39
25 25 37 38
23 23 -1 40
24 24 -1 41
26 26 49 50
27 27 47 48
28 28 53 54
29 29 51 52
30 30 57 58
31 31 55 56
32 32 61 62
33 33 59 60
34 34 65 66
65 65 76 77
66 66 78 79
39 39 67 68
-1 86 66 68
68 68 82 83
-1 87 65 67
67 67 80 81
-1 76 27 29
-1 77 26 28
-1 78 31 33
-1 79 30 32
35 35 45 46
36 36 43 44
-1 40 71 69
-1 41 71 70
37 37 -1 42
38 38 63 64
-1 80 34 36
-1 81 39 35
-1 82 23 38
-1 83 24 37
84 84 86 87
71 71 74 75
-1 42 72 73
72 72 -1 85
-1 73 72 4
