3 3 5 7
5 5 9 11
7 7 13 15
-1 66 5 74
-1 74 69 71
-1 67 7 75
-1 75 68 70
-1 9 17 18
-1 11 19 20
6 6 10 12
-1 10 17 18
-1 12 19 20
-1 13 22 21
-1 15 23 24
8 8 14 16
-1 14 22 21
-1 16 23 24
-1 84 6 8
4 4 6 8
17 17 25 26
18 18 27 28
19 19 29 30
20 20 31 32
22 22 34 35
21 21 33 40
23 23 36 37
24 24 38 39
25 25 48 49
26 26 46 47
27 27 52 53
28 28 50 51
29 29 56 57
30 30 54 55
31 31 60 61
32 32 58 59
33 33 68 69
68 68 76 77
69 69 78 79
40 40 70 71
71 71 82 83
70 70 80 81
-1 76 26 28
-1 77 25 27
-1 78 30 32
-1 79 29 31
34 34 44 45
35 35 42 43
36 36 66 67
37 37 62 63
38 38 -1 41
39 39 64 65
-1 80 33 35
-1 81 40 34
-1 82 37 39
-1 83 36 38
-1 41 72 73
72 72 -1 84
-1 73 72 4
