3 3 5 6
5 5 7 8
6 6 9 10
4 4 5 6
-1 7 11 12
-1 8 13 14
9 9 15 16
-1 10 17 18
-1 116 132 100
-1 132 11 12
100 100 -1 125
-1 117 133 101
-1 133 13 14
101 101 -1 126
11 11 20 21
12 12 22 23
13 13 24 25
14 14 26 27
-1 118 9 130
130 130 -1 145
-1 119 134 131
-1 134 17 120
131 131 -1 146
15 15 29 30
16 16 28 31
141 141 15 16
17 17 33 32
18 18 -1 19
120 120 -1 19
98 98 116 117
-1 125 137 139
-1 126 138 140
-1 34 98 100
-1 35 99 101
99 99 118 119
-1 145 137 139
-1 146 138 157
-1 158 99 130
-1 159 98 131
20 20 38 39
21 21 40 41
22 22 42 43
23 23 44 45
24 24 46 47
25 25 48 49
26 26 50 51
27 27 52 53
128 128 143 142
143 143 152 153
142 142 150 151
-1 135 142 147
-1 147 154 148
-1 136 143 141
-1 127 128 129
129 129 141 144
-1 150 20 22
-1 151 21 23
-1 152 24 26
-1 153 25 27
-1 144 154 155
29 29 54 55
30 30 56 57
36 36 29 30
28 28 36 37
-1 31 61 18
37 37 28 102
-1 102 61 120
33 33 59 60
32 32 -1 58
154 154 33 63
63 63 -1 58
19 19 34 35
155 155 -1 156
148 148 -1 156
156 156 158 159
121 121 -1 135
122 122 -1 136
-1 123 128 121
-1 124 129 122
38 38 66 67
39 39 64 65
40 40 70 71
41 41 68 69
42 42 74 75
43 43 72 73
44 44 78 79
45 45 76 77
46 46 82 83
47 47 80 81
48 48 86 87
49 49 84 85
50 50 90 91
51 51 88 89
52 52 94 95
53 53 92 93
137 137 36 37
54 54 106 107
55 55 104 105
138 138 55 54
56 56 110 111
57 57 108 109
139 139 57 56
61 61 103 63
58 58 112 113
59 59 -1 62
60 60 96 97
103 103 60 59
-1 157 149 155
149 149 103 32
-1 140 149 148
-1 104 39 43
-1 105 38 42
-1 106 41 45
-1 107 40 44
-1 108 47 51
-1 109 46 50
-1 110 49 53
-1 111 48 52
-1 112 121 123
-1 113 122 124
-1 62 114 115
114 114 -1 127
-1 115 114 3
