3 3 5 6
5 5 7 8
6 6 9 10
4 4 5 6
-1 7 11 12
-1 8 13 14
-1 9 15 16
-1 10 17 18
-1 122 155 109
-1 155 11 12
109 109 -1 145
-1 123 156 110
-1 156 13 14
110 110 -1 144
11 11 20 21
12 12 22 23
13 13 24 25
14 14 26 27
-1 124 157 153
-1 157 15 16
153 153 -1 173
-1 125 158 154
-1 158 17 161
154 154 -1 172
15 15 28 29
16 16 30 31
17 17 33 32
18 18 -1 19
161 161 -1 19
107 107 122 123
-1 145 163 165
-1 144 162 164
-1 34 107 109
-1 35 108 110
108 108 124 125
-1 173 163 165
-1 172 162 164
-1 170 108 153
-1 171 107 154
20 20 36 37
21 21 38 39
22 22 40 41
23 23 42 43
24 24 44 45
25 25 46 47
26 26 48 49
27 27 50 51
148 148 167 166
167 167 176 177
166 166 174 175
-1 159 166 168
168 168 178 179
-1 160 167 169
169 169 180 181
-1 121 148 149
149 149 169 168
-1 174 20 22
-1 175 21 23
-1 176 24 26
-1 177 25 27
28 28 52 53
29 29 54 55
30 30 59 60
31 31 61 62
33 33 57 58
32 32 -1 56
19 19 34 35
-1 178 28 30
-1 179 29 31
-1 180 150 152
150 150 -1 170
152 152 -1 56
-1 181 33 151
151 151 -1 171
126 126 -1 159
127 127 -1 160
-1 128 148 126
-1 129 149 127
36 36 66 67
37 37 64 65
38 38 70 71
39 39 68 69
40 40 74 75
41 41 72 73
42 42 78 79
43 43 76 77
44 44 82 83
45 45 80 81
46 46 86 87
47 47 84 85
48 48 90 91
49 49 88 89
50 50 94 95
51 51 92 93
52 52 98 99
53 53 96 97
54 54 102 103
55 55 100 101
59 59 111 112
60 60 113 114
61 61 115 116
62 62 117 118
56 56 119 120
57 57 106 63
58 58 104 105
-1 130 18 58
-1 131 161 57
-1 132 150 32
-1 133 151 152
-1 134 37 41
-1 135 36 40
-1 136 39 43
-1 137 38 42
-1 138 45 49
-1 139 44 48
-1 140 47 51
-1 141 46 50
-1 142 55 59
-1 143 54 60
111 111 136 137
112 112 134 135
162 162 112 111
113 113 140 141
114 114 138 139
163 163 114 113
164 164 116 115
165 165 118 117
-1 146 53 61
-1 147 52 62
115 115 142 143
116 116 146 147
117 117 130 131
118 118 132 133
-1 119 126 128
-1 120 127 129
-1 63 3 121
