3 3 5 6
5 5 7 8
6 6 9 10
4 4 5 6
-1 7 11 12
-1 8 13 14
-1 9 15 16
-1 10 17 18
-1 127 159 112
-1 159 11 12
112 112 -1 148
-1 128 160 113
-1 160 13 14
113 113 -1 147
11 11 20 21
12 12 22 23
13 13 24 25
14 14 26 27
-1 129 161 157
-1 161 15 16
157 157 -1 179
-1 130 162 158
-1 162 17 163
158 158 -1 178
15 15 28 29
16 16 30 31
17 17 32 33
18 18 -1 19
163 163 -1 19
110 110 127 128
-1 148 165 167
-1 147 164 166
-1 34 110 112
-1 35 111 113
111 111 129 130
-1 179 165 167
-1 178 164 166
-1 176 111 157
-1 177 110 158
20 20 36 37
21 21 38 39
22 22 40 41
23 23 42 43
24 24 44 45
25 25 46 47
26 26 48 49
27 27 50 51
125 125 152 151
152 152 170 171
151 151 168 169
-1 131 151 153
153 153 172 173
-1 132 152 154
154 154 174 175
-1 124 125 126
126 126 154 153
-1 168 20 22
-1 169 21 23
-1 170 24 26
-1 171 25 27
28 28 52 53
29 29 54 55
30 30 60 61
31 31 62 63
32 32 56 57
33 33 58 59
19 19 34 35
-1 172 28 30
-1 173 29 31
-1 174 32 155
155 155 -1 176
-1 175 33 156
156 156 -1 177
-1 114 125 131
-1 115 126 132
36 36 67 68
37 37 65 66
38 38 71 72
39 39 69 70
40 40 75 76
41 41 73 74
42 42 79 80
43 43 77 78
44 44 83 84
45 45 81 82
46 46 87 88
47 47 85 86
48 48 91 92
49 49 89 90
50 50 95 96
51 51 93 94
52 52 99 100
53 53 97 98
54 54 103 104
55 55 101 102
60 60 116 117
61 61 118 119
62 62 120 121
63 63 122 123
56 56 114 115
57 57 105 106
58 58 109 64
59 59 107 108
-1 133 18 59
-1 134 163 58
-1 135 155 57
-1 136 156 56
-1 137 37 41
-1 138 36 40
-1 139 39 43
-1 140 38 42
-1 141 45 49
-1 142 44 48
-1 143 47 51
-1 144 46 50
-1 145 55 60
-1 146 54 61
116 116 139 140
117 117 137 138
164 164 117 116
118 118 143 144
119 119 141 142
165 165 119 118
166 166 121 120
167 167 123 122
-1 149 53 62
-1 150 52 63
120 120 145 146
121 121 149 150
122 122 133 134
123 123 135 136
-1 64 3 124
