3 3 5 6
5 5 7 8
6 6 9 10
4 4 5 6
-1 7 11 12
-1 8 13 14
-1 9 15 16
-1 10 17 18
-1 113 129 133
-1 129 11 12
-1 133 166 169
-1 114 130 134
-1 130 13 14
-1 134 165 117
11 11 20 21
12 12 22 23
13 13 24 25
14 14 26 27
-1 115 131 135
-1 131 15 16
-1 135 164 167
-1 116 132 136
-1 132 17 18
-1 136 163 168
15 15 28 29
16 16 30 31
17 17 19 32
18 18 34 33
19 19 35 36
35 35 113 114
36 36 115 116
-1 166 146 148
-1 169 153 154
-1 165 145 147
117 117 155 156
37 37 121 120
-1 121 146 148
-1 120 145 147
38 38 117 124
-1 124 153 154
-1 164 142 144
-1 167 151 150
-1 163 141 143
-1 168 152 149
39 39 119 118
-1 119 142 144
-1 118 141 143
40 40 122 123
-1 122 151 150
-1 123 152 149
20 20 41 42
21 21 43 44
22 22 45 46
23 23 47 48
24 24 49 50
25 25 51 52
26 26 53 54
27 27 55 56
158 158 171 170
171 171 176 177
170 170 174 175
-1 161 170 172
172 172 178 179
-1 162 171 173
173 173 180 181
-1 157 158 159
159 159 173 172
-1 174 20 22
-1 175 21 23
-1 176 24 26
-1 177 25 27
28 28 57 58
29 29 59 60
30 30 39 37
31 31 40 38
32 32 61 62
34 34 64 65
33 33 -1 63
-1 178 28 30
-1 179 29 31
-1 180 19 160
160 160 -1 63
-1 181 32 34
137 137 -1 161
138 138 -1 162
-1 139 158 137
-1 140 159 138
41 41 69 70
42 42 67 68
141 141 42 41
43 43 73 74
44 44 71 72
142 142 44 43
45 45 77 78
46 46 75 76
143 143 46 45
47 47 81 82
48 48 79 80
144 144 48 47
49 49 85 86
50 50 83 84
145 145 50 49
51 51 89 90
52 52 87 88
146 146 52 51
53 53 93 94
54 54 91 92
147 147 54 53
55 55 97 98
56 56 95 96
148 148 56 55
57 57 101 102
58 58 99 100
149 149 58 57
59 59 105 106
60 60 103 104
150 150 60 59
151 151 39 37
152 152 40 38
61 61 109 110
62 62 107 108
153 153 62 61
63 63 125 126
64 64 -1 66
65 65 111 112
154 154 65 64
-1 155 36 33
-1 156 35 160
-1 125 137 139
-1 126 138 140
-1 66 127 128
127 127 -1 157
-1 128 127 3
