3 3 5 6
5 5 7 8
6 6 9 10
4 4 5 6
-1 7 11 12
-1 8 13 14
-1 9 15 16
-1 10 17 18
-1 117 134 138
-1 134 11 12
-1 138 167 170
-1 118 135 139
-1 135 13 14
-1 139 166 121
11 11 20 21
12 12 22 23
13 13 24 25
14 14 26 27
-1 119 136 140
-1 136 15 16
-1 140 165 168
-1 120 137 141
-1 137 17 18
-1 141 164 169
15 15 28 29
16 16 30 31
17 17 19 32
18 18 33 34
19 19 35 36
35 35 117 118
36 36 119 120
-1 167 149 151
-1 170 156 157
-1 166 148 150
121 121 158 159
37 37 127 126
-1 127 149 151
-1 126 148 150
38 38 121 130
-1 130 156 157
-1 165 145 147
-1 168 154 153
-1 164 144 146
-1 169 155 152
39 39 125 124
-1 125 145 147
-1 124 144 146
40 40 128 129
-1 128 154 153
-1 129 155 152
20 20 41 42
21 21 43 44
22 22 45 46
23 23 47 48
24 24 49 50
25 25 51 52
26 26 53 54
27 27 55 56
132 132 161 160
161 161 173 174
160 160 171 172
-1 142 160 162
162 162 175 176
-1 143 161 163
163 163 177 178
-1 131 132 133
133 133 163 162
-1 171 20 22
-1 172 21 23
-1 173 24 26
-1 174 25 27
28 28 57 58
29 29 59 60
30 30 39 37
31 31 40 38
32 32 61 62
33 33 63 64
34 34 65 66
-1 175 28 30
-1 176 29 31
-1 177 19 33
-1 178 32 34
-1 122 132 142
-1 123 133 143
41 41 70 71
42 42 68 69
144 144 42 41
43 43 74 75
44 44 72 73
145 145 44 43
45 45 78 79
46 46 76 77
146 146 46 45
47 47 82 83
48 48 80 81
147 147 48 47
49 49 86 87
50 50 84 85
148 148 50 49
51 51 90 91
52 52 88 89
149 149 52 51
53 53 94 95
54 54 92 93
150 150 54 53
55 55 98 99
56 56 96 97
151 151 56 55
57 57 102 103
58 58 100 101
152 152 58 57
59 59 106 107
60 60 104 105
153 153 60 59
154 154 39 37
155 155 40 38
61 61 110 111
62 62 108 109
156 156 62 61
63 63 122 123
64 64 112 113
65 65 116 67
66 66 114 115
157 157 66 65
-1 158 36 64
-1 159 35 63
-1 67 3 131
