3 3 5 6
5 5 7 8
6 6 9 10
4 4 5 6
-1 7 11 12
-1 8 13 14
-1 9 15 16
-1 10 17 18
-1 122 137 141
-1 137 11 12
-1 141 177 181
-1 123 138 142
-1 138 13 14
-1 142 176 180
11 11 20 21
12 12 22 23
13 13 24 25
14 14 26 27
-1 124 139 143
-1 139 15 16
-1 143 174 179
-1 125 140 144
-1 140 17 159
-1 144 175 178
15 15 28 29
16 16 30 31
17 17 33 32
18 18 -1 19
159 159 -1 19
114 114 122 123
116 116 126 127
-1 126 150 154
-1 127 149 153
-1 150 162 164
-1 154 170 172
-1 177 162 164
-1 181 170 172
-1 149 161 163
-1 153 169 171
-1 176 161 163
-1 180 169 171
115 115 124 125
-1 174 173 159
-1 179 166 168
-1 175 160 192
-1 178 165 167
128 128 147 148
-1 147 173 18
-1 148 160 32
129 129 152 151
-1 152 166 168
-1 151 165 167
20 20 34 35
21 21 36 37
22 22 38 39
23 23 40 41
24 24 42 43
25 25 44 45
26 26 46 47
27 27 48 49
135 135 156 155
156 156 184 185
155 155 182 183
-1 145 155 157
157 157 186 187
-1 146 156 158
158 158 188 189
-1 134 135 136
136 136 158 157
-1 182 20 22
-1 183 21 23
-1 184 24 26
-1 185 25 27
28 28 50 51
29 29 52 53
30 30 54 55
31 31 56 57
33 33 59 60
32 32 -1 58
19 19 61 62
-1 186 28 30
-1 187 29 31
-1 188 190 192
190 190 -1 193
192 192 -1 58
-1 189 33 191
191 191 -1 194
-1 193 115 116
-1 194 114 195
160 160 190 191
130 130 -1 145
131 131 -1 146
-1 132 135 130
-1 133 136 131
34 34 66 67
35 35 64 65
161 161 35 34
36 36 70 71
37 37 68 69
162 162 37 36
38 38 74 75
39 39 72 73
163 163 39 38
40 40 78 79
41 41 76 77
164 164 41 40
42 42 82 83
43 43 80 81
165 165 43 42
44 44 86 87
45 45 84 85
166 166 45 44
46 46 90 91
47 47 88 89
167 167 47 46
48 48 94 95
49 49 92 93
168 168 49 48
50 50 98 99
51 51 96 97
169 169 51 50
52 52 102 103
53 53 100 101
170 170 53 52
54 54 106 107
55 55 104 105
171 171 55 54
56 56 110 111
57 57 108 109
172 172 57 56
58 58 117 118
59 59 -1 63
60 60 112 113
173 173 60 59
-1 61 114 119
-1 119 129 128
-1 62 115 116
-1 195 129 128
-1 117 130 132
-1 118 131 133
-1 63 120 121
120 120 -1 134
-1 121 120 3
