3 3 5 6
5 5 7 8
6 6 9 10
4 4 5 6
7 7 11 12
8 8 13 14
9 9 15 16
10 10 17 18
-1 219 7 223
223 223 -1 235
-1 220 8 224
224 224 -1 236
-1 11 19 20
-1 12 21 22
231 231 240 241
-1 240 19 20
-1 241 21 22
-1 13 24 25
-1 14 26 27
232 232 242 243
-1 242 24 25
-1 243 26 27
-1 221 9 225
225 225 -1 237
-1 222 10 226
226 226 -1 238
15 15 23 28
16 16 29 30
233 233 15 16
17 17 31 32
-1 18 33 34
234 234 17 244
-1 244 33 218
-1 185 219 223
-1 186 220 224
-1 235 39 35
-1 236 38 36
39 39 68 69
35 35 23 28
38 38 66 67
36 36 29 30
-1 187 221 225
-1 188 222 226
-1 237 41 37
-1 238 40 245
41 41 72 73
37 37 74 75
40 40 70 71
-1 245 76 246
216 216 231 232
19 19 43 44
20 20 45 46
21 21 47 48
22 22 49 50
24 24 51 52
25 25 53 54
26 26 55 56
27 27 57 58
-1 227 231 233
-1 228 232 234
-1 215 216 217
217 217 233 234
23 23 38 39
28 28 40 41
29 29 35 36
30 30 37 42
-1 31 59 60
-1 32 61 62
-1 74 59 60
-1 75 61 192
33 33 63 64
34 34 -1 65
218 218 -1 65
-1 189 216 227
-1 190 217 228
43 43 78 79
44 44 80 81
45 45 82 83
46 46 84 85
47 47 86 87
48 48 88 89
49 49 90 91
50 50 92 93
-1 66 43 45
-1 67 44 46
-1 68 47 49
-1 69 48 50
51 51 94 95
52 52 96 97
53 53 98 99
54 54 100 101
55 55 102 103
56 56 104 105
57 57 106 107
58 58 108 109
-1 70 51 53
-1 71 52 54
-1 72 55 57
-1 73 56 58
-1 42 76 77
59 59 110 111
60 60 112 115
61 61 113 114
-1 62 122 34
-1 192 122 218
63 63 116 117
64 64 118 119
76 76 63 64
65 65 120 121
77 77 -1 198
246 246 -1 198
198 198 121 120
78 78 126 127
79 79 124 125
80 80 130 131
81 81 128 129
82 82 134 135
83 83 132 133
84 84 138 139
85 85 136 137
86 86 142 143
87 87 140 141
88 88 146 147
89 89 144 145
90 90 150 151
91 91 148 149
92 92 154 155
93 93 152 153
94 94 158 159
95 95 156 157
96 96 162 163
97 97 160 161
98 98 166 167
99 99 164 165
100 100 170 171
101 101 168 169
102 102 174 175
103 103 172 173
104 104 178 179
105 105 176 177
106 106 209 210
107 107 207 208
108 108 213 214
109 109 211 212
110 110 201 202
111 111 199 200
112 112 193 194
-1 115 191 195
113 113 205 206
114 114 203 204
191 191 114 113
122 122 196 197
-1 193 111 112
-1 194 110 229
-1 229 191 239
-1 195 230 77
-1 239 230 246
230 230 196 197
116 116 189 190
117 117 180 181
196 196 117 116
118 118 184 123
119 119 182 183
197 197 119 118
120 120 185 186
121 121 187 188
-1 199 79 83
-1 200 78 82
-1 201 81 85
-1 202 80 84
-1 203 87 91
-1 204 86 90
-1 205 89 93
-1 206 88 92
-1 207 95 99
-1 208 94 98
-1 209 97 101
-1 210 96 100
-1 211 103 107
-1 212 102 106
-1 213 105 109
-1 214 104 108
-1 123 3 215
