40 40 -1 60
60 60 79 80
41 41 -1 60
79 79 97 98
80 80 99 100
42 42 61 62
61 61 -1 79
62 62 -1 80
43 43 61 62
97 97 113 115
98 98 117 119
99 99 121 123
100 100 125 127
63 63 81 82
81 81 -1 97
82 82 -1 98
64 64 81 82
113 113 131 132
115 115 133 134
117 117 136 143
119 119 137 138
65 65 83 84
83 83 -1 99
84 84 -1 100
66 66 83 84
121 121 140 141
-1 123 145 147
125 125 130 135
127 127 139 142
44 44 63 65
45 45 63 65
46 46 64 66
47 47 64 66
130 130 101 102
101 101 -1 113
102 102 -1 115
85 85 101 102
131 131 152 153
132 132 150 151
114 114 132 131
133 133 156 157
134 134 154 155
116 116 134 133
135 135 103 104
103 103 -1 117
104 104 -1 119
86 86 103 104
136 136 158 159
-1 143 173 171
118 118 136 144
-1 144 173 172
137 137 162 163
138 138 160 161
120 120 138 137
139 139 105 106
105 105 -1 121
106 106 -1 124
-1 124 145 147
87 87 105 106
140 140 166 149
141 141 164 165
122 122 141 140
145 145 168 167
147 147 170 169
142 142 107 108
107 107 -1 125
108 108 -1 127
88 88 107 108
126 126 130 135
128 128 139 142
109 109 126 128
67 67 85 86
68 68 85 86
48 48 67 69
69 69 87 88
49 49 67 69
50 50 68 70
70 70 87 88
51 51 68 70
110 110 114 116
167 167 178 179
178 178 -1 114
179 179 -1 116
174 174 178 179
111 111 118 120
173 173 177 175
-1 171 186 187
-1 172 186 187
168 168 180 181
180 180 -1 118
181 181 -1 120
175 175 180 181
112 112 122 129
-1 129 146 148
-1 149 176 174
146 146 168 167
170 170 184 185
169 169 182 183
148 148 170 169
182 182 -1 122
183 183 -1 188
-1 188 146 148
176 176 182 183
184 184 -1 126
185 185 -1 128
177 177 184 185
71 71 89 90
89 89 -1 112
90 90 -1 109
72 72 89 90
73 73 91 92
91 91 -1 112
92 92 -1 109
74 74 91 92
186 186 177 176
187 187 175 174
52 52 71 75
75 75 93 94
53 53 71 75
93 93 -1 110
94 94 -1 111
76 76 93 94
54 54 72 76
55 55 72 76
77 77 95 96
95 95 -1 110
96 96 -1 111
78 78 95 96
56 56 73 77
57 57 73 77
58 58 74 78
59 59 74 78
