40 40 -1 62
62 62 75 76
41 41 -1 62
75 75 87 89
76 76 91 93
42 42 63 64
63 63 -1 75
64 64 -1 76
43 43 63 64
87 87 101 102
89 89 103 104
91 91 105 108
93 93 106 107
65 65 77 78
77 77 -1 87
78 78 -1 89
101 101 116 117
102 102 114 115
88 88 102 101
103 103 120 121
104 104 118 119
90 90 104 103
66 66 79 80
79 79 -1 91
80 80 -1 93
105 105 122 123
-1 108 129 128
92 92 105 109
-1 109 129 128
106 106 126 127
107 107 124 125
94 94 107 106
44 44 65 66
45 45 65 66
138 138 -1 77
139 139 -1 78
140 140 -1 79
141 141 -1 80
81 81 88 90
128 128 142 143
142 142 -1 88
143 143 -1 90
82 82 92 94
129 129 144 145
144 144 -1 92
145 145 -1 94
46 46 -1 48
48 48 -1 67
47 47 -1 49
49 49 -1 68
67 67 -1 83
68 68 -1 84
-1 83 95 97
-1 84 95 98
50 50 -1 52
52 52 -1 69
51 51 -1 53
53 53 -1 70
69 69 -1 85
70 70 -1 86
-1 85 96 99
-1 86 96 100
54 54 -1 67
55 55 -1 68
95 95 110 111
97 97 -1 112
98 98 -1 112
56 56 -1 69
57 57 -1 70
96 96 111 110
99 99 -1 113
100 100 -1 113
110 110 132 133
111 111 136 137
112 112 130 131
113 113 134 135
-1 130 138 144
-1 131 139 145
-1 132 138 97
-1 133 139 98
-1 134 140 142
-1 135 141 143
-1 136 140 99
-1 137 141 100
58 58 71 72
71 71 -1 81
72 72 -1 82
59 59 71 72
60 60 73 74
73 73 -1 81
74 74 -1 82
61 61 73 74
