40 40 -1 60
60 60 -1 78
41 41 -1 61
61 61 -1 78
78 78 95 96
169 169 -1 60
170 170 -1 61
95 95 117 118
96 96 119 120
42 42 -1 62
62 62 79 80
43 43 -1 62
79 79 -1 95
80 80 -1 96
171 171 -1 79
172 172 -1 80
117 117 101 103
118 118 105 107
119 119 109 111
120 120 113 115
-1 173 169 177
177 177 -1 97
-1 174 170 178
178 178 -1 98
-1 163 169 171
-1 164 170 172
-1 175 171 179
179 179 -1 99
-1 176 172 180
180 180 -1 100
81 81 97 98
97 97 -1 117
98 98 -1 118
101 101 121 122
103 103 123 124
82 82 101 103
105 105 125 126
107 107 127 128
83 83 105 107
84 84 99 100
99 99 -1 119
100 100 -1 120
109 109 129 130
111 111 131 132
85 85 109 111
113 113 133 134
115 115 135 136
86 86 113 115
44 44 -1 63
63 63 81 84
45 45 -1 63
46 46 64 65
64 64 -1 81
65 65 -1 84
47 47 64 65
-1 165 177 173
-1 166 178 174
-1 167 179 175
-1 168 180 176
66 66 82 83
67 67 82 83
121 121 143 144
122 122 141 142
102 102 122 121
123 123 139 140
124 124 137 138
104 104 124 123
125 125 151 152
126 126 149 150
106 106 126 125
127 127 147 148
128 128 145 146
108 108 128 127
48 48 66 68
68 68 85 86
49 49 66 68
50 50 67 69
69 69 85 86
51 51 67 69
129 129 155 156
130 130 153 154
110 110 130 129
131 131 165 166
132 132 167 168
112 112 132 131
133 133 161 162
134 134 159 160
114 114 134 133
135 135 163 164
136 136 157 158
116 116 136 135
52 52 70 72
70 70 87 89
72 72 91 93
53 53 70 72
87 87 104 102
89 89 108 106
71 71 87 89
91 91 112 110
93 93 116 114
73 73 91 93
54 54 71 73
55 55 71 73
88 88 104 102
90 90 108 106
92 92 112 110
94 94 116 114
74 74 88 90
75 75 88 90
56 56 74 76
76 76 92 94
57 57 74 76
58 58 75 77
77 77 92 94
59 59 75 77
