40 40 -1 60
60 60 -1 79
41 41 -1 61
61 61 -1 79
79 79 96 97
-1 118 169 60
169 169 100 101
-1 119 169 61
96 96 121 122
97 97 123 124
42 42 -1 62
62 62 80 81
43 43 -1 62
80 80 -1 96
81 81 -1 97
-1 167 80 102
102 102 -1 123
-1 168 81 103
103 103 -1 124
121 121 104 106
122 122 108 110
123 123 98 112
124 124 114 116
98 98 120 118
120 120 167 168
99 99 120 119
100 100 -1 121
101 101 -1 122
82 82 100 101
83 83 102 103
104 104 125 126
106 106 127 128
84 84 104 106
108 108 129 130
110 110 131 132
85 85 108 110
112 112 133 134
86 86 98 112
114 114 135 136
116 116 137 138
87 87 114 116
44 44 63 64
63 63 -1 82
64 64 -1 83
45 45 63 64
46 46 65 66
65 65 -1 82
66 66 -1 83
47 47 65 66
67 67 84 85
68 68 84 85
125 125 141 142
126 126 139 140
105 105 126 125
127 127 145 146
128 128 143 144
107 107 128 127
129 129 149 150
130 130 147 148
109 109 130 129
131 131 153 154
132 132 151 152
111 111 132 131
48 48 67 69
69 69 86 87
49 49 67 69
50 50 68 70
70 70 86 87
51 51 68 70
133 133 157 158
134 134 155 156
113 113 134 133
135 135 161 162
136 136 159 160
115 115 136 135
137 137 165 166
138 138 163 164
117 117 138 137
88 88 105 107
89 89 105 107
71 71 88 90
90 90 109 111
72 72 88 90
73 73 89 91
91 91 109 111
74 74 89 91
92 92 99 113
93 93 99 113
75 75 92 94
94 94 115 117
76 76 92 94
77 77 93 95
95 95 115 117
78 78 93 95
52 52 71 75
53 53 71 75
54 54 72 76
55 55 72 76
56 56 73 77
57 57 73 77
58 58 74 78
59 59 74 78
