86 86 60 62
60 60 86 93
62 62 95 97
40 40 60 62
93 93 120 122
61 61 86 93
95 95 124 126
97 97 128 129
63 63 95 97
41 41 63 61
42 42 63 61
43 43 64 66
64 64 94 98
66 66 87 111
44 44 64 66
94 94 120 122
98 98 128 129
65 65 94 98
87 87 67 65
111 111 125 127
67 67 87 111
45 45 67 65
88 88 70 68
70 70 116 100
68 68 88 112
46 46 70 68
112 112 125 127
69 69 88 112
116 116 139 115
100 100 121 123
71 71 116 100
47 47 69 71
48 48 69 71
49 49 72 74
72 72 89 101
74 74 96 117
50 50 72 74
89 89 75 73
101 101 121 123
73 73 89 101
96 96 124 126
117 117 139 151
75 75 96 117
51 51 75 73
90 90 76 78
76 76 90 92
78 78 114 91
52 52 76 78
92 92 102 151
77 77 90 92
114 114 118 119
91 91 110 132
79 79 114 91
53 53 79 77
54 54 79 77
55 55 80 81
80 80 113 108
81 81 110 106
56 56 80 81
113 113 148 150
108 108 140 141
110 110 143 145
106 106 -1 136
132 132 -1 136
57 57 82 83
82 82 107 109
83 83 105 99
58 58 82 83
107 107 137 138
109 109 142 144
118 118 107 109
105 105 134 135
99 99 147 149
119 119 105 99
-1 183 84 85
84 84 103 104
85 85 102 115
59 59 84 85
103 103 -1 106
104 104 -1 133
102 102 130 131
115 115 -1 146
151 151 -1 176
120 120 152 103
122 122 155 104
124 124 175 146
126 126 169 133
128 128 147 149
129 129 158 161
152 152 130 131
121 121 152 153
153 153 -1 132
155 155 134 135
123 123 155 154
154 154 -1 162
175 175 143 145
146 146 -1 180
125 125 175 176
176 176 -1 180
169 169 168 165
133 133 -1 170
127 127 169 162
162 162 -1 170
147 147 177 178
149 149 179 181
158 158 157 156
161 161 160 159
130 130 156 157
131 131 159 160
134 134 163 164
135 135 166 167
156 156 186 187
157 157 184 185
159 159 190 191
160 160 188 189
136 136 168 165
170 170 142 144
163 163 198 199
164 164 196 197
165 165 164 163
166 166 194 195
167 167 192 193
168 168 167 166
137 137 -1 158
138 138 -1 161
139 139 140 141
140 140 -1 137
141 141 -1 138
142 142 171 172
144 144 173 174
171 171 202 203
172 172 200 201
143 143 172 171
173 173 206 207
174 174 204 205
145 145 174 173
180 180 148 150
177 177 210 211
178 178 208 209
148 148 178 177
179 179 212 183
-1 181 213 214
150 150 179 182
-1 182 213 214
213 213 215 216
214 214 118 119
-1 215 113 153
-1 216 108 154
