40 40 -1 60
60 60 -1 78
41 41 -1 61
61 61 -1 78
78 78 96 97
162 162 -1 60
163 163 -1 61
96 96 117 118
97 97 119 86
42 42 -1 62
62 62 79 80
43 43 -1 62
79 79 -1 96
80 80 -1 97
164 164 -1 79
165 165 -1 80
117 117 102 104
118 118 106 108
119 119 110 112
86 86 -1 114
-1 166 162 170
170 170 -1 98
-1 167 163 171
171 171 -1 99
-1 156 162 164
-1 157 163 165
-1 168 164 172
172 172 -1 100
-1 169 165 173
173 173 -1 101
81 81 98 99
98 98 -1 117
99 99 -1 118
102 102 120 121
104 104 122 123
82 82 102 104
106 106 124 125
108 108 126 127
83 83 106 108
84 84 100 101
100 100 -1 119
101 101 -1 87
87 87 -1 114
110 110 128 129
112 112 130 131
85 85 110 112
114 114 132 133
44 44 -1 63
63 63 81 84
45 45 -1 63
46 46 64 65
64 64 -1 81
65 65 -1 84
47 47 64 65
-1 158 170 166
-1 159 171 167
-1 160 172 168
-1 161 173 169
66 66 82 83
67 67 82 83
120 120 140 141
121 121 138 139
103 103 121 120
122 122 136 137
123 123 134 135
105 105 123 122
124 124 148 149
125 125 146 147
107 107 125 124
126 126 144 145
127 127 142 143
109 109 127 126
48 48 66 68
68 68 85 88
49 49 66 68
50 50 67 69
69 69 85 88
51 51 67 69
88 88 115 116
128 128 154 155
129 129 152 153
111 111 129 128
130 130 156 157
131 131 150 151
113 113 131 130
70 70 94 86
94 94 113 111
71 71 94 87
132 132 158 159
133 133 160 161
115 115 -1 133
116 116 -1 132
89 89 115 116
72 72 89 95
95 95 113 111
73 73 89 95
52 52 74 70
74 74 90 92
53 53 74 70
90 90 105 103
92 92 109 107
75 75 90 92
54 54 75 71
55 55 75 71
91 91 105 103
93 93 109 107
76 76 91 93
77 77 91 93
56 56 76 72
57 57 76 72
58 58 77 73
59 59 77 73
