40 40 60 62
60 60 80 82
62 62 84 85
41 41 60 62
80 80 98 100
82 82 102 104
61 61 80 82
84 84 106 108
85 85 110 112
63 63 84 85
42 42 61 63
43 43 61 63
98 98 129 130
100 100 136 134
81 81 98 100
102 102 138 140
104 104 127 128
83 83 102 104
106 106 142 144
108 108 146 148
211 211 106 108
110 110 150 152
112 112 133 131
217 217 110 112
86 86 81 83
64 64 81 83
129 129 143 145
130 130 137 135
99 99 129 130
136 136 155 156
134 134 -1 154
101 101 136 135
135 135 -1 154
138 138 157 158
140 140 159 160
103 103 138 140
127 127 151 153
128 128 139 141
105 105 127 128
44 44 64 75
75 75 95 97
45 45 64 75
142 142 161 162
144 144 163 164
107 107 142 144
146 146 165 166
148 148 167 168
109 109 146 148
150 150 169 170
152 152 171 172
111 111 150 152
133 133 147 149
131 131 126 132
113 113 133 131
-1 219 211 212
212 212 99 101
-1 220 217 218
218 218 103 105
-1 173 211 212
46 46 65 67
65 65 87 88
67 67 89 90
47 47 65 67
87 87 115 116
88 88 117 118
66 66 87 88
89 89 121 119
90 90 114 120
68 68 89 90
48 48 66 68
49 49 66 68
115 115 151 153
116 116 139 141
122 122 115 116
117 117 143 145
118 118 137 134
123 123 117 118
121 121 147 149
119 119 126 132
124 124 121 119
114 114 122 123
120 120 124 125
125 125 114 120
126 126 122 123
151 151 170 169
153 153 172 171
139 139 158 157
141 141 160 159
143 143 162 161
145 145 164 163
137 137 156 155
132 132 124 125
147 147 166 165
149 149 168 167
50 50 -1 69
69 69 70 71
51 51 -1 69
70 70 -1 86
71 71 -1 91
91 91 95 97
52 52 70 71
53 53 -1 72
72 72 73 74
54 54 -1 72
73 73 -1 86
74 74 -1 91
55 55 73 74
95 95 107 109
97 97 111 113
56 56 76 78
76 76 92 93
78 78 94 96
57 57 76 78
92 92 99 101
93 93 103 105
77 77 92 93
94 94 107 109
96 96 111 113
79 79 94 96
58 58 77 79
59 59 77 79
213 213 -1 219
214 214 -1 220
-1 215 213 217
-1 216 214 218
154 154 209 210
155 155 200 201
156 156 198 199
157 157 204 205
158 158 202 203
159 159 208 173
160 160 206 207
161 161 176 177
162 162 174 175
163 163 180 181
164 164 178 179
165 165 184 185
166 166 182 183
167 167 188 189
168 168 186 187
169 169 192 193
170 170 190 191
171 171 196 197
172 172 194 195
-1 209 213 215
-1 210 214 216
