40 40 -1 68
68 68 -1 78
41 41 -1 69
69 69 -1 79
78 78 -1 83
79 79 -1 83
42 42 -1 44
44 44 -1 76
43 43 -1 45
45 45 -1 77
76 76 -1 80
77 77 -1 81
46 46 -1 70
70 70 -1 72
47 47 -1 71
71 71 -1 73
72 72 -1 82
73 73 -1 82
48 48 -1 50
50 50 -1 74
49 49 -1 51
51 51 -1 75
-1 96 70 48
-1 97 71 49
74 74 -1 80
75 75 -1 81
82 82 84 85
-1 92 68 94
94 94 -1 96
-1 93 69 95
95 95 -1 97
83 83 85 84
80 80 -1 86
81 81 -1 87
52 52 -1 54
54 54 -1 76
53 53 -1 55
55 55 -1 77
56 56 -1 66
66 66 -1 78
57 57 -1 67
67 67 -1 79
58 58 -1 60
60 60 -1 74
59 59 -1 61
61 61 -1 75
62 62 -1 64
64 64 -1 72
63 63 -1 65
65 65 -1 73
-1 86 94 92
-1 87 95 93
84 84 91 88
85 85 89 90
-1 88 67 66
