40 40 -1 42
42 42 -1 72
41 41 -1 43
43 43 -1 73
72 72 -1 80
73 73 -1 80
80 80 86 87
44 44 -1 46
46 46 -1 74
45 45 -1 47
47 47 -1 75
74 74 -1 81
75 75 -1 81
81 81 87 86
48 48 -1 72
49 49 -1 73
86 86 90 91
87 87 88 89
50 50 -1 74
51 51 -1 75
52 52 -1 54
54 54 -1 76
53 53 -1 55
55 55 -1 77
76 76 -1 82
77 77 -1 83
-1 82 64 68
-1 83 65 69
56 56 -1 58
58 58 -1 78
57 57 -1 59
59 59 -1 79
78 78 -1 84
79 79 -1 85
-1 84 66 70
-1 85 67 71
60 60 -1 76
61 61 -1 77
64 64 -1 48
68 68 -1 60
65 65 -1 49
69 69 -1 61
62 62 -1 78
63 63 -1 79
66 66 -1 50
70 70 -1 62
67 67 -1 51
71 71 -1 63
