40 40 60 62
60 60 80 82
62 62 84 86
41 41 60 62
80 80 101 103
82 82 105 107
61 61 80 82
84 84 109 111
86 86 113 115
63 63 84 86
42 42 61 63
43 43 61 63
101 101 125 126
103 103 128 129
81 81 101 103
105 105 130 132
107 107 134 136
83 83 105 107
109 109 138 140
111 111 142 144
85 85 109 111
113 113 146 148
115 115 150 152
87 87 113 115
64 64 81 83
65 65 81 83
125 125 117 118
-1 126 184 185
102 102 125 127
-1 127 184 185
128 128 121 122
129 129 123 124
104 104 128 129
130 130 158 159
132 132 160 161
106 106 130 132
134 134 162 163
136 136 164 165
108 108 134 136
44 44 64 66
66 66 85 87
45 45 64 66
46 46 65 67
67 67 85 87
47 47 65 67
138 138 166 167
140 140 168 169
110 110 138 140
142 142 170 171
144 144 172 173
112 112 142 144
146 146 174 175
148 148 176 177
114 114 146 148
150 150 178 179
152 152 180 181
116 116 150 152
88 88 102 104
89 89 102 104
117 117 135 137
118 118 131 133
90 90 117 118
184 184 154 243
185 185 155 156
121 121 143 145
122 122 139 141
91 91 121 122
123 123 151 153
124 124 147 149
92 92 123 124
68 68 88 93
93 93 106 108
69 69 88 93
70 70 89 94
94 94 106 108
71 71 89 94
158 158 194 195
159 159 192 193
131 131 159 158
160 160 198 199
161 161 196 197
133 133 161 160
162 162 202 203
163 163 200 201
135 135 163 162
164 164 206 207
165 165 204 205
137 137 165 164
95 95 110 112
96 96 110 112
166 166 210 211
167 167 208 209
139 139 167 166
168 168 214 215
169 169 212 213
141 141 169 168
170 170 218 219
171 171 216 217
143 143 171 170
172 172 222 223
173 173 220 221
145 145 173 172
72 72 95 97
97 97 114 116
73 73 95 97
74 74 96 98
98 98 114 116
75 75 96 98
174 174 226 227
175 175 224 225
147 147 175 174
176 176 230 231
177 177 228 229
149 149 177 176
178 178 234 235
179 179 232 233
151 151 179 178
180 180 238 239
181 181 236 237
153 153 181 180
48 48 68 72
49 49 68 72
50 50 69 73
51 51 69 73
52 52 70 74
53 53 70 74
54 54 71 75
55 55 71 75
76 76 90 99
-1 99 119 120
77 77 90 100
-1 100 119 120
182 182 135 137
183 183 131 133
154 154 183 182
-1 243 190 191
119 119 154 157
-1 157 190 191
155 155 187 186
156 156 189 188
120 120 155 156
56 56 76 78
78 78 91 92
57 57 76 78
58 58 77 79
79 79 91 92
59 59 77 79
186 186 143 145
187 187 139 141
188 188 151 153
189 189 147 149
240 240 183 182
241 241 187 186
242 242 189 188
190 190 240 244
-1 244 245 246
245 245 240 247
-1 247 245 246
191 191 241 242
246 246 241 242
