40 40 60 62
60 60 80 82
62 62 84 86
41 41 60 62
80 80 104 106
82 82 108 110
61 61 80 82
84 84 112 114
86 86 116 118
63 63 84 86
42 42 61 63
43 43 61 63
104 104 128 130
106 106 132 134
81 81 104 106
108 108 136 138
110 110 140 142
83 83 108 110
112 112 144 146
114 114 148 150
85 85 112 114
116 116 152 154
118 118 156 158
87 87 116 118
64 64 81 83
65 65 81 83
128 128 161 162
130 130 163 164
105 105 128 130
132 132 165 166
134 134 167 168
107 107 132 134
136 136 169 170
138 138 171 172
109 109 136 138
140 140 173 174
142 142 175 176
111 111 140 142
44 44 64 66
66 66 85 87
45 45 64 66
46 46 65 67
67 67 85 87
47 47 65 67
144 144 177 178
146 146 179 180
113 113 144 146
148 148 181 182
150 150 183 184
115 115 148 150
152 152 185 186
-1 154 190 192
117 117 152 155
-1 155 190 193
156 156 187 195
158 158 188 189
119 119 156 158
88 88 105 107
89 89 105 107
161 161 199 200
162 162 197 198
129 129 162 161
163 163 203 204
164 164 201 202
131 131 164 163
165 165 207 208
166 166 205 206
133 133 166 165
167 167 211 212
168 168 209 210
135 135 168 167
68 68 88 90
90 90 109 111
69 69 88 90
70 70 89 91
91 91 109 111
71 71 89 91
169 169 215 216
170 170 213 214
137 137 170 169
171 171 219 220
172 172 217 218
139 139 172 171
173 173 223 224
174 174 221 222
141 141 174 173
175 175 227 228
176 176 225 226
143 143 176 175
92 92 113 115
93 93 113 115
177 177 231 232
178 178 229 230
145 145 178 177
179 179 235 236
180 180 233 234
147 147 180 179
181 181 239 240
182 182 237 238
149 149 182 181
183 183 243 244
184 184 241 242
151 151 184 183
72 72 92 94
94 94 117 119
73 73 92 94
74 74 93 95
95 95 117 119
75 75 93 95
185 185 247 248
186 186 245 246
153 153 186 185
190 190 255 256
-1 192 257 259
-1 193 257 259
187 187 249 250
-1 195 261 262
157 157 187 196
-1 196 261 262
188 188 253 254
189 189 251 252
159 159 189 188
48 48 68 72
49 49 68 72
50 50 69 73
51 51 69 73
52 52 70 74
53 53 70 74
54 54 71 75
55 55 71 75
120 120 129 131
96 96 120 121
121 121 133 135
97 97 120 121
-1 267 129 145
-1 268 131 147
-1 269 133 149
-1 270 135 151
122 122 137 139
98 98 122 123
123 123 141 143
99 99 122 123
-1 271 137 153
-1 272 139 275
-1 275 191 276
-1 273 141 157
-1 274 143 159
124 124 145 147
100 100 124 125
125 125 149 151
101 101 124 125
126 126 153 160
-1 160 191 194
255 255 96 98
256 256 100 102
191 191 255 256
257 257 263 264
259 259 265 266
102 102 126 127
127 127 157 159
103 103 126 127
-1 194 260 258
-1 276 260 258
260 260 266 265
258 258 264 263
261 261 97 99
262 262 101 103
76 76 96 98
77 77 100 102
56 56 76 77
57 57 76 77
263 263 269 270
264 264 267 268
265 265 273 274
266 266 271 272
78 78 97 99
58 58 78 79
79 79 101 103
59 59 78 79
