40 40 60 62
60 60 80 82
62 62 84 86
41 41 60 62
80 80 100 101
82 82 102 103
61 61 80 82
84 84 105 106
86 86 108 109
63 63 84 86
42 42 61 63
43 43 61 63
100 100 130 132
101 101 134 136
81 81 100 101
102 102 140 142
-1 103 144 145
83 83 102 104
-1 104 144 145
105 105 148 150
-1 106 152 153
85 85 105 107
-1 107 152 153
108 108 128 138
109 109 146 154
87 87 108 109
64 64 81 83
65 65 81 83
130 130 174 175
132 132 176 177
164 164 130 132
134 134 178 179
136 136 180 181
165 165 134 136
140 140 182 183
142 142 184 185
166 166 140 142
144 144 186 188
145 145 190 192
44 44 64 66
66 66 85 87
45 45 64 66
46 46 65 67
67 67 85 87
47 47 65 67
148 148 194 195
150 150 196 197
167 167 148 150
152 152 198 200
153 153 202 204
128 128 164 165
138 138 166 170
168 168 128 138
146 146 167 172
154 154 168 169
169 169 146 154
129 129 164 165
174 174 210 211
175 175 213 214
131 131 174 175
176 176 216 217
177 177 219 220
133 133 176 177
178 178 222 223
179 179 225 226
135 135 178 179
180 180 228 229
181 181 231 232
137 137 180 181
110 110 129 139
139 139 166 171
111 111 129 139
-1 170 206 207
-1 171 206 207
182 182 234 235
183 183 237 238
141 141 182 183
184 184 240 241
185 185 243 244
143 143 184 185
186 186 212 215
188 188 218 221
206 206 186 188
190 190 236 239
192 192 242 245
207 207 190 192
-1 172 208 209
147 147 167 173
-1 173 208 209
194 194 246 247
195 195 249 250
149 149 194 195
196 196 252 257
197 197 254 255
151 151 196 197
198 198 224 227
200 200 230 233
208 208 198 200
202 202 253 256
204 204 248 251
209 209 202 204
112 112 147 155
155 155 168 169
113 113 147 155
88 88 110 112
89 89 110 112
90 90 111 113
323 323 111 113
114 114 131 133
115 115 131 133
210 210 261 262
211 211 259 260
212 212 211 210
213 213 265 266
214 214 263 264
215 215 214 213
216 216 269 270
217 217 267 268
218 218 217 216
219 219 273 274
220 220 271 272
221 221 220 219
91 91 114 116
116 116 135 137
92 92 114 116
93 93 115 117
117 117 135 137
324 324 115 117
222 222 277 278
223 223 275 276
224 224 223 222
225 225 281 282
226 226 279 280
227 227 226 225
228 228 285 286
229 229 283 284
230 230 229 228
231 231 289 290
232 232 287 288
233 233 232 231
118 118 141 143
119 119 141 143
234 234 293 294
235 235 291 292
236 236 235 234
237 237 297 298
238 238 295 296
239 239 238 237
240 240 301 302
241 241 299 300
242 242 241 240
243 243 305 306
244 244 303 304
245 245 244 243
94 94 118 122
-1 122 156 158
95 95 118 123
-1 123 156 158
96 96 119 126
-1 126 157 159
325 325 119 329
-1 329 157 159
187 187 212 215
189 189 218 221
191 191 236 239
193 193 242 245
68 68 88 97
97 97 120 124
69 69 88 97
70 70 89 98
98 98 120 125
71 71 89 98
72 72 90 99
99 99 121 127
73 73 90 99
120 120 149 151
121 121 149 151
246 246 309 310
247 247 307 308
248 248 247 246
249 249 313 314
250 250 311 312
251 251 250 249
252 252 315 316
-1 257 321 320
253 253 252 322
-1 322 321 320
254 254 319 258
255 255 317 318
256 256 255 254
-1 124 160 162
-1 125 160 162
-1 127 161 163
326 326 121 330
-1 330 161 163
199 199 224 227
201 201 230 233
203 203 253 256
205 205 248 251
48 48 74 68
74 74 91 94
49 49 74 68
75 75 91 94
50 50 75 69
51 51 75 69
76 76 92 95
77 77 92 95
156 156 187 189
158 158 191 193
52 52 76 70
53 53 76 70
54 54 77 71
55 55 77 71
160 160 199 201
162 162 203 205
78 78 93 96
79 79 93 96
157 157 187 189
159 159 191 193
161 161 199 201
163 163 203 205
56 56 78 72
57 57 78 72
58 58 79 73
59 59 79 73
-1 327 323 324
-1 328 326 325
320 320 323 324
-1 258 326 325
321 321 327 328
