40 40 60 62
60 60 80 82
62 62 84 86
41 41 60 62
80 80 100 101
82 82 102 103
61 61 80 82
84 84 105 106
86 86 107 108
63 63 84 86
42 42 61 63
43 43 61 63
100 100 128 130
101 101 132 134
81 81 100 101
102 102 138 140
-1 103 142 143
83 83 102 104
-1 104 142 144
105 105 147 149
106 106 151 153
85 85 105 106
107 107 126 136
108 108 145 155
87 87 107 108
64 64 81 83
65 65 81 83
128 128 172 173
130 130 174 171
162 162 128 130
132 132 175 176
134 134 177 178
163 163 132 134
138 138 179 180
140 140 181 182
164 164 138 140
142 142 183 185
-1 143 187 188
-1 144 187 188
44 44 64 66
66 66 85 87
45 45 64 66
46 46 65 67
67 67 85 87
47 47 65 67
147 147 189 190
149 149 191 192
165 165 147 149
151 151 193 194
153 153 195 196
166 166 151 153
126 126 162 163
136 136 164 169
167 167 126 136
145 145 165 166
155 155 167 168
168 168 145 155
127 127 162 163
172 172 114 116
173 173 118 240
129 129 172 173
174 174 120 122
171 171 110 112
131 131 174 171
175 175 204 205
176 176 206 207
133 133 175 176
177 177 208 209
178 178 210 211
135 135 177 178
109 109 127 137
137 137 164 170
110 110 127 137
-1 169 201 202
-1 170 201 203
179 179 212 213
180 180 214 215
139 139 179 180
181 181 216 217
182 182 218 219
141 141 181 182
183 183 220 221
185 185 222 223
201 201 183 185
187 187 241 243
188 188 245 247
-1 202 317 318
-1 203 317 318
317 317 241 243
318 318 245 247
146 146 165 166
189 189 224 225
190 190 226 227
148 148 189 190
191 191 228 229
192 192 230 231
150 150 191 192
193 193 232 233
194 194 234 235
152 152 193 194
195 195 236 237
196 196 238 239
154 154 195 196
111 111 146 156
156 156 167 168
112 112 146 156
88 88 109 111
89 89 109 111
90 90 110 112
113 113 129 131
114 114 129 131
116 116 133 135
91 91 114 116
118 118 139 141
-1 240 158 323
92 92 118 125
-1 125 158 161
120 120 148 150
122 122 152 154
93 93 120 122
94 94 113 115
115 115 133 135
95 95 113 115
204 204 251 252
205 205 249 250
206 206 255 256
207 207 253 254
208 208 259 260
209 209 257 258
210 210 263 264
211 211 261 262
117 117 139 141
212 212 267 268
213 213 265 266
313 313 213 212
214 214 271 272
215 215 269 270
314 314 215 214
216 216 275 276
217 217 273 274
315 315 217 216
218 218 279 280
219 219 277 278
316 316 219 218
96 96 117 123
-1 123 157 159
97 97 117 124
-1 124 157 160
220 220 330 331
221 221 328 329
184 184 221 220
222 222 326 327
223 223 324 325
186 186 223 222
241 241 313 314
243 243 315 316
245 245 319 320
247 247 321 322
68 68 88 98
98 98 119 121
69 69 88 98
70 70 89 99
99 99 119 121
71 71 89 99
72 72 90 93
73 73 90 93
119 119 148 150
224 224 283 284
225 225 281 282
226 226 287 288
227 227 285 286
228 228 291 292
229 229 289 290
230 230 295 296
231 231 293 294
121 121 152 154
232 232 299 300
233 233 297 298
319 319 233 232
234 234 303 304
235 235 301 302
320 320 235 234
236 236 307 308
237 237 305 306
321 321 237 236
238 238 311 312
239 239 309 310
322 322 239 238
48 48 74 68
74 74 94 96
49 49 74 68
75 75 94 96
50 50 75 69
51 51 75 69
76 76 95 97
77 77 95 97
157 157 186 184
-1 159 197 199
-1 160 197 199
52 52 76 70
53 53 76 70
54 54 77 71
55 55 77 71
78 78 91 92
79 79 91 92
158 158 186 184
197 197 242 244
199 199 246 248
-1 323 198 200
-1 161 198 200
198 198 242 244
200 200 246 248
56 56 78 72
57 57 78 72
58 58 79 73
59 59 79 73
242 242 313 314
244 244 315 316
246 246 319 320
248 248 321 322
-1 324 205 225
-1 325 204 224
-1 326 207 227
-1 327 206 226
-1 328 209 229
-1 329 208 228
-1 330 211 231
-1 331 210 230
