40 40 -1 61
61 61 82 83
41 41 -1 61
82 82 99 101
83 83 105 103
42 42 62 63
62 62 -1 82
63 63 -1 83
43 43 62 63
99 99 111 112
-1 101 115 88
105 105 113 114
103 103 -1 119
64 64 84 85
84 84 -1 99
85 85 -1 102
-1 102 115 89
65 65 84 85
111 111 126 127
112 112 124 125
100 100 112 111
115 115 131 133
88 88 -1 72
89 89 -1 73
66 66 86 87
86 86 -1 104
87 87 -1 105
104 104 -1 120
67 67 86 87
-1 119 136 134
-1 120 137 135
113 113 130 123
114 114 128 129
106 106 114 113
44 44 64 66
45 45 64 66
46 46 65 67
47 47 65 67
131 131 117 118
133 133 121 122
116 116 131 133
72 72 -1 96
73 73 -1 96
68 68 90 91
90 90 -1 108
91 91 -1 100
-1 108 116 93
69 69 90 91
117 117 -1 100
118 118 -1 132
-1 132 116 92
107 107 117 118
92 92 -1 110
93 93 -1 110
110 110 74 75
-1 136 138 134
134 134 -1 80
-1 137 138 135
135 135 -1 81
-1 123 60 59
70 70 94 95
94 94 -1 106
95 95 -1 103
71 71 94 95
121 121 -1 106
122 122 -1 104
109 109 121 122
96 96 107 109
74 74 -1 89
75 75 -1 93
80 80 -1 88
81 81 -1 92
138 138 78 79
48 48 68 70
49 49 68 70
50 50 69 71
51 51 69 71
97 97 -1 107
98 98 -1 109
52 52 76 77
76 76 -1 97
77 77 -1 98
53 53 76 77
78 78 -1 97
79 79 -1 98
54 54 78 79
55 55 -1 80
56 56 -1 81
57 57 -1 72
58 58 -1 73
59 59 -1 74
60 60 -1 75
