88 88 62 64
62 62 88 95
64 64 97 99
41 41 62 64
95 95 122 124
63 63 88 95
97 97 126 128
99 99 130 131
65 65 97 99
42 42 65 63
43 43 65 63
44 44 66 68
66 66 96 100
68 68 89 113
45 45 66 68
96 96 122 124
100 100 130 131
67 67 96 100
89 89 69 67
113 113 127 129
69 69 89 113
46 46 69 67
90 90 72 70
72 72 117 102
70 70 90 114
47 47 72 70
114 114 127 129
71 71 90 114
117 117 141 116
102 102 123 125
73 73 117 102
48 48 71 73
49 49 71 73
50 50 74 76
74 74 91 103
76 76 98 118
51 51 74 76
91 91 77 75
103 103 123 125
75 75 91 103
98 98 126 128
118 118 141 151
77 77 98 118
52 52 77 75
92 92 78 80
78 78 92 94
80 80 119 93
53 53 78 80
94 94 104 151
79 79 92 94
119 119 120 121
93 93 112 134
81 81 119 93
54 54 81 79
55 55 81 79
56 56 82 83
82 82 115 110
83 83 112 108
57 57 82 83
115 115 150 152
110 110 142 143
220 220 115 110
112 112 145 147
108 108 -1 138
134 134 -1 138
58 58 84 85
84 84 109 111
85 85 107 101
59 59 84 85
109 109 139 140
111 111 144 146
120 120 109 111
107 107 136 137
101 101 149 153
121 121 107 101
60 60 86 87
86 86 105 106
87 87 104 116
61 61 86 87
105 105 -1 108
106 106 -1 135
221 221 155 156
155 155 -1 134
156 156 -1 165
104 104 132 133
116 116 -1 148
151 151 -1 179
-1 219 186 187
186 186 220 222
187 187 223 221
-1 183 186 188
188 188 220 222
-1 184 187 189
189 189 223 221
222 222 188 189
223 223 120 121
122 122 157 105
124 124 158 106
126 126 178 148
128 128 172 135
130 130 149 152
131 131 161 164
157 157 132 133
123 123 157 155
158 158 136 137
125 125 158 156
178 178 145 147
148 148 -1 182
127 127 178 179
179 179 -1 182
172 172 171 168
135 135 -1 173
129 129 172 165
165 165 -1 173
149 149 180 181
152 152 183 184
153 153 -1 154
161 161 160 159
164 164 163 162
132 132 159 160
133 133 162 163
136 136 166 167
137 137 169 170
159 159 192 193
160 160 190 191
162 162 196 197
163 163 194 195
138 138 171 168
173 173 144 146
166 166 204 205
167 167 202 203
168 168 167 166
169 169 200 201
170 170 198 199
171 171 170 169
139 139 -1 161
140 140 -1 164
141 141 142 143
142 142 -1 139
143 143 -1 140
144 144 174 175
146 146 176 177
174 174 208 209
175 175 206 207
145 145 175 174
176 176 212 213
177 177 210 211
147 147 177 176
182 182 150 153
180 180 216 217
181 181 214 215
150 150 181 180
-1 154 185 218
185 185 -1 219
-1 218 185 60
