41 41 -1 62
62 62 82 83
42 42 -1 62
82 82 102 103
83 83 104 105
43 43 63 64
63 63 -1 82
64 64 -1 83
44 44 63 64
102 102 119 120
103 103 121 122
104 104 126 127
105 105 123 128
65 65 84 85
84 84 -1 102
85 85 -1 103
66 66 84 85
119 119 130 131
120 120 132 129
150 150 119 120
121 121 133 134
122 122 135 136
151 151 121 122
67 67 86 87
86 86 -1 104
87 87 -1 105
68 68 86 87
126 126 137 138
127 127 139 140
152 152 126 127
123 123 118 125
128 128 141 187
153 153 123 128
45 45 65 67
46 46 65 67
47 47 66 68
48 48 66 68
118 118 150 151
154 154 150 151
130 130 191 192
131 131 193 194
106 106 130 131
132 132 195 196
129 129 155 190
107 107 132 129
133 133 161 162
134 134 164 165
108 108 133 134
135 135 167 168
136 136 170 171
109 109 135 136
125 125 152 153
110 110 118 125
124 124 154 156
156 156 152 153
155 155 154 156
137 137 173 174
138 138 176 177
111 111 137 138
139 139 179 197
140 140 181 182
112 112 139 140
141 141 184 185
-1 187 188 198
113 113 141 142
-1 142 188 198
88 88 110 113
89 89 110 113
114 114 124 143
143 143 189 186
233 233 124 143
190 190 189 186
157 157 155 190
90 90 106 107
91 91 106 107
191 191 157 160
192 192 158 159
158 158 191 192
193 193 169 172
194 194 163 166
159 159 193 194
195 195 180 183
196 196 175 178
160 160 195 196
69 69 90 92
92 92 108 109
70 70 90 92
71 71 91 93
93 93 108 109
72 72 91 93
161 161 202 203
162 162 200 201
163 163 162 161
164 164 206 207
165 165 204 205
166 166 165 164
167 167 210 211
168 168 208 209
169 169 168 167
170 170 214 215
171 171 212 213
172 172 171 170
94 94 111 112
95 95 111 112
173 173 218 219
174 174 216 217
175 175 174 173
176 176 222 223
177 177 220 221
178 178 177 176
179 179 224 225
-1 197 240 241
180 180 179 239
-1 239 240 241
181 181 228 229
182 182 226 227
183 183 182 181
73 73 94 88
74 74 94 88
75 75 95 89
76 76 95 89
184 184 232 199
185 185 230 231
186 186 185 184
188 188 233 238
198 198 236 237
96 96 114 117
117 117 149 148
238 238 149 148
189 189 234 235
-1 234 233 236
236 236 145 144
-1 235 238 237
237 237 147 146
144 144 157 160
49 49 69 73
50 50 69 73
51 51 70 74
52 52 70 74
53 53 71 75
54 54 71 75
55 55 72 76
56 56 72 76
145 145 158 159
146 146 169 172
147 147 163 166
115 115 145 144
148 148 180 183
149 149 175 178
116 116 147 146
240 240 98 99
241 241 100 101
-1 199 61 242
57 57 -1 77
77 77 96 97
58 58 -1 77
97 97 115 116
59 59 78 79
78 78 -1 96
79 79 -1 97
60 60 78 79
98 98 -1 114
99 99 -1 117
80 80 98 99
100 100 -1 115
101 101 -1 116
81 81 100 101
-1 242 80 81
61 61 80 81
