90 90 62 64
62 62 90 97
64 64 99 101
41 41 62 64
97 97 118 120
63 63 90 97
99 99 122 124
101 101 126 128
65 65 99 101
42 42 65 63
43 43 65 63
44 44 66 68
66 66 98 105
68 68 91 107
45 45 66 68
98 98 118 120
105 105 123 125
67 67 98 105
91 91 69 67
107 107 127 129
69 69 91 107
46 46 69 67
92 92 72 70
72 72 106 103
70 70 92 108
47 47 72 70
108 108 127 129
71 71 92 108
106 106 123 125
103 103 119 121
73 73 106 103
48 48 71 73
49 49 71 73
50 50 74 76
74 74 93 104
76 76 100 102
51 51 74 76
93 93 77 75
104 104 119 121
75 75 93 104
100 100 122 124
102 102 126 128
77 77 100 102
52 52 77 75
94 94 78 80
78 78 94 109
80 80 111 112
53 53 78 80
109 109 136 138
79 79 94 109
111 111 134 140
112 112 130 132
81 81 111 112
54 54 81 79
55 55 81 79
56 56 82 84
82 82 110 114
84 84 95 116
57 57 82 84
110 110 136 138
114 114 135 141
83 83 110 114
95 95 85 83
116 116 131 133
85 85 95 116
58 58 85 83
96 96 88 86
88 88 115 113
86 86 96 117
59 59 88 86
117 117 131 133
87 87 96 117
115 115 135 141
113 113 137 139
89 89 115 113
60 60 87 89
61 61 87 89
-1 238 239 240
239 239 246 243
240 240 244 245
-1 236 239 241
241 241 246 243
-1 237 240 242
242 242 244 245
246 246 137 139
243 243 241 242
244 244 134 140
245 245 130 132
118 118 142 144
120 120 146 148
122 122 150 152
124 124 154 156
126 126 158 160
128 128 162 164
142 142 166 167
144 144 168 169
119 119 142 144
146 146 170 171
148 148 172 173
121 121 146 148
150 150 174 175
152 152 176 177
123 123 150 152
154 154 178 179
156 156 180 181
125 125 154 156
158 158 182 183
160 160 184 185
127 127 158 160
162 162 186 187
164 164 188 189
129 129 162 164
166 166 193 194
167 167 191 192
143 143 167 166
168 168 197 198
169 169 195 196
145 145 169 168
170 170 201 202
171 171 199 200
147 147 171 170
172 172 205 206
173 173 203 204
149 149 173 172
130 130 143 147
131 131 143 147
132 132 145 161
161 161 185 184
133 133 145 161
134 134 149 163
163 163 187 186
135 135 149 163
174 174 209 210
175 175 207 208
151 151 175 174
176 176 213 214
177 177 211 212
153 153 177 176
178 178 217 218
179 179 215 216
155 155 179 178
180 180 221 222
181 181 219 220
157 157 181 180
182 182 225 226
183 183 223 224
159 159 183 182
184 184 229 230
185 185 227 228
186 186 233 234
187 187 231 232
188 188 236 237
189 189 235 190
165 165 189 188
136 136 151 157
137 137 151 157
138 138 153 155
139 139 153 155
140 140 159 165
141 141 159 165
-1 190 60 238
