41 41 62 64
62 62 84 86
64 64 88 90
42 42 62 64
84 84 108 110
86 86 112 114
63 63 84 86
88 88 116 118
90 90 120 122
65 65 88 90
43 43 63 65
44 44 63 65
108 108 132 134
110 110 136 138
85 85 108 110
112 112 140 142
114 114 144 146
87 87 112 114
116 116 148 150
118 118 152 154
89 89 116 118
120 120 156 158
122 122 160 162
91 91 120 122
66 66 85 87
67 67 85 87
132 132 165 166
134 134 167 168
109 109 132 134
136 136 169 170
138 138 171 172
111 111 136 138
140 140 173 174
142 142 175 176
113 113 140 142
144 144 177 178
146 146 179 180
115 115 144 146
45 45 66 68
68 68 89 91
46 46 66 68
47 47 67 69
69 69 89 91
48 48 67 69
148 148 181 182
150 150 183 184
117 117 148 150
152 152 185 186
154 154 187 188
119 119 152 154
156 156 189 190
-1 158 194 196
121 121 156 159
-1 159 194 196
160 160 191 198
162 162 192 193
123 123 160 162
92 92 109 111
93 93 109 111
165 165 203 204
166 166 201 202
133 133 166 165
167 167 207 208
168 168 205 206
135 135 168 167
169 169 211 212
170 170 209 210
137 137 170 169
171 171 215 216
172 172 213 214
139 139 172 171
70 70 92 94
94 94 113 115
71 71 92 94
72 72 93 95
95 95 113 115
73 73 93 95
173 173 219 220
174 174 217 218
141 141 174 173
175 175 223 224
176 176 221 222
143 143 176 175
177 177 227 228
178 178 225 226
145 145 178 177
179 179 231 232
180 180 229 230
147 147 180 179
96 96 117 119
97 97 117 119
181 181 235 236
182 182 233 234
149 149 182 181
183 183 239 240
184 184 237 238
151 151 184 183
185 185 243 244
186 186 241 242
153 153 186 185
187 187 247 248
188 188 245 246
155 155 188 187
74 74 96 98
98 98 121 123
75 75 96 98
76 76 97 99
99 99 121 123
77 77 97 99
189 189 251 252
190 190 249 250
157 157 190 189
194 194 258 259
196 196 260 261
191 191 253 254
-1 198 262 263
161 161 191 199
-1 199 262 263
192 192 257 200
193 193 255 256
163 163 193 192
49 49 70 74
50 50 70 74
51 51 71 75
52 52 71 75
53 53 72 76
54 54 72 76
55 55 73 77
56 56 73 77
124 124 133 135
100 100 124 125
125 125 137 139
101 101 124 125
-1 265 133 149
-1 266 135 151
-1 267 137 153
-1 268 139 155
126 126 141 143
102 102 126 127
127 127 145 147
103 103 126 127
-1 269 141 157
-1 270 143 273
-1 273 197 195
-1 271 145 161
-1 272 147 163
128 128 149 151
104 104 128 129
129 129 153 155
105 105 128 129
130 130 157 164
-1 164 197 195
258 258 267 268
259 259 265 266
195 195 259 258
260 260 271 272
261 261 269 270
197 197 261 260
106 106 130 131
131 131 161 163
107 107 130 131
262 262 101 103
263 263 105 107
-1 200 61 264
57 57 78 80
78 78 100 102
80 80 104 106
58 58 78 80
79 79 100 102
81 81 104 106
59 59 79 81
60 60 79 81
82 82 101 103
-1 264 82 83
83 83 105 107
61 61 82 83
