42 42 -1 63
63 63 84 85
43 43 -1 63
84 84 101 103
85 85 105 107
44 44 64 65
64 64 -1 84
65 65 -1 85
45 45 64 65
101 101 113 114
-1 103 118 90
105 105 115 122
107 107 116 117
66 66 86 87
86 86 -1 101
87 87 -1 104
-1 104 118 91
67 67 86 87
113 113 128 129
114 114 126 127
102 102 114 113
118 118 136 138
90 90 -1 74
91 91 -1 75
68 68 88 89
88 88 -1 105
89 89 -1 107
69 69 88 89
115 115 130 131
-1 122 141 139
106 106 115 123
-1 123 142 140
116 116 134 135
117 117 132 133
108 108 117 116
46 46 66 68
47 47 66 68
48 48 67 69
49 49 67 69
136 136 120 121
138 138 124 125
119 119 136 138
74 74 -1 98
75 75 -1 98
70 70 92 93
92 92 -1 110
93 93 -1 102
-1 110 119 95
71 71 92 93
120 120 -1 102
121 121 -1 137
-1 137 119 94
109 109 120 121
94 94 -1 112
95 95 -1 112
112 112 76 77
-1 141 143 139
139 139 -1 82
-1 142 143 140
140 140 -1 83
72 72 96 97
96 96 -1 106
97 97 -1 108
73 73 96 97
124 124 -1 106
125 125 -1 108
111 111 124 125
98 98 109 111
76 76 -1 91
77 77 -1 95
82 82 -1 90
83 83 -1 94
143 143 80 81
50 50 70 72
51 51 70 72
52 52 71 73
53 53 71 73
99 99 -1 109
100 100 -1 111
54 54 78 79
78 78 -1 99
79 79 -1 100
55 55 78 79
80 80 -1 99
81 81 -1 100
56 56 80 81
57 57 -1 82
58 58 -1 83
59 59 -1 74
60 60 -1 75
61 61 -1 76
62 62 -1 77
