42 42 63 65
63 63 -1 92
65 65 -1 67
43 43 64 66
64 64 -1 93
66 66 -1 68
92 92 -1 102
93 93 -1 102
67 67 -1 96
68 68 -1 96
44 44 63 67
45 45 64 68
102 102 110 108
-1 135 65 92
-1 136 66 93
96 96 106 104
46 46 69 71
69 69 -1 94
71 71 -1 74
47 47 70 72
70 70 -1 73
72 72 -1 75
94 94 -1 95
73 73 -1 95
74 74 -1 97
75 75 -1 97
48 48 69 74
49 49 70 75
95 95 110 108
50 50 72 73
97 97 106 104
110 110 118 117
108 108 116 115
106 106 114 113
104 104 112 111
51 51 76 78
76 76 -1 80
78 78 -1 82
52 52 77 79
77 77 -1 81
79 79 -1 83
80 80 -1 98
81 81 -1 98
82 82 -1 100
83 83 -1 100
53 53 76 82
54 54 77 83
98 98 103 105
55 55 78 80
56 56 79 81
100 100 107 109
57 57 84 86
84 84 -1 88
86 86 -1 90
58 58 85 87
85 85 -1 89
87 87 -1 91
88 88 -1 99
89 89 -1 99
90 90 -1 101
91 91 -1 101
59 59 84 90
60 60 85 91
99 99 103 105
61 61 86 88
62 62 87 89
101 101 107 109
103 103 111 112
105 105 113 114
107 107 115 116
109 109 117 118
111 111 131 132
112 112 129 130
113 113 133 134
114 114 127 128
115 115 125 126
116 116 123 124
117 117 121 122
118 118 119 120
-1 133 71 135
-1 134 94 136
