42 42 -1 64
64 64 -1 84
43 43 -1 65
65 65 -1 84
84 84 101 102
44 44 -1 64
45 45 -1 65
101 101 123 124
102 102 125 126
46 46 -1 66
66 66 85 86
47 47 -1 66
85 85 -1 101
86 86 -1 102
67 67 -1 85
68 68 -1 86
48 48 67 68
123 123 107 109
124 124 111 113
125 125 115 117
126 126 119 121
-1 175 44 179
179 179 -1 103
-1 176 45 180
180 180 -1 104
-1 177 67 181
181 181 -1 105
-1 178 68 182
182 182 -1 106
87 87 103 104
103 103 -1 123
104 104 -1 124
107 107 127 128
109 109 129 130
88 88 107 109
111 111 131 132
113 113 133 134
89 89 111 113
90 90 105 106
105 105 -1 125
106 106 -1 126
115 115 135 136
117 117 137 138
91 91 115 117
119 119 139 140
121 121 141 142
92 92 119 121
49 49 -1 69
69 69 87 90
50 50 -1 69
51 51 70 71
70 70 -1 87
71 71 -1 90
52 52 70 71
-1 171 179 175
-1 172 180 176
-1 173 181 177
-1 174 182 178
72 72 88 89
73 73 88 89
127 127 150 151
128 128 148 149
108 108 128 127
129 129 146 147
130 130 144 145
110 110 130 129
131 131 158 159
132 132 156 157
112 112 132 131
133 133 154 155
134 134 152 153
114 114 134 133
53 53 72 74
74 74 91 92
54 54 72 74
-1 143 73 75
75 75 91 92
55 55 73 75
135 135 162 163
136 136 160 161
116 116 136 135
137 137 171 172
138 138 173 174
118 118 138 137
139 139 170 143
140 140 168 169
120 120 140 139
141 141 166 167
142 142 164 165
122 122 142 141
56 56 76 78
76 76 93 95
78 78 97 99
57 57 76 78
93 93 110 108
95 95 114 112
77 77 93 95
97 97 118 116
99 99 122 120
79 79 97 99
58 58 77 79
59 59 77 79
94 94 110 108
96 96 114 112
98 98 118 116
100 100 122 120
80 80 94 96
81 81 94 96
60 60 80 82
82 82 98 100
61 61 80 82
62 62 81 83
83 83 98 100
63 63 81 83
