89 89 63 65
63 63 89 96
65 65 98 100
42 42 63 65
96 96 123 125
64 64 89 96
98 98 127 129
100 100 131 132
66 66 98 100
43 43 66 64
44 44 66 64
45 45 67 69
67 67 97 101
69 69 90 114
46 46 67 69
97 97 123 125
101 101 131 132
68 68 97 101
90 90 70 68
114 114 128 130
70 70 90 114
47 47 70 68
91 91 73 71
73 73 118 103
71 71 91 115
48 48 73 71
115 115 128 130
72 72 91 115
118 118 142 117
103 103 124 126
74 74 118 103
49 49 72 74
50 50 72 74
51 51 75 77
75 75 92 104
77 77 99 119
52 52 75 77
92 92 78 76
104 104 124 126
76 76 92 104
99 99 127 129
119 119 142 153
78 78 99 119
53 53 78 76
93 93 79 81
79 79 93 95
81 81 120 94
54 54 79 81
95 95 105 153
80 80 93 95
120 120 121 122
94 94 113 135
82 82 120 94
55 55 82 80
56 56 82 80
57 57 83 84
83 83 116 111
84 84 113 109
58 58 83 84
116 116 151 152
111 111 143 144
215 215 116 111
113 113 146 148
109 109 -1 139
135 135 -1 139
59 59 85 86
85 85 110 112
86 86 108 102
60 60 85 86
110 110 140 141
112 112 145 147
121 121 110 112
108 108 137 138
102 102 150 152
122 122 108 102
61 61 87 88
87 87 106 107
88 88 105 117
62 62 87 88
106 106 -1 109
107 107 -1 136
216 216 155 156
155 155 -1 135
156 156 -1 164
105 105 133 134
117 117 -1 149
153 153 -1 178
123 123 154 106
125 125 157 107
127 127 177 149
129 129 171 136
131 131 150 181
132 132 160 163
154 154 133 134
124 124 154 155
157 157 137 138
126 126 157 156
177 177 146 148
149 149 -1 182
128 128 177 178
178 178 -1 182
171 171 170 167
136 136 -1 172
130 130 171 164
164 164 -1 172
150 150 179 180
181 181 -1 212
152 152 -1 183
160 160 159 158
163 163 162 161
133 133 158 159
134 134 161 162
137 137 165 166
138 138 168 169
158 158 186 187
159 159 184 185
161 161 190 191
162 162 188 189
139 139 170 167
172 172 145 147
165 165 198 199
166 166 196 197
167 167 166 165
168 168 194 195
169 169 192 193
170 170 169 168
140 140 -1 160
141 141 -1 163
142 142 143 144
143 143 -1 140
144 144 -1 141
145 145 173 174
147 147 175 176
173 173 202 203
174 174 200 201
146 146 174 173
175 175 206 207
176 176 204 205
148 148 176 175
182 182 151 181
179 179 210 211
180 180 208 209
151 151 180 179
-1 212 213 218
-1 183 213 214
213 213 215 216
-1 218 219 217
-1 214 219 217
217 217 215 216
219 219 121 122
