42 42 63 65
63 63 85 87
65 65 89 91
43 43 63 65
85 85 107 109
87 87 111 113
64 64 85 87
89 89 115 117
91 91 119 121
66 66 89 91
44 44 64 66
45 45 64 66
107 107 138 139
109 109 145 143
86 86 107 109
111 111 147 149
113 113 136 137
88 88 111 113
115 115 151 153
117 117 155 157
90 90 115 117
119 119 159 161
121 121 142 140
92 92 119 121
93 93 86 88
67 67 86 88
138 138 152 154
139 139 146 144
108 108 138 139
145 145 164 165
143 143 -1 163
110 110 145 144
144 144 -1 163
147 147 166 167
149 149 168 169
112 112 147 149
136 136 160 162
137 137 148 150
114 114 136 137
46 46 67 79
79 79 104 106
47 47 67 79
68 68 90 92
151 151 170 171
153 153 172 173
116 116 151 153
155 155 174 175
157 157 176 177
118 118 155 157
159 159 178 179
161 161 180 181
120 120 159 161
142 142 156 158
140 140 135 141
122 122 142 140
-1 224 90 100
100 100 108 110
-1 225 92 102
102 102 112 114
48 48 68 84
84 84 100 102
49 49 69 71
69 69 94 95
71 71 96 97
50 50 69 71
94 94 124 125
95 95 126 127
70 70 94 95
96 96 130 128
97 97 123 129
72 72 96 97
51 51 70 72
52 52 70 72
124 124 160 162
125 125 148 150
131 131 124 125
126 126 152 154
127 127 146 143
132 132 126 127
130 130 156 158
128 128 135 141
133 133 130 128
123 123 131 132
129 129 133 134
134 134 123 129
135 135 131 132
160 160 179 178
162 162 181 180
148 148 167 166
150 150 169 168
152 152 171 170
154 154 173 172
146 146 165 164
141 141 133 134
156 156 175 174
158 158 177 176
53 53 -1 73
73 73 74 75
54 54 -1 73
74 74 -1 93
75 75 -1 98
98 98 104 106
55 55 74 75
56 56 -1 76
76 76 77 78
57 57 -1 76
77 77 -1 93
78 78 -1 98
58 58 77 78
104 104 116 118
106 106 120 122
59 59 80 82
80 80 99 101
82 82 103 105
60 60 80 82
99 99 108 110
101 101 112 114
81 81 99 101
103 103 116 118
105 105 120 122
83 83 103 105
61 61 81 83
62 62 81 83
220 220 -1 224
221 221 -1 225
-1 222 68 220
-1 223 84 221
163 163 218 219
164 164 208 209
165 165 206 207
166 166 212 213
167 167 210 211
168 168 216 217
169 169 214 215
170 170 184 185
171 171 182 183
172 172 188 189
173 173 186 187
174 174 192 193
175 175 190 191
176 176 196 197
177 177 194 195
178 178 200 201
179 179 198 199
180 180 204 205
181 181 202 203
-1 218 220 222
-1 219 221 223
