42 42 63 64
63 63 87 88
64 64 91 92
43 43 63 64
87 87 110 111
88 88 112 113
91 91 116 114
92 92 109 115
65 65 85 86
85 85 -1 87
86 86 -1 88
66 66 85 86
110 110 145 147
111 111 149 151
133 133 110 111
112 112 153 155
113 113 157 159
134 134 112 113
67 67 89 90
89 89 -1 91
90 90 -1 92
68 68 89 90
116 116 161 163
114 114 137 143
135 135 116 114
109 109 133 134
115 115 135 136
136 136 109 115
44 44 65 67
45 45 65 67
46 46 66 68
47 47 66 68
137 137 133 134
145 145 165 166
147 147 167 168
138 138 145 147
149 149 169 170
151 151 171 172
139 139 149 151
153 153 173 174
155 155 175 176
140 140 153 155
157 157 177 178
159 159 179 180
141 141 157 159
143 143 135 136
142 142 137 143
161 161 181 182
163 163 183 184
144 144 161 163
48 48 69 71
69 69 93 95
71 71 97 99
49 49 69 71
93 93 117 119
95 95 121 123
70 70 93 95
97 97 125 127
99 99 129 131
72 72 97 99
50 50 70 72
51 51 70 72
117 117 154 156
119 119 162 164
94 94 117 119
121 121 142 144
123 123 150 152
96 96 121 123
125 125 140 141
127 127 160 158
98 98 125 127
129 129 138 139
131 131 148 146
100 100 129 131
73 73 94 96
74 74 94 96
154 154 174 173
156 156 176 175
118 118 154 156
162 162 182 181
164 164 184 183
120 120 162 164
122 122 142 144
150 150 170 169
152 152 172 171
124 124 150 152
52 52 73 81
81 81 102 104
53 53 73 81
-1 185 74 82
82 82 102 104
54 54 74 82
75 75 98 100
76 76 98 100
126 126 140 141
160 160 180 179
158 158 178 177
128 128 160 158
130 130 138 139
148 148 168 167
146 146 166 165
132 132 148 146
55 55 75 83
83 83 106 108
56 56 75 83
57 57 76 84
84 84 106 108
58 58 76 84
59 59 77 79
77 77 101 103
79 79 105 107
60 60 77 79
101 101 126 128
103 103 130 132
78 78 101 103
105 105 118 120
107 107 122 124
80 80 105 107
61 61 78 80
62 62 78 80
102 102 126 128
104 104 130 132
106 106 118 120
108 108 122 124
165 165 188 189
166 166 186 187
167 167 192 193
168 168 190 191
169 169 196 197
170 170 194 195
171 171 200 201
172 172 198 199
173 173 204 205
174 174 202 203
175 175 208 209
176 176 206 207
177 177 212 213
178 178 210 211
179 179 216 217
180 180 214 215
181 181 220 221
182 182 218 219
183 183 224 185
184 184 222 223
