42 42 -1 63
63 63 83 84
43 43 -1 63
83 83 103 104
84 84 105 106
44 44 64 65
64 64 -1 83
65 65 -1 84
45 45 64 65
103 103 120 121
104 104 122 123
105 105 127 128
106 106 124 129
66 66 85 86
85 85 -1 103
86 86 -1 104
67 67 85 86
120 120 131 132
121 121 133 130
151 151 120 121
122 122 134 135
123 123 136 137
152 152 122 123
68 68 87 88
87 87 -1 105
88 88 -1 106
69 69 87 88
127 127 138 139
128 128 140 141
153 153 127 128
124 124 119 126
129 129 142 188
154 154 124 129
46 46 66 68
47 47 66 68
48 48 67 69
49 49 67 69
119 119 151 152
155 155 151 152
131 131 192 193
132 132 194 195
107 107 131 132
133 133 196 197
130 130 156 191
108 108 133 130
134 134 162 163
135 135 165 166
109 109 134 135
136 136 168 169
137 137 171 172
110 110 136 137
126 126 153 154
111 111 119 126
125 125 155 157
157 157 153 154
156 156 155 157
138 138 174 175
139 139 177 178
112 112 138 139
140 140 180 198
141 141 182 183
113 113 140 141
142 142 185 186
-1 188 189 199
114 114 142 143
-1 143 189 199
89 89 111 114
90 90 111 114
115 115 125 144
144 144 190 187
234 234 125 144
191 191 190 187
158 158 156 191
91 91 107 108
92 92 107 108
192 192 158 161
193 193 159 160
159 159 192 193
194 194 170 173
195 195 164 167
160 160 194 195
196 196 181 184
197 197 176 179
161 161 196 197
70 70 91 93
93 93 109 110
71 71 91 93
72 72 92 94
94 94 109 110
73 73 92 94
162 162 203 204
163 163 201 202
164 164 163 162
165 165 207 208
166 166 205 206
167 167 166 165
168 168 211 212
169 169 209 210
170 170 169 168
171 171 215 216
172 172 213 214
173 173 172 171
95 95 112 113
96 96 112 113
174 174 219 220
175 175 217 218
176 176 175 174
177 177 223 224
178 178 221 222
179 179 178 177
180 180 225 226
-1 198 241 242
181 181 180 240
-1 240 241 242
182 182 229 230
183 183 227 228
184 184 183 182
74 74 95 89
75 75 95 89
76 76 96 90
77 77 96 90
185 185 233 200
186 186 231 232
187 187 186 185
189 189 234 239
199 199 237 238
97 97 115 118
118 118 150 149
239 239 150 149
190 190 235 236
-1 235 234 237
237 237 146 145
-1 236 239 238
238 238 148 147
145 145 158 161
50 50 70 74
51 51 70 74
52 52 71 75
53 53 71 75
54 54 72 76
55 55 72 76
56 56 73 77
57 57 73 77
146 146 159 160
147 147 170 173
148 148 164 167
116 116 146 145
149 149 181 184
150 150 176 179
117 117 148 147
241 241 99 100
242 242 101 102
-1 200 81 82
58 58 -1 78
78 78 97 98
59 59 -1 78
98 98 116 117
60 60 79 80
79 79 -1 97
80 80 -1 98
61 61 79 80
99 99 -1 115
100 100 -1 118
81 81 99 100
101 101 -1 116
102 102 -1 117
82 82 101 102
62 62 81 82
