42 42 63 65
63 63 85 87
65 65 89 91
43 43 63 65
85 85 109 110
87 87 111 113
64 64 85 87
89 89 115 117
91 91 119 121
66 66 89 91
44 44 64 66
45 45 64 66
109 109 139 137
110 110 141 143
86 86 109 110
111 111 145 147
113 113 149 151
88 88 111 113
115 115 153 155
117 117 157 159
90 90 115 117
119 119 161 163
121 121 133 135
92 92 119 121
67 67 86 88
68 68 86 88
139 139 175 176
137 137 165 166
165 165 139 137
141 141 177 178
143 143 179 180
166 166 141 143
145 145 181 182
147 147 183 184
112 112 145 147
149 149 185 186
151 151 168 169
114 114 149 151
46 46 67 69
69 69 90 92
47 47 67 69
48 48 68 70
70 70 90 92
49 49 68 70
153 153 187 188
155 155 189 190
116 116 153 155
157 157 191 192
159 159 171 172
118 118 157 159
161 161 193 194
163 163 195 196
120 120 161 163
133 133 167 170
135 135 173 174
122 122 133 135
50 50 71 73
71 71 93 95
73 73 97 99
51 51 71 73
93 93 116 118
95 95 123 125
72 72 93 95
97 97 112 114
99 99 120 122
74 74 97 99
52 52 72 74
53 53 72 74
94 94 116 118
123 123 138 140
125 125 142 144
96 96 123 125
98 98 112 114
100 100 120 122
75 75 94 96
76 76 94 96
138 138 165 166
140 140 176 175
124 124 138 140
142 142 178 177
144 144 180 179
126 126 142 144
54 54 75 77
77 77 98 100
55 55 75 77
56 56 76 78
78 78 98 100
57 57 76 78
58 58 79 81
79 79 101 103
81 81 105 107
59 59 79 81
101 101 127 128
103 103 124 126
80 80 101 103
105 105 129 130
107 107 131 132
82 82 105 107
60 60 80 82
61 61 80 82
127 127 146 148
128 128 150 152
102 102 127 128
104 104 124 126
129 129 154 156
130 130 158 160
106 106 129 130
131 131 162 164
132 132 134 136
108 108 131 132
167 167 102 104
83 83 102 104
146 146 182 181
148 148 184 183
168 168 146 148
150 150 186 185
152 152 168 169
169 169 150 152
170 170 106 108
134 134 167 170
-1 197 83 84
84 84 106 108
62 62 83 84
154 154 188 187
156 156 190 189
171 171 154 156
158 158 192 191
160 160 171 172
172 172 158 160
162 162 194 193
164 164 196 195
173 173 162 164
136 136 173 174
174 174 134 136
175 175 200 201
176 176 198 199
177 177 204 205
178 178 202 203
179 179 208 209
180 180 206 207
181 181 212 213
182 182 210 211
183 183 216 217
184 184 214 215
185 185 220 221
186 186 218 219
187 187 224 225
188 188 222 223
189 189 228 229
190 190 226 227
191 191 232 233
192 192 230 231
193 193 236 237
194 194 234 235
195 195 240 197
196 196 238 239
