91 91 63 65
63 63 91 98
65 65 100 102
42 42 63 65
98 98 119 121
64 64 91 98
100 100 123 125
102 102 127 129
66 66 100 102
43 43 66 64
44 44 66 64
45 45 67 69
67 67 99 106
69 69 92 108
46 46 67 69
99 99 119 121
106 106 124 126
68 68 99 106
92 92 70 68
108 108 128 130
70 70 92 108
47 47 70 68
93 93 73 71
73 73 107 104
71 71 93 109
48 48 73 71
109 109 128 130
72 72 93 109
107 107 124 126
104 104 120 122
74 74 107 104
49 49 72 74
50 50 72 74
51 51 75 77
75 75 94 105
77 77 101 103
52 52 75 77
94 94 78 76
105 105 120 122
76 76 94 105
101 101 123 125
103 103 127 129
78 78 101 103
53 53 78 76
95 95 79 81
79 79 95 110
81 81 112 113
54 54 79 81
110 110 137 139
80 80 95 110
112 112 135 141
113 113 131 133
82 82 112 113
55 55 82 80
56 56 82 80
57 57 83 85
83 83 111 115
85 85 96 117
58 58 83 85
111 111 137 139
115 115 136 142
84 84 111 115
96 96 86 84
117 117 132 134
86 86 96 117
59 59 86 84
97 97 89 87
89 89 116 114
87 87 97 118
60 60 89 87
118 118 132 134
88 88 97 118
116 116 136 142
114 114 138 140
90 90 116 114
61 61 88 90
62 62 88 90
-1 191 138 135
138 138 152 158
135 135 150 164
-1 238 141 131
141 141 160 166
131 131 144 148
119 119 143 145
121 121 147 149
123 123 151 153
125 125 155 157
127 127 159 161
129 129 163 165
143 143 167 168
145 145 169 170
120 120 143 145
147 147 171 172
149 149 173 174
122 122 147 149
151 151 175 176
153 153 177 178
124 124 151 153
155 155 179 180
157 157 181 182
126 126 155 157
159 159 183 184
161 161 185 186
128 128 159 161
163 163 187 188
165 165 189 190
130 130 163 165
167 167 195 196
168 168 193 194
144 144 168 167
169 169 199 200
170 170 197 198
146 146 170 169
171 171 203 204
172 172 201 202
148 148 172 171
173 173 207 208
174 174 205 206
150 150 174 173
132 132 144 148
133 133 146 162
162 162 186 185
134 134 146 162
164 164 188 187
136 136 150 164
175 175 211 212
176 176 209 210
152 152 176 175
177 177 215 216
178 178 213 214
154 154 178 177
179 179 219 220
180 180 217 218
156 156 180 179
181 181 223 224
182 182 221 222
158 158 182 181
183 183 227 228
184 184 225 226
160 160 184 183
185 185 231 232
186 186 229 230
187 187 235 236
188 188 233 234
189 189 238 192
190 190 237 191
166 166 190 189
137 137 152 158
139 139 154 156
140 140 154 156
142 142 160 166
-1 192 140 133
