42 42 63 65
63 63 85 87
65 65 89 91
43 43 63 65
85 85 109 110
87 87 111 112
64 64 85 87
89 89 114 115
91 91 117 118
66 66 89 91
44 44 64 66
45 45 64 66
109 109 141 143
110 110 145 147
86 86 109 110
111 111 151 153
-1 112 155 156
88 88 111 113
-1 113 155 156
114 114 159 161
-1 115 163 164
90 90 114 116
-1 116 163 164
117 117 139 149
118 118 157 165
92 92 117 118
67 67 86 88
68 68 86 88
141 141 185 186
143 143 187 188
175 175 141 143
145 145 189 190
147 147 191 192
176 176 145 147
151 151 193 194
153 153 195 196
177 177 151 153
155 155 197 199
156 156 201 203
46 46 67 69
69 69 90 92
47 47 67 69
48 48 68 70
70 70 90 92
49 49 68 70
159 159 205 206
161 161 207 208
178 178 159 161
163 163 209 211
164 164 213 215
139 139 175 176
149 149 177 181
179 179 139 149
157 157 178 183
165 165 179 180
180 180 157 165
140 140 175 176
185 185 221 222
186 186 224 225
142 142 185 186
187 187 227 228
188 188 230 231
144 144 187 188
189 189 233 234
190 190 236 237
146 146 189 190
191 191 239 240
192 192 242 243
148 148 191 192
119 119 140 150
150 150 177 182
120 120 140 150
-1 181 217 218
-1 182 217 218
193 193 245 246
194 194 248 249
152 152 193 194
195 195 251 252
196 196 254 255
154 154 195 196
197 197 223 226
199 199 229 232
217 217 197 199
201 201 247 250
203 203 253 256
218 218 201 203
-1 183 219 220
158 158 178 184
-1 184 219 220
205 205 257 258
206 206 260 261
160 160 205 206
207 207 263 264
208 208 266 267
162 162 207 208
209 209 235 238
211 211 241 244
219 219 209 211
213 213 265 268
215 215 259 262
220 220 213 215
121 121 158 166
166 166 179 180
122 122 158 166
93 93 119 121
94 94 119 121
95 95 120 122
96 96 120 122
123 123 142 144
124 124 142 144
221 221 272 273
222 222 270 271
223 223 222 221
224 224 276 277
225 225 274 275
226 226 225 224
227 227 280 281
228 228 278 279
229 229 228 227
230 230 284 285
231 231 282 283
232 232 231 230
97 97 123 125
125 125 146 148
98 98 123 125
99 99 124 126
126 126 146 148
100 100 124 126
233 233 288 289
234 234 286 287
235 235 234 233
236 236 292 293
237 237 290 291
238 238 237 236
239 239 296 297
240 240 294 295
241 241 240 239
242 242 300 301
243 243 298 299
244 244 243 242
127 127 152 154
128 128 152 154
245 245 304 305
246 246 302 303
247 247 246 245
248 248 308 309
249 249 306 307
250 250 249 248
251 251 312 313
252 252 310 311
253 253 252 251
254 254 316 317
255 255 314 315
256 256 255 254
101 101 127 131
-1 131 167 169
102 102 127 132
-1 132 167 169
103 103 128 135
-1 135 168 170
104 104 128 136
-1 136 168 170
198 198 223 226
200 200 229 232
202 202 247 250
204 204 253 256
71 71 93 105
105 105 129 133
72 72 93 105
73 73 94 106
106 106 129 134
74 74 94 106
75 75 95 107
107 107 130 137
76 76 95 107
77 77 96 108
108 108 130 138
129 129 160 162
130 130 160 162
257 257 320 321
258 258 318 319
259 259 258 257
260 260 324 325
261 261 322 323
262 262 261 260
263 263 331 332
264 264 326 327
265 265 264 263
266 266 330 269
267 267 328 329
268 268 267 266
-1 133 171 173
-1 134 171 173
-1 137 172 174
-1 138 172 174
210 210 235 238
212 212 241 244
214 214 265 268
216 216 259 262
50 50 78 71
78 78 97 101
51 51 78 71
79 79 97 101
52 52 79 72
53 53 79 72
80 80 98 102
81 81 98 102
167 167 198 200
169 169 202 204
54 54 80 73
55 55 80 73
56 56 81 74
57 57 81 74
171 171 210 212
173 173 214 216
82 82 99 103
83 83 99 103
84 84 100 104
168 168 198 200
170 170 202 204
172 172 210 212
174 174 214 216
58 58 82 75
59 59 82 75
60 60 83 76
61 61 83 76
-1 331 96 100
-1 332 108 104
-1 269 84 77
62 62 84 77
