43 43 -1 65
65 65 84 85
44 44 -1 65
84 84 100 102
85 85 105 104
45 45 66 67
66 66 -1 84
67 67 -1 85
46 46 66 67
100 100 115 116
102 102 117 118
105 105 120 121
104 104 -1 122
166 166 -1 100
167 167 -1 102
115 115 134 135
116 116 132 133
101 101 116 115
117 117 138 139
118 118 136 137
103 103 118 117
168 168 -1 119
119 119 -1 144
169 169 -1 105
-1 122 143 149
-1 144 154 156
120 120 142 131
121 121 140 141
106 106 121 120
-1 160 166 168
-1 161 167 169
-1 162 166 145
145 145 -1 96
-1 163 167 146
146 146 -1 97
-1 164 168 147
147 147 -1 98
-1 165 169 148
148 148 -1 99
143 143 -1 155
155 155 160 161
154 154 -1 155
86 86 101 103
107 107 -1 101
108 108 -1 103
87 87 106 104
-1 149 143 153
-1 156 154 159
-1 131 62 152
109 109 -1 106
110 110 -1 119
47 47 68 69
68 68 -1 86
69 69 -1 87
48 48 68 69
49 49 70 71
70 70 -1 86
71 71 -1 87
50 50 70 71
72 72 88 89
88 88 -1 109
89 89 -1 110
73 73 88 89
74 74 90 91
90 90 -1 109
91 91 -1 110
75 75 90 91
76 76 92 93
92 92 -1 107
93 93 -1 108
77 77 92 93
78 78 94 95
94 94 -1 107
95 95 -1 108
79 79 94 95
51 51 72 76
52 52 72 76
53 53 73 77
54 54 73 77
55 55 74 78
56 56 74 78
57 57 75 79
58 58 75 79
59 59 -1 80
80 80 -1 96
60 60 -1 81
81 81 -1 97
96 96 -1 111
97 97 -1 112
61 61 -1 80
62 62 -1 81
-1 111 123 125
-1 112 124 126
63 63 -1 82
82 82 -1 98
64 64 -1 83
83 83 -1 99
98 98 -1 113
99 99 -1 114
153 153 -1 82
159 159 -1 83
-1 113 127 129
-1 114 128 130
-1 123 145 125
125 125 -1 150
-1 124 146 126
126 126 -1 150
-1 127 147 129
129 129 -1 151
-1 128 148 130
130 130 -1 151
150 150 157 158
151 151 158 157
157 157 162 163
158 158 164 165
-1 152 159 153
