43 43 -1 65
65 65 -1 85
44 44 -1 66
66 66 -1 85
85 85 103 104
45 45 -1 65
46 46 -1 66
103 103 125 126
104 104 127 128
47 47 -1 67
67 67 86 87
48 48 -1 67
86 86 -1 103
87 87 -1 104
68 68 -1 86
69 69 -1 87
49 49 68 69
125 125 161 162
126 126 163 164
127 127 165 167
128 128 169 170
-1 226 68 242
-1 242 238 240
-1 227 69 243
-1 243 239 241
88 88 105 106
105 105 -1 125
106 106 -1 126
161 161 133 149
162 162 129 131
163 163 151 153
164 164 155 157
89 89 107 108
107 107 -1 127
108 108 -1 128
165 165 234 91
167 167 235 236
169 169 135 137
170 170 139 141
50 50 -1 70
70 70 88 89
51 51 -1 70
52 52 71 72
71 71 -1 88
72 72 -1 89
53 53 71 72
238 238 -1 105
239 239 -1 106
240 240 -1 107
241 241 -1 108
-1 228 238 145
145 145 -1 159
-1 229 239 146
146 146 -1 160
-1 230 240 147
147 147 -1 184
-1 231 241 148
148 148 -1 184
-1 159 161 165
-1 160 162 167
133 133 171 193
149 149 194 195
109 109 133 149
129 129 166 168
131 131 172 173
110 110 129 131
-1 232 163 169
-1 233 164 170
151 151 185 186
153 153 187 188
111 111 151 153
155 155 189 190
157 157 191 192
112 112 155 157
234 234 113 114
91 91 -1 118
166 166 234 92
92 92 -1 119
235 235 110 109
236 236 111 112
168 168 235 236
135 135 174 175
137 137 176 177
113 113 135 137
139 139 178 179
141 141 180 181
114 114 139 141
130 130 166 168
90 90 113 114
-1 118 143 145
-1 119 143 146
93 93 110 109
94 94 111 112
115 115 130 132
132 132 172 173
171 171 130 132
172 172 140 142
173 173 136 138
140 140 179 178
142 142 181 180
116 116 140 142
136 136 175 174
138 138 177 176
117 117 136 138
95 95 115 122
122 122 134 150
96 96 115 122
193 193 134 150
134 134 171 193
73 73 90 97
97 97 -1 120
74 74 90 98
98 98 -1 121
75 75 99 91
99 99 117 116
76 76 99 92
143 143 182 183
54 54 73 79
79 79 93 94
55 55 73 79
56 56 74 80
80 80 93 94
57 57 74 80
-1 120 144 147
-1 121 144 148
77 77 100 97
100 100 117 116
78 78 100 98
144 144 183 182
174 174 199 200
175 175 197 198
176 176 203 204
177 177 201 202
178 178 226 227
179 179 205 206
180 180 209 210
181 181 207 208
182 182 228 229
183 183 230 231
184 184 232 233
194 194 156 158
195 195 152 154
150 150 194 195
185 185 213 214
186 186 211 212
152 152 186 185
187 187 217 218
188 188 215 216
154 154 188 187
189 189 221 222
190 190 219 220
156 156 190 189
191 191 225 196
192 192 223 224
158 158 192 191
58 58 75 81
81 81 95 101
59 59 75 81
60 60 76 82
82 82 95 101
61 61 76 82
62 62 77 83
83 83 96 102
63 63 77 83
-1 237 78 84
84 84 96 102
64 64 78 84
123 123 156 158
124 124 152 154
101 101 124 123
102 102 124 123
-1 196 64 237
