43 43 65 67
65 65 -1 93
67 67 -1 94
44 44 66 68
66 66 -1 93
68 68 -1 94
93 93 117 119
94 94 121 123
45 45 65 78
78 78 -1 105
46 46 66 79
79 79 -1 105
117 117 133 135
119 119 137 139
-1 192 67 72
72 72 -1 99
-1 204 68 73
73 73 -1 99
121 121 141 143
123 123 145 147
47 47 69 71
69 69 95 96
71 71 97 98
48 48 69 71
95 95 -1 117
96 96 -1 119
70 70 95 96
97 97 -1 121
98 98 -1 123
49 49 70 83
83 83 107 108
50 50 70 83
-1 198 97 109
109 109 -1 126
-1 199 98 110
110 110 -1 128
133 133 152 153
135 135 154 155
118 118 133 135
137 137 156 157
139 139 158 159
120 120 137 139
141 141 160 161
143 143 162 163
122 122 141 143
145 145 164 165
147 147 151 149
124 124 145 147
51 51 72 74
74 74 -1 100
52 52 73 75
75 75 -1 100
99 99 125 127
100 100 129 131
125 125 134 136
127 127 138 140
-1 149 196 74
196 196 203 202
-1 150 196 75
129 129 142 144
131 131 146 148
53 53 76 77
76 76 101 102
77 77 103 104
54 54 76 77
101 101 -1 125
102 102 -1 127
103 103 -1 129
104 104 -1 131
-1 200 101 80
80 80 -1 106
-1 201 102 81
81 81 -1 106
-1 205 103 203
203 203 205 206
-1 206 104 202
202 202 195 204
134 134 153 152
136 136 155 154
126 126 134 136
138 138 157 156
140 140 159 158
128 128 138 140
142 142 161 160
144 144 163 162
130 130 142 144
146 146 165 164
148 148 151 150
132 132 146 148
55 55 78 80
56 56 79 81
105 105 130 132
106 106 126 128
57 57 82 84
82 82 107 108
84 84 109 110
58 58 82 84
107 107 -1 130
108 108 -1 132
59 59 85 87
85 85 -1 111
87 87 -1 112
60 60 86 88
86 86 -1 111
88 88 -1 112
111 111 122 124
112 112 118 120
61 61 86 88
62 62 89 91
89 89 113 114
91 91 115 116
63 63 89 91
113 113 -1 122
114 114 -1 124
90 90 113 114
115 115 -1 118
116 116 -1 120
92 92 115 116
-1 197 90 92
64 64 90 92
-1 193 85 198
-1 194 87 199
151 151 195 192
195 195 200 201
152 152 169 170
153 153 167 168
154 154 173 174
155 155 171 172
156 156 177 178
157 157 175 176
158 158 181 182
159 159 179 180
160 160 185 186
161 161 183 184
162 162 189 190
163 163 187 188
164 164 193 194
165 165 191 166
-1 166 64 197
