43 43 -1 65
65 65 -1 85
44 44 -1 66
66 66 -1 85
85 85 102 103
45 45 -1 65
46 46 -1 66
102 102 124 125
103 103 126 127
47 47 -1 67
67 67 86 87
48 48 -1 67
86 86 -1 102
87 87 -1 103
68 68 -1 86
69 69 -1 87
49 49 68 69
124 124 160 161
125 125 162 163
126 126 164 165
127 127 166 167
-1 238 68 244
244 244 -1 250
-1 239 69 245
245 245 -1 251
88 88 104 105
104 104 -1 124
105 105 -1 125
160 160 146 148
161 161 132 150
162 162 152 154
163 163 156 158
89 89 106 107
106 106 -1 126
107 107 -1 127
164 164 128 130
165 165 134 136
166 166 138 140
167 167 144 142
50 50 -1 70
70 70 88 89
51 51 -1 70
52 52 71 72
71 71 -1 88
72 72 -1 89
53 53 71 72
240 240 -1 104
241 241 -1 105
242 242 -1 106
243 243 -1 107
-1 250 240 242
-1 251 241 243
-1 231 240 246
-1 246 160 164
-1 232 241 247
-1 247 161 165
-1 233 242 248
-1 248 162 166
-1 234 243 249
-1 249 163 167
146 146 178 196
148 148 197 198
108 108 146 148
132 132 169 177
150 150 194 195
109 109 132 150
152 152 186 187
154 154 188 189
110 110 152 154
156 156 190 191
158 158 192 193
111 111 156 158
128 128 170 168
130 130 171 172
112 112 128 130
134 134 173 174
136 136 175 176
113 113 134 136
138 138 179 180
140 140 181 182
114 114 138 140
144 144 184 185
142 142 -1 183
115 115 144 143
143 143 -1 183
168 168 112 113
90 90 112 113
170 170 114 115
129 129 170 168
171 171 108 109
172 172 110 111
131 131 171 172
116 116 129 131
169 169 129 131
91 91 114 115
92 92 108 109
93 93 110 111
94 94 116 117
117 117 137 135
95 95 116 117
177 177 137 135
133 133 169 177
73 73 90 91
74 74 90 91
173 173 231 232
174 174 233 234
135 135 174 173
175 175 202 203
176 176 200 201
137 137 176 175
75 75 94 96
96 96 119 120
76 76 94 96
77 77 95 97
97 97 119 120
78 78 95 97
118 118 133 151
151 151 194 195
178 178 133 151
54 54 73 79
79 79 92 93
55 55 73 79
56 56 74 80
80 80 92 93
57 57 74 80
179 179 206 207
180 180 204 205
139 139 180 179
181 181 210 211
182 182 208 209
141 141 182 181
183 183 235 236
184 184 214 215
185 185 212 213
145 145 185 184
196 196 147 149
147 147 178 196
197 197 157 159
198 198 153 155
149 149 197 198
194 194 145 143
195 195 139 141
186 186 218 219
187 187 216 217
153 153 187 186
188 188 222 223
189 189 220 221
155 155 189 188
190 190 226 227
191 191 224 225
157 157 191 190
192 192 230 199
193 193 228 229
159 159 193 192
58 58 75 81
81 81 98 100
59 59 75 81
60 60 76 82
82 82 98 100
61 61 76 82
119 119 145 142
120 120 139 141
62 62 77 83
83 83 99 101
63 63 77 83
-1 237 78 84
84 84 99 101
64 64 78 84
98 98 118 121
121 121 147 149
99 99 118 121
-1 235 244 238
-1 236 245 239
122 122 157 159
123 123 153 155
100 100 123 122
101 101 123 122
-1 199 64 237
