43 43 -1 65
65 65 -1 85
44 44 -1 66
66 66 -1 85
85 85 102 103
45 45 -1 65
46 46 -1 66
102 102 124 125
103 103 126 127
47 47 -1 67
67 67 86 87
48 48 -1 67
86 86 -1 102
87 87 -1 103
68 68 -1 86
69 69 -1 87
49 49 68 69
124 124 160 161
125 125 162 163
126 126 164 165
127 127 166 167
-1 234 68 245
-1 245 241 243
-1 235 69 246
-1 246 242 244
88 88 104 105
104 104 -1 124
105 105 -1 125
160 160 146 148
161 161 132 150
162 162 152 154
163 163 156 158
89 89 106 107
106 106 -1 126
107 107 -1 127
164 164 128 130
165 165 134 136
166 166 138 140
167 167 142 144
50 50 -1 70
70 70 88 89
51 51 -1 70
52 52 71 72
71 71 -1 88
72 72 -1 89
53 53 71 72
241 241 -1 104
242 242 -1 105
243 243 -1 106
244 244 -1 107
-1 236 241 247
-1 247 160 164
-1 237 242 248
-1 248 161 165
-1 238 243 249
-1 249 162 166
-1 239 244 250
-1 250 163 167
146 146 178 197
148 148 198 199
108 108 146 148
132 132 169 177
150 150 195 196
109 109 132 150
152 152 187 188
154 154 189 190
110 110 152 154
156 156 191 192
158 158 193 194
111 111 156 158
128 128 170 168
130 130 171 172
112 112 128 130
134 134 173 174
136 136 175 176
113 113 134 136
138 138 179 180
140 140 181 182
114 114 138 140
142 142 183 184
144 144 185 186
115 115 142 144
168 168 112 113
90 90 112 113
170 170 114 115
129 129 170 168
171 171 108 109
172 172 110 111
131 131 171 172
116 116 129 131
169 169 129 131
91 91 114 115
92 92 108 109
93 93 110 111
94 94 116 117
117 117 137 135
95 95 116 117
177 177 137 135
133 133 169 177
73 73 90 91
74 74 90 91
173 173 236 237
174 174 238 239
135 135 174 173
175 175 203 204
176 176 201 202
137 137 176 175
75 75 94 96
96 96 119 120
76 76 94 96
77 77 95 97
97 97 119 120
78 78 95 97
118 118 133 151
151 151 195 196
178 178 133 151
54 54 73 79
79 79 92 93
55 55 73 79
56 56 74 80
80 80 92 93
57 57 74 80
179 179 207 208
180 180 205 206
139 139 180 179
181 181 211 212
182 182 209 210
141 141 182 181
183 183 234 235
184 184 213 214
143 143 184 183
185 185 217 218
186 186 215 216
145 145 186 185
197 197 147 149
147 147 178 197
198 198 157 159
199 199 153 155
149 149 198 199
195 195 143 145
196 196 139 141
187 187 221 222
188 188 219 220
153 153 188 187
189 189 225 226
190 190 223 224
155 155 190 189
191 191 229 230
192 192 227 228
157 157 192 191
193 193 233 200
194 194 231 232
159 159 194 193
58 58 75 81
81 81 98 100
59 59 75 81
60 60 76 82
82 82 98 100
61 61 76 82
119 119 143 145
120 120 139 141
62 62 77 83
83 83 99 101
63 63 77 83
-1 240 78 84
84 84 99 101
64 64 78 84
98 98 118 121
121 121 147 149
99 99 118 121
122 122 157 159
123 123 153 155
100 100 123 122
101 101 123 122
-1 200 64 240
