43 43 65 67
65 65 89 91
67 67 93 95
44 44 65 67
89 89 113 115
91 91 117 119
66 66 89 91
93 93 121 123
95 95 125 127
68 68 93 95
45 45 66 68
46 46 66 68
113 113 139 141
115 115 143 145
90 90 113 115
117 117 147 149
119 119 151 153
92 92 117 119
121 121 155 157
123 123 159 161
94 94 121 123
125 125 163 165
127 127 137 167
96 96 125 127
69 69 90 92
70 70 90 92
139 139 171 172
141 141 173 174
114 114 139 141
143 143 175 176
145 145 177 178
116 116 143 145
147 147 179 180
149 149 181 182
118 118 147 149
151 151 183 184
153 153 185 186
120 120 151 153
47 47 69 71
71 71 94 96
48 48 69 71
49 49 70 72
72 72 94 96
50 50 70 72
155 155 187 188
157 157 189 190
122 122 155 157
159 159 191 192
161 161 193 194
124 124 159 161
163 163 195 196
165 165 197 198
126 126 163 165
137 137 169 170
167 167 199 200
128 128 137 167
51 51 73 75
73 73 97 99
75 75 101 103
52 52 73 75
97 97 122 124
99 99 126 128
74 74 97 99
101 101 114 116
103 103 118 120
76 76 101 103
53 53 74 76
54 54 74 76
98 98 122 124
100 100 126 128
102 102 114 116
104 104 118 120
77 77 98 100
78 78 98 100
55 55 77 79
79 79 102 104
56 56 77 79
57 57 78 80
80 80 102 104
58 58 78 80
59 59 81 83
81 81 105 107
83 83 109 111
60 60 81 83
105 105 129 130
107 107 131 132
82 82 105 107
109 109 133 134
111 111 135 136
84 84 109 111
61 61 82 84
62 62 82 84
129 129 140 142
130 130 144 146
106 106 129 130
131 131 148 150
132 132 164 166
108 108 131 132
133 133 156 158
134 134 160 162
110 110 133 134
135 135 152 154
136 136 138 168
112 112 135 136
85 85 106 108
86 86 106 108
140 140 172 171
142 142 174 173
276 276 140 142
144 144 176 175
146 146 178 177
277 277 144 146
148 148 180 179
150 150 182 181
278 278 148 150
164 164 196 195
166 166 198 197
279 279 164 166
63 63 85 87
87 87 110 112
-1 265 86 88
88 88 110 112
64 64 86 88
156 156 188 187
158 158 190 189
280 280 156 158
160 160 192 191
162 162 194 193
281 281 160 162
152 152 184 183
154 154 186 185
282 282 152 154
138 138 170 169
168 168 200 199
283 283 138 168
-1 259 85 266
-1 266 268 270
-1 260 87 267
-1 267 269 271
268 268 280 281
270 270 276 277
269 269 282 283
271 271 278 279
-1 261 268 272
-1 272 280 276
-1 262 269 273
-1 273 281 277
-1 263 270 274
-1 274 282 278
-1 264 271 275
-1 275 283 279
169 169 261 262
170 170 263 264
171 171 204 205
172 172 202 203
173 173 208 209
174 174 206 207
175 175 212 213
176 176 210 211
177 177 216 217
178 178 214 215
179 179 220 221
180 180 218 219
181 181 224 225
182 182 222 223
183 183 228 229
184 184 226 227
185 185 232 233
186 186 230 231
187 187 236 237
188 188 234 235
189 189 240 241
190 190 238 239
191 191 244 245
192 192 242 243
193 193 248 249
194 194 246 247
195 195 252 253
196 196 250 251
197 197 256 257
198 198 254 255
199 199 259 260
200 200 258 201
-1 201 64 265
