44 44 -1 66
66 66 85 86
45 45 -1 66
85 85 101 102
86 86 104 105
46 46 67 68
67 67 -1 85
68 68 -1 86
47 47 67 68
101 101 119 120
102 102 122 123
104 104 128 129
105 105 131 132
48 48 -1 69
-1 69 87 88
49 49 -1 70
-1 70 87 89
87 87 106 108
88 88 -1 92
89 89 -1 93
-1 106 118 88
-1 108 127 134
92 92 -1 114
93 93 -1 115
50 50 -1 71
71 71 90 91
51 51 -1 71
-1 90 107 100
-1 107 118 89
100 100 116 117
-1 91 109 103
-1 109 127 134
103 103 125 126
116 116 -1 101
117 117 -1 102
118 118 116 117
119 119 144 145
120 120 142 143
121 121 120 119
122 122 148 149
123 123 146 147
124 124 123 122
125 125 -1 104
126 126 -1 105
127 127 125 126
128 128 152 153
129 129 150 151
130 130 129 128
131 131 156 139
132 132 154 155
133 133 132 131
134 134 157 158
-1 160 100 157
157 157 -1 111
-1 161 103 158
158 158 -1 113
110 110 121 124
111 111 121 124
112 112 130 133
113 113 130 133
-1 139 141 140
-1 114 135 137
-1 115 136 138
72 72 -1 92
73 73 -1 93
-1 135 140 137
137 137 -1 159
-1 136 141 138
138 138 -1 159
94 94 -1 111
95 95 -1 113
52 52 -1 74
74 74 96 97
53 53 -1 74
96 96 -1 110
97 97 -1 112
54 54 75 76
75 75 -1 96
76 76 -1 97
55 55 75 76
56 56 77 78
77 77 -1 94
78 78 -1 95
57 57 77 78
58 58 79 80
79 79 -1 94
80 80 -1 95
59 59 79 80
98 98 -1 110
99 99 -1 112
60 60 81 82
81 81 -1 98
82 82 -1 99
61 61 81 82
62 62 83 84
83 83 -1 98
84 84 -1 99
63 63 83 84
64 64 -1 72
65 65 -1 73
140 140 -1 72
141 141 -1 73
159 159 160 161
