44 44 -1 68
68 68 88 89
45 45 -1 68
88 88 105 107
89 89 109 111
46 46 69 70
69 69 -1 88
70 70 -1 89
47 47 69 70
105 105 117 118
-1 107 122 94
109 109 119 126
111 111 120 121
71 71 90 91
90 90 -1 105
91 91 -1 108
-1 108 122 95
72 72 90 91
117 117 132 133
118 118 130 131
106 106 118 117
122 122 140 142
94 94 -1 79
95 95 -1 80
73 73 92 93
92 92 -1 109
93 93 -1 111
74 74 92 93
119 119 134 135
-1 126 52 54
110 110 119 127
-1 127 53 55
120 120 138 139
121 121 136 137
112 112 121 120
48 48 71 73
49 49 71 73
50 50 72 74
51 51 72 74
140 140 124 125
142 142 128 129
123 123 140 142
79 79 -1 102
80 80 -1 102
75 75 96 97
96 96 -1 114
97 97 -1 106
-1 114 123 99
76 76 96 97
124 124 -1 106
125 125 -1 141
-1 141 123 98
113 113 124 125
98 98 -1 116
99 99 -1 116
116 116 81 82
52 52 -1 86
54 54 -1 83
53 53 -1 87
55 55 -1 83
77 77 100 101
100 100 -1 110
101 101 -1 112
78 78 100 101
128 128 -1 110
129 129 -1 112
115 115 128 129
102 102 113 115
81 81 -1 95
82 82 -1 99
86 86 -1 94
87 87 -1 98
83 83 103 104
56 56 75 77
57 57 75 77
58 58 76 78
59 59 76 78
103 103 -1 113
104 104 -1 115
60 60 84 85
84 84 -1 103
85 85 -1 104
61 61 84 85
62 62 -1 86
63 63 -1 87
64 64 -1 79
65 65 -1 80
66 66 -1 81
67 67 -1 82
