44 44 -1 66
66 66 -1 80
45 45 -1 67
67 67 -1 81
80 80 -1 95
81 81 -1 88
46 46 -1 66
47 47 -1 67
-1 88 97 96
48 48 -1 68
68 68 -1 82
49 49 -1 69
69 69 -1 83
82 82 -1 89
83 83 -1 90
50 50 -1 68
51 51 -1 69
-1 89 98 96
-1 90 99 97
70 70 -1 80
71 71 -1 81
72 72 -1 82
73 73 -1 83
-1 98 110 112
96 96 -1 108
-1 99 111 113
97 97 -1 109
108 108 -1 86
109 109 -1 87
110 110 -1 70
112 112 -1 72
111 111 -1 71
113 113 -1 73
52 52 -1 74
74 74 -1 84
53 53 -1 75
75 75 -1 85
84 84 -1 91
85 85 -1 92
54 54 -1 74
55 55 -1 75
-1 91 100 102
-1 92 101 103
56 56 -1 76
76 76 -1 86
57 57 -1 77
77 77 -1 87
86 86 -1 93
87 87 -1 94
58 58 -1 76
59 59 -1 77
-1 93 104 106
-1 94 105 107
78 78 -1 84
79 79 -1 85
-1 100 102 110
102 102 -1 78
-1 101 103 111
103 103 -1 79
-1 104 106 112
106 106 -1 108
-1 105 107 113
107 107 -1 109
60 60 -1 70
61 61 -1 71
62 62 -1 72
63 63 -1 73
64 64 -1 78
65 65 -1 79
