44 44 -1 66
66 66 87 88
45 45 -1 66
87 87 109 110
88 88 111 112
46 46 67 68
67 67 -1 87
68 68 -1 88
47 47 67 68
109 109 133 135
110 110 137 139
111 111 141 143
112 112 145 147
69 69 89 90
89 89 -1 109
90 90 -1 110
70 70 89 90
133 133 152 153
135 135 154 155
137 137 157 158
139 139 159 160
71 71 91 92
91 91 -1 111
92 92 -1 112
72 72 91 92
141 141 162 163
-1 143 165 167
145 145 151 156
147 147 161 164
48 48 69 71
49 49 69 71
50 50 70 72
51 51 70 72
151 151 113 114
113 113 -1 133
114 114 -1 135
93 93 113 114
152 152 173 174
153 153 171 172
134 134 153 152
154 154 177 178
155 155 175 176
136 136 155 154
156 156 115 116
115 115 -1 137
116 116 -1 139
94 94 115 116
157 157 181 182
158 158 179 180
138 138 158 157
159 159 185 186
160 160 183 184
140 140 160 159
161 161 117 118
117 117 -1 141
118 118 -1 144
-1 144 165 168
95 95 117 118
162 162 189 190
163 163 187 188
142 142 163 162
165 165 191 192
-1 167 193 195
-1 168 193 195
164 164 119 120
119 119 -1 145
120 120 -1 147
96 96 119 120
146 146 151 156
148 148 161 164
121 121 146 148
73 73 93 94
74 74 93 94
52 52 73 75
75 75 95 96
53 53 73 75
54 54 74 76
76 76 95 96
55 55 74 76
122 122 134 136
197 197 123 124
123 123 -1 134
124 124 -1 136
97 97 123 124
125 125 138 140
198 198 126 127
126 126 -1 138
127 127 -1 140
98 98 126 127
128 128 142 149
-1 149 166 169
191 191 98 97
192 192 100 99
166 166 191 192
193 193 198 197
195 195 200 199
199 199 129 130
129 129 -1 142
130 130 -1 150
-1 150 166 170
99 99 129 130
-1 169 194 196
-1 170 194 196
194 194 198 197
196 196 200 199
200 200 131 132
131 131 -1 146
132 132 -1 148
100 100 131 132
77 77 101 102
101 101 -1 128
102 102 -1 121
78 78 101 102
79 79 103 104
103 103 -1 128
104 104 -1 121
80 80 103 104
81 81 98 97
82 82 100 99
56 56 82 81
57 57 82 81
58 58 77 83
83 83 105 106
59 59 77 83
105 105 -1 122
106 106 -1 125
84 84 105 106
60 60 78 84
61 61 78 84
85 85 107 108
107 107 -1 122
108 108 -1 125
86 86 107 108
62 62 79 85
63 63 79 85
64 64 80 86
65 65 80 86
