44 44 -1 46
46 46 -1 72
45 45 -1 47
47 47 -1 73
72 72 -1 84
73 73 -1 85
84 84 -1 88
85 85 -1 88
48 48 -1 50
50 50 -1 74
49 49 -1 51
51 51 -1 75
74 74 -1 86
75 75 -1 87
86 86 -1 89
87 87 -1 90
52 52 -1 72
53 53 -1 73
88 88 91 92
54 54 -1 74
55 55 -1 75
-1 89 80 82
-1 90 81 83
56 56 -1 58
58 58 -1 76
57 57 -1 59
59 59 -1 77
76 76 -1 84
77 77 -1 85
60 60 -1 62
62 62 -1 78
61 61 -1 63
63 63 -1 79
78 78 -1 86
79 79 -1 87
80 80 -1 76
81 81 -1 77
82 82 -1 78
83 83 -1 79
64 64 -1 52
65 65 -1 53
66 66 -1 54
67 67 -1 55
68 68 -1 80
69 69 -1 81
70 70 -1 82
71 71 -1 83
