44 44 66 68
66 66 -1 94
68 68 -1 95
45 45 67 69
67 67 -1 94
69 69 -1 95
94 94 118 120
95 95 122 124
46 46 66 79
79 79 -1 106
47 47 67 80
80 80 -1 106
118 118 134 136
120 120 138 140
-1 193 68 73
73 73 -1 100
-1 204 69 74
74 74 -1 100
122 122 142 144
124 124 146 148
48 48 70 72
70 70 96 97
72 72 98 99
49 49 70 72
96 96 -1 118
97 97 -1 120
71 71 96 97
98 98 -1 122
99 99 -1 124
50 50 71 84
84 84 108 109
51 51 71 84
-1 198 98 110
110 110 -1 127
-1 199 99 111
111 111 -1 129
134 134 153 154
136 136 155 156
119 119 134 136
138 138 157 158
140 140 159 160
121 121 138 140
142 142 161 162
144 144 163 164
123 123 142 144
146 146 165 166
148 148 152 150
125 125 146 148
52 52 73 75
75 75 -1 101
53 53 74 76
76 76 -1 101
100 100 126 128
101 101 130 132
126 126 135 137
128 128 139 141
-1 150 197 75
197 197 203 202
-1 151 197 76
130 130 143 145
132 132 147 149
54 54 77 78
77 77 102 103
78 78 104 105
55 55 77 78
102 102 -1 126
103 103 -1 128
104 104 -1 130
105 105 -1 132
-1 200 102 81
81 81 -1 107
-1 201 103 82
82 82 -1 107
-1 205 104 203
203 203 205 206
-1 206 105 202
202 202 196 204
135 135 154 153
137 137 156 155
127 127 135 137
139 139 158 157
141 141 160 159
129 129 139 141
143 143 162 161
145 145 164 163
131 131 143 145
147 147 166 165
149 149 152 151
133 133 147 149
56 56 79 81
57 57 80 82
106 106 131 133
107 107 127 129
58 58 83 85
83 83 108 109
85 85 110 111
59 59 83 85
108 108 -1 131
109 109 -1 133
60 60 86 88
86 86 -1 112
88 88 -1 113
61 61 87 89
87 87 -1 112
89 89 -1 113
112 112 123 125
113 113 119 121
62 62 87 89
63 63 90 92
90 90 114 115
92 92 116 117
64 64 90 92
114 114 -1 123
115 115 -1 125
91 91 114 115
116 116 -1 119
117 117 -1 121
93 93 116 117
-1 167 91 93
65 65 91 93
-1 194 86 198
-1 195 88 199
152 152 196 193
196 196 200 201
153 153 170 171
154 154 168 169
155 155 174 175
156 156 172 173
157 157 178 179
158 158 176 177
159 159 182 183
160 160 180 181
161 161 186 187
162 162 184 185
163 163 190 191
164 164 188 189
165 165 194 195
166 166 192 167
