44 44 -1 66
66 66 -1 86
45 45 -1 67
67 67 -1 86
86 86 103 104
46 46 -1 66
47 47 -1 67
103 103 125 126
104 104 127 128
48 48 -1 68
68 68 87 88
49 49 -1 68
87 87 -1 103
88 88 -1 104
69 69 -1 87
70 70 -1 88
50 50 69 70
125 125 161 162
126 126 163 164
127 127 165 166
128 128 167 168
-1 238 69 244
244 244 -1 250
-1 239 70 245
245 245 -1 251
89 89 105 106
105 105 -1 125
106 106 -1 126
161 161 147 149
162 162 133 151
163 163 153 155
164 164 157 159
90 90 107 108
107 107 -1 127
108 108 -1 128
165 165 129 131
166 166 135 137
167 167 139 141
168 168 145 143
51 51 -1 71
71 71 89 90
52 52 -1 71
53 53 72 73
72 72 -1 89
73 73 -1 90
54 54 72 73
240 240 -1 105
241 241 -1 106
242 242 -1 107
243 243 -1 108
-1 250 240 242
-1 251 241 243
-1 232 240 246
-1 246 161 165
-1 233 241 247
-1 247 162 166
-1 234 242 248
-1 248 163 167
-1 235 243 249
-1 249 164 168
147 147 179 197
149 149 198 199
109 109 147 149
133 133 170 178
151 151 195 196
110 110 133 151
153 153 187 188
155 155 189 190
111 111 153 155
157 157 191 192
159 159 193 194
112 112 157 159
129 129 171 169
131 131 172 173
113 113 129 131
135 135 174 175
137 137 176 177
114 114 135 137
139 139 180 181
141 141 182 183
115 115 139 141
145 145 185 186
143 143 -1 184
116 116 145 144
144 144 -1 184
169 169 113 114
91 91 113 114
171 171 115 116
130 130 171 169
172 172 109 110
173 173 111 112
132 132 172 173
117 117 130 132
170 170 130 132
92 92 115 116
93 93 109 110
94 94 111 112
95 95 117 118
118 118 138 136
96 96 117 118
178 178 138 136
134 134 170 178
74 74 91 92
75 75 91 92
174 174 232 233
175 175 234 235
136 136 175 174
176 176 203 204
177 177 201 202
138 138 177 176
76 76 95 97
97 97 120 121
77 77 95 97
78 78 96 98
98 98 120 121
79 79 96 98
119 119 134 152
152 152 195 196
179 179 134 152
55 55 74 80
80 80 93 94
56 56 74 80
57 57 75 81
81 81 93 94
58 58 75 81
180 180 207 208
181 181 205 206
140 140 181 180
182 182 211 212
183 183 209 210
142 142 183 182
184 184 236 237
185 185 215 216
186 186 213 214
146 146 186 185
197 197 148 150
148 148 179 197
198 198 158 160
199 199 154 156
150 150 198 199
195 195 146 144
196 196 140 142
187 187 219 220
188 188 217 218
154 154 188 187
189 189 223 224
190 190 221 222
156 156 190 189
191 191 227 228
192 192 225 226
158 158 192 191
193 193 231 200
194 194 229 230
160 160 194 193
59 59 76 82
82 82 99 101
60 60 76 82
61 61 77 83
83 83 99 101
62 62 77 83
120 120 146 143
121 121 140 142
63 63 78 84
84 84 100 102
64 64 78 84
-1 200 79 85
85 85 100 102
65 65 79 85
99 99 119 122
122 122 148 150
100 100 119 122
-1 236 244 238
-1 237 245 239
123 123 158 160
124 124 154 156
101 101 124 123
102 102 124 123
