44 44 66 68
66 66 88 90
68 68 92 94
45 45 66 68
88 88 112 114
90 90 116 118
67 67 88 90
92 92 120 122
94 94 124 126
69 69 92 94
46 46 67 69
47 47 67 69
112 112 144 146
114 114 148 150
89 89 112 114
116 116 154 156
118 118 158 160
91 91 116 118
120 120 164 166
122 122 168 170
93 93 120 122
124 124 172 174
126 126 152 162
95 95 124 126
70 70 89 91
71 71 89 91
144 144 178 179
146 146 180 181
113 113 144 146
148 148 182 183
150 150 184 185
115 115 148 150
154 154 188 189
156 156 190 191
117 117 154 156
158 158 192 193
160 160 194 195
119 119 158 160
48 48 70 72
72 72 93 95
49 49 70 72
50 50 71 73
73 73 93 95
51 51 71 73
164 164 198 199
-1 166 207 209
121 121 164 167
-1 167 207 209
168 168 200 211
170 170 201 202
123 123 168 170
172 172 203 204
174 174 205 206
125 125 172 174
152 152 186 187
162 162 196 197
127 127 152 162
96 96 113 115
178 178 215 216
179 179 213 214
145 145 179 178
180 180 219 220
181 181 217 218
147 147 181 180
182 182 223 224
183 183 221 222
149 149 183 182
184 184 227 228
185 185 225 226
151 151 185 184
74 74 96 97
97 97 117 119
75 75 96 97
186 186 -1 113
187 187 -1 115
153 153 186 187
188 188 231 232
189 189 229 230
155 155 189 188
190 190 235 236
191 191 233 234
157 157 191 190
192 192 239 240
193 193 237 238
159 159 193 192
194 194 243 244
195 195 241 242
161 161 195 194
196 196 -1 117
197 197 -1 119
163 163 196 197
98 98 121 123
198 198 247 248
199 199 245 246
165 165 199 198
207 207 255 256
209 209 257 258
200 200 249 250
-1 211 259 260
169 169 200 212
-1 212 259 260
201 201 253 254
202 202 251 252
171 171 202 201
76 76 98 99
99 99 125 127
77 77 98 99
203 203 -1 121
204 204 -1 123
173 173 203 204
205 205 -1 125
206 206 -1 127
175 175 205 206
52 52 74 76
53 53 74 76
54 54 75 77
55 55 75 77
128 128 145 147
129 129 145 147
100 100 128 130
130 130 149 151
101 101 128 130
255 255 129 131
131 131 149 151
102 102 129 131
132 132 155 157
133 133 155 157
103 103 132 134
134 134 159 161
104 104 132 134
256 256 133 135
135 135 159 161
105 105 133 135
136 136 153 163
137 137 153 163
106 106 136 142
142 142 173 175
107 107 136 142
257 257 137 143
143 143 173 175
108 108 137 143
138 138 165 176
-1 176 208 210
139 139 165 177
-1 177 208 210
208 208 255 256
258 258 139 141
210 210 257 258
109 109 138 140
140 140 169 171
110 110 138 140
141 141 169 171
111 111 139 141
259 259 108 111
260 260 102 105
78 78 106 109
79 79 106 109
80 80 107 110
81 81 107 110
82 82 108 111
56 56 78 83
83 83 100 103
57 57 78 83
58 58 79 84
84 84 100 103
59 59 79 84
60 60 80 85
85 85 101 104
61 61 80 85
62 62 81 86
86 86 101 104
63 63 81 86
64 64 82 87
87 87 102 105
65 65 82 87
