44 44 -1 66
66 66 87 88
45 45 -1 66
87 87 110 111
88 88 112 113
46 46 67 68
67 67 -1 87
68 68 -1 88
47 47 67 68
110 110 137 138
111 111 139 140
112 112 141 142
113 113 143 144
69 69 89 90
89 89 -1 110
90 90 -1 111
70 70 89 90
137 137 146 148
138 138 150 152
139 139 154 155
140 140 145 97
71 71 91 92
91 91 -1 112
92 92 -1 113
72 72 91 92
141 141 156 158
142 142 160 162
143 143 166 164
144 144 168 170
48 48 69 71
49 49 69 71
50 50 70 72
51 51 70 72
-1 259 137 141
-1 260 138 142
146 146 174 175
148 148 176 177
114 114 146 148
150 150 178 179
152 152 180 181
115 115 150 152
-1 261 139 143
-1 262 140 144
154 154 118 119
155 155 120 121
116 116 154 155
145 145 114 115
97 97 -1 126
117 117 145 98
98 98 -1 126
156 156 182 183
158 158 184 185
118 118 156 158
160 160 186 187
162 162 188 189
119 119 160 162
166 166 190 191
164 164 -1 200
120 120 166 165
165 165 -1 201
168 168 192 193
170 170 194 195
121 121 168 170
246 246 -1 259
247 247 -1 260
248 248 -1 261
249 249 -1 262
93 93 114 115
174 174 233 234
175 175 231 232
147 147 175 174
176 176 237 238
177 177 235 236
149 149 177 176
178 178 241 242
179 179 239 240
151 151 179 178
180 180 245 202
181 181 243 244
153 153 181 180
73 73 93 100
100 100 127 128
74 74 93 100
94 94 116 117
257 257 116 117
95 95 118 119
96 96 120 121
126 126 172 173
75 75 94 99
99 99 122 124
182 182 205 206
183 183 203 204
157 157 183 182
184 184 209 210
185 185 207 208
159 159 185 184
186 186 213 214
187 187 211 212
161 161 187 186
188 188 217 218
189 189 215 216
163 163 189 188
76 76 95 96
77 77 95 96
-1 200 254 255
-1 201 254 256
190 190 221 222
191 191 219 220
167 167 191 190
192 192 225 226
193 193 223 224
169 169 193 192
194 194 229 230
195 195 227 228
171 171 195 194
-1 196 246 250
-1 250 246 104
-1 197 247 251
-1 251 247 109
104 104 130 132
109 109 134 136
-1 198 248 252
-1 252 248 94
-1 199 249 253
-1 253 249 99
52 52 75 82
82 82 104 109
53 53 75 82
122 122 169 171
124 124 167 164
266 266 122 124
123 123 169 171
125 125 167 165
-1 268 257 258
258 258 130 132
-1 269 266 267
267 267 134 136
-1 202 257 258
54 54 76 73
55 55 76 73
56 56 77 74
57 57 77 74
78 78 105 97
105 105 125 123
79 79 105 98
172 172 196 197
173 173 198 199
127 127 -1 173
128 128 -1 172
101 101 127 128
80 80 101 106
106 106 125 123
81 81 101 106
129 129 157 159
130 130 157 159
102 102 129 131
131 131 161 163
103 103 129 131
132 132 161 163
254 254 264 265
255 255 -1 263
256 256 -1 263
133 133 147 149
134 134 147 149
107 107 133 135
135 135 151 153
108 108 133 135
136 136 151 153
58 58 78 83
83 83 102 107
59 59 78 83
60 60 79 84
84 84 102 107
61 61 79 84
62 62 80 85
85 85 103 108
63 63 80 85
64 64 81 86
86 86 103 108
65 65 81 86
263 263 268 269
-1 264 255 266
-1 265 256 267
