44 44 66 68
66 66 88 90
68 68 92 94
45 45 66 68
88 88 112 114
90 90 116 118
67 67 88 90
92 92 120 122
94 94 124 126
69 69 92 94
46 46 67 69
47 47 67 69
112 112 142 144
114 114 146 148
89 89 112 114
116 116 150 152
118 118 154 156
91 91 116 118
120 120 136 137
122 122 138 140
93 93 120 122
124 124 158 160
126 126 162 164
95 95 124 126
70 70 89 91
71 71 89 91
142 142 170 171
144 144 172 173
113 113 142 144
146 146 174 175
148 148 176 177
115 115 146 148
150 150 178 179
152 152 180 181
117 117 150 152
154 154 182 183
156 156 184 185
119 119 154 156
48 48 70 72
72 72 93 95
49 49 70 72
50 50 71 73
73 73 93 95
51 51 71 73
136 136 98 100
137 137 102 96
121 121 136 137
138 138 168 169
140 140 197 199
123 123 138 140
158 158 186 187
160 160 188 189
125 125 158 160
162 162 190 191
164 164 192 193
127 127 162 164
96 96 121 123
97 97 121 123
98 98 117 119
100 100 125 127
74 74 98 100
102 102 113 115
75 75 102 96
52 52 74 75
53 53 74 75
99 99 117 119
101 101 125 127
103 103 113 115
168 168 236 237
169 169 234 235
139 139 169 168
-1 197 264 262
-1 199 265 263
141 141 198 200
-1 198 264 262
-1 200 265 263
76 76 97 103
77 77 97 103
78 78 99 101
79 79 99 101
54 54 78 76
55 55 78 76
56 56 79 77
57 57 79 77
58 58 80 82
80 80 104 106
82 82 108 110
59 59 80 82
104 104 128 129
106 106 130 131
81 81 104 106
108 108 132 133
110 110 134 135
83 83 108 110
60 60 81 83
61 61 81 83
128 128 139 141
129 129 159 161
105 105 128 129
130 130 143 145
131 131 147 149
107 107 130 131
132 132 155 157
133 133 166 167
109 109 132 133
134 134 151 153
135 135 163 165
111 111 134 135
84 84 105 107
85 85 105 107
254 254 139 141
159 159 187 186
161 161 189 188
255 255 159 161
143 143 171 170
145 145 173 172
256 256 143 145
147 147 175 174
149 149 177 176
257 257 147 149
62 62 84 86
86 86 109 111
63 63 84 86
64 64 85 87
87 87 109 111
65 65 85 87
155 155 183 182
157 157 185 184
258 258 155 157
166 166 194 195
167 167 196 201
259 259 166 167
151 151 179 178
153 153 181 180
260 260 151 153
163 163 191 190
165 165 193 192
261 261 163 165
170 170 204 205
171 171 202 203
172 172 208 209
173 173 206 207
174 174 212 213
175 175 210 211
176 176 216 217
177 177 214 215
178 178 220 221
179 179 218 219
180 180 224 225
181 181 222 223
182 182 228 229
183 183 226 227
184 184 232 233
185 185 230 231
186 186 240 241
187 187 238 239
188 188 244 245
189 189 242 243
190 190 248 249
191 191 246 247
192 192 252 253
193 193 250 251
194 194 256 257
266 266 256 257
195 195 260 261
267 267 260 261
196 196 258 259
268 268 258 259
264 264 270 271
262 262 266 267
265 265 272 273
263 263 268 269
201 201 254 255
269 269 254 255
270 270 194 195
271 271 196 201
272 272 276 277
273 273 274 275
-1 274 268 273
-1 275 269 272
-1 276 266 270
-1 277 267 271
