44 44 66 68
66 66 88 90
68 68 92 94
45 45 66 68
88 88 112 114
90 90 116 118
67 67 88 90
92 92 120 122
94 94 124 126
69 69 92 94
46 46 67 69
47 47 67 69
112 112 136 138
114 114 140 142
89 89 112 114
116 116 144 146
118 118 148 150
91 91 116 118
120 120 152 154
122 122 156 158
93 93 120 122
124 124 160 162
126 126 164 166
95 95 124 126
70 70 89 91
71 71 89 91
136 136 169 170
138 138 171 172
113 113 136 138
140 140 173 174
142 142 175 176
115 115 140 142
144 144 177 178
146 146 179 180
117 117 144 146
148 148 181 182
150 150 183 184
119 119 148 150
48 48 70 72
72 72 93 95
49 49 70 72
50 50 71 73
73 73 93 95
51 51 71 73
152 152 185 186
154 154 187 188
121 121 152 154
156 156 189 190
158 158 191 192
123 123 156 158
160 160 193 194
-1 162 198 200
125 125 160 163
-1 163 198 200
164 164 195 202
166 166 196 197
127 127 164 166
96 96 113 115
97 97 113 115
169 169 206 207
170 170 204 205
137 137 170 169
171 171 210 211
172 172 208 209
139 139 172 171
173 173 214 215
174 174 212 213
141 141 174 173
175 175 218 219
176 176 216 217
143 143 176 175
74 74 96 98
98 98 117 119
75 75 96 98
76 76 97 99
99 99 117 119
77 77 97 99
177 177 222 223
178 178 220 221
145 145 178 177
179 179 226 227
180 180 224 225
147 147 180 179
181 181 230 231
182 182 228 229
149 149 182 181
183 183 234 235
184 184 232 233
151 151 184 183
100 100 121 123
101 101 121 123
185 185 238 239
186 186 236 237
153 153 186 185
187 187 242 243
188 188 240 241
155 155 188 187
189 189 246 247
190 190 244 245
157 157 190 189
191 191 250 251
192 192 248 249
159 159 192 191
78 78 100 102
102 102 125 127
79 79 100 102
80 80 101 103
103 103 125 127
81 81 101 103
193 193 254 255
194 194 252 253
161 161 194 193
198 198 262 263
200 200 264 265
195 195 256 257
-1 202 266 267
165 165 195 203
-1 203 266 267
196 196 260 261
197 197 258 259
167 167 197 196
52 52 74 78
53 53 74 78
54 54 75 79
55 55 75 79
56 56 76 80
57 57 76 80
58 58 77 81
59 59 77 81
128 128 137 139
104 104 128 129
129 129 141 143
105 105 128 129
-1 268 137 153
-1 269 139 155
-1 270 141 157
-1 271 143 159
130 130 145 147
106 106 130 131
131 131 149 151
107 107 130 131
-1 272 145 161
-1 273 147 276
-1 276 201 199
-1 274 149 165
-1 275 151 167
132 132 153 155
108 108 132 133
133 133 157 159
109 109 132 133
134 134 161 168
-1 168 201 199
262 262 270 271
263 263 268 269
199 199 263 262
264 264 274 275
265 265 272 273
201 201 265 264
110 110 134 135
135 135 165 167
111 111 134 135
266 266 105 107
267 267 109 111
60 60 82 84
82 82 104 106
84 84 108 110
61 61 82 84
83 83 104 106
85 85 108 110
62 62 83 85
63 63 83 85
86 86 105 107
64 64 86 87
87 87 109 111
65 65 86 87
