45 45 68 70
68 68 -1 72
70 70 -1 74
46 46 69 71
69 69 -1 73
71 71 -1 75
72 72 -1 100
73 73 -1 100
74 74 -1 102
75 75 -1 102
47 47 68 74
48 48 69 75
100 100 115 113
49 49 70 72
50 50 71 73
102 102 111 109
51 51 76 78
76 76 -1 99
78 78 -1 81
52 52 77 79
77 77 -1 80
79 79 -1 82
99 99 -1 101
80 80 -1 101
81 81 -1 103
82 82 -1 103
53 53 76 81
54 54 77 82
101 101 115 113
-1 141 78 99
55 55 79 80
103 103 111 109
115 115 123 122
113 113 121 120
111 111 119 118
109 109 117 116
56 56 83 85
83 83 -1 87
85 85 -1 89
57 57 84 86
84 84 -1 88
86 86 -1 90
87 87 -1 104
88 88 -1 104
89 89 -1 106
90 90 -1 106
58 58 83 89
59 59 84 90
104 104 108 110
60 60 85 87
61 61 86 88
106 106 112 114
62 62 91 93
91 91 -1 95
93 93 -1 97
63 63 92 94
92 92 -1 96
94 94 -1 98
95 95 -1 105
96 96 -1 105
97 97 -1 107
98 98 -1 107
64 64 91 97
65 65 92 98
105 105 108 110
66 66 93 95
67 67 94 96
107 107 112 114
108 108 116 117
110 110 118 119
112 112 120 121
114 114 122 123
116 116 -1 124
117 117 137 138
118 118 135 136
119 119 133 134
120 120 131 132
121 121 129 130
122 122 127 128
123 123 125 126
-1 124 139 140
139 139 -1 141
-1 140 139 55
