45 45 -1 68
68 68 88 89
46 46 -1 68
88 88 104 106
89 89 108 110
47 47 69 70
69 69 -1 88
70 70 -1 89
48 48 69 70
104 104 118 119
-1 106 124 94
108 108 120 121
110 110 122 123
71 71 90 91
90 90 -1 104
91 91 -1 107
-1 107 124 95
72 72 90 91
118 118 133 134
119 119 131 132
105 105 119 118
124 124 142 144
94 94 -1 79
95 95 -1 80
73 73 92 93
92 92 -1 108
93 93 -1 110
74 74 92 93
120 120 137 138
121 121 135 136
109 109 121 120
122 122 141 130
123 123 139 140
111 111 123 122
49 49 71 73
50 50 71 73
51 51 72 74
52 52 72 74
142 142 126 127
144 144 128 129
125 125 142 144
79 79 -1 101
80 80 -1 101
75 75 96 97
96 96 -1 113
97 97 -1 105
-1 113 125 117
76 76 96 97
126 126 -1 105
127 127 -1 143
-1 143 125 98
112 112 126 127
98 98 -1 115
117 117 -1 115
115 115 81 116
-1 130 146 145
77 77 99 100
99 99 -1 109
100 100 -1 111
78 78 99 100
128 128 -1 109
129 129 -1 111
114 114 128 129
101 101 112 114
81 81 -1 95
116 116 -1 117
53 53 75 77
54 54 75 77
55 55 76 78
56 56 76 78
102 102 -1 112
103 103 -1 114
57 57 82 83
82 82 -1 102
83 83 -1 103
58 58 82 83
59 59 84 85
84 84 -1 102
85 85 -1 103
60 60 84 85
61 61 -1 86
86 86 -1 94
62 62 -1 87
87 87 -1 98
63 63 -1 86
64 64 -1 87
65 65 -1 79
66 66 -1 80
67 67 -1 81
146 146 -1 116
-1 145 146 67
