45 45 -1 68
68 68 -1 88
46 46 -1 69
69 69 -1 88
88 88 106 107
47 47 -1 68
48 48 -1 69
106 106 128 129
107 107 130 131
49 49 -1 70
70 70 89 90
50 50 -1 70
89 89 -1 106
90 90 -1 107
51 51 71 72
71 71 -1 89
72 72 -1 90
52 52 71 72
128 128 167 168
129 129 169 170
130 130 171 173
131 131 175 176
91 91 108 109
108 108 -1 128
109 109 -1 129
167 167 138 152
168 168 134 136
169 169 154 156
170 170 158 160
92 92 110 111
110 110 -1 130
111 111 -1 131
171 171 239 94
173 173 240 241
175 175 140 142
176 176 132 144
53 53 -1 73
73 73 91 92
54 54 -1 73
55 55 74 75
74 74 -1 91
75 75 -1 92
56 56 74 75
229 229 -1 108
230 230 -1 109
231 231 -1 110
232 232 -1 111
-1 162 229 231
-1 163 230 232
-1 233 229 148
148 148 -1 165
-1 234 230 149
149 149 -1 166
-1 235 231 150
150 150 -1 188
-1 236 232 151
151 151 -1 188
132 132 164 162
164 164 209 210
133 133 164 163
-1 165 167 171
-1 166 168 173
138 138 177 197
152 152 198 199
112 112 138 152
134 134 172 174
136 136 178 179
113 113 134 136
-1 237 169 175
-1 238 170 176
154 154 189 190
156 156 191 192
114 114 154 156
158 158 193 194
160 160 195 196
115 115 158 160
239 239 116 117
94 94 -1 121
172 172 239 95
95 95 -1 122
240 240 113 112
241 241 114 115
174 174 240 241
140 140 180 181
142 142 182 183
116 116 140 142
144 144 184 185
117 117 132 144
135 135 172 174
93 93 116 117
-1 121 146 148
-1 122 146 149
96 96 113 112
97 97 114 115
118 118 135 137
137 137 178 179
177 177 135 137
178 178 133 145
179 179 141 143
145 145 185 184
119 119 133 145
141 141 181 180
143 143 183 182
120 120 141 143
98 98 118 125
125 125 139 153
99 99 118 125
197 197 139 153
139 139 177 197
76 76 93 100
100 100 -1 123
77 77 93 101
101 101 -1 124
78 78 102 94
102 102 120 119
79 79 102 95
146 146 186 187
57 57 76 82
82 82 96 97
58 58 76 82
59 59 77 83
83 83 96 97
60 60 77 83
-1 123 147 150
-1 124 147 151
80 80 103 100
103 103 120 119
81 81 103 101
147 147 187 186
180 180 203 204
181 181 201 202
182 182 207 208
183 183 205 206
184 184 213 214
185 185 211 212
186 186 233 234
187 187 235 236
188 188 237 238
198 198 159 161
199 199 155 157
153 153 198 199
189 189 217 218
190 190 215 216
155 155 190 189
191 191 221 222
192 192 219 220
157 157 192 191
193 193 225 226
194 194 223 224
159 159 194 193
195 195 -1 200
196 196 227 228
161 161 196 195
61 61 78 84
84 84 98 104
62 62 78 84
63 63 79 85
85 85 98 104
64 64 79 85
65 65 80 86
86 86 99 105
66 66 80 86
-1 244 81 87
87 87 99 105
67 67 81 87
126 126 159 161
127 127 155 157
104 104 127 126
105 105 127 126
-1 200 242 243
242 242 -1 244
-1 243 242 67
