45 45 -1 68
68 68 90 91
46 46 -1 68
90 90 110 111
91 91 112 113
47 47 69 70
69 69 -1 90
70 70 -1 91
48 48 69 70
110 110 114 116
111 111 118 120
112 112 122 124
113 113 126 135
71 71 92 93
92 92 -1 110
93 93 -1 111
72 72 92 93
114 114 136 137
116 116 138 139
94 94 114 116
118 118 140 141
120 120 142 143
95 95 118 120
73 73 96 97
96 96 -1 112
97 97 -1 113
74 74 96 97
122 122 144 145
124 124 146 147
98 98 122 124
126 126 148 149
135 135 -1 193
99 99 126 128
128 128 -1 150
49 49 71 73
50 50 71 73
51 51 72 74
52 52 72 74
75 75 94 95
76 76 94 95
136 136 195 194
137 137 196 197
115 115 136 137
138 138 198 199
139 139 200 130
117 117 138 139
140 140 164 165
141 141 167 168
119 119 140 141
142 142 170 171
143 143 173 174
121 121 142 143
53 53 75 77
77 77 98 99
54 54 75 77
55 55 76 78
78 78 98 99
56 56 76 78
144 144 176 177
145 145 179 180
123 123 144 145
146 146 182 183
147 147 185 186
125 125 146 147
148 148 188 206
149 149 190 191
127 127 148 149
-1 193 201 244
-1 150 201 203
100 100 115 117
101 101 115 117
195 195 162 163
194 194 160 161
160 160 195 194
196 196 172 175
197 197 166 169
161 161 196 197
198 198 184 187
199 199 178 181
162 162 198 199
200 200 189 192
130 130 -1 151
163 163 200 131
131 131 -1 152
79 79 100 102
102 102 119 121
80 80 100 102
81 81 101 103
103 103 119 121
82 82 101 103
164 164 210 211
165 165 208 209
166 166 165 164
167 167 214 215
168 168 212 213
169 169 168 167
170 170 218 219
171 171 216 217
172 172 171 170
173 173 222 223
174 174 220 221
175 175 174 173
104 104 123 125
105 105 123 125
176 176 226 227
177 177 224 225
178 178 177 176
179 179 230 231
180 180 228 229
181 181 180 179
182 182 234 235
183 183 232 233
184 184 183 182
185 185 238 239
186 186 236 237
187 187 186 185
83 83 104 106
106 106 127 130
84 84 104 106
85 85 105 107
107 107 127 131
86 86 105 107
188 188 240 241
-1 206 246 247
189 189 188 245
-1 245 246 247
190 190 -1 207
191 191 242 243
192 192 191 190
129 129 159 135
159 159 189 192
201 201 248 250
244 244 -1 252
203 203 -1 252
-1 151 202 204
-1 152 202 205
202 202 249 251
204 204 -1 253
205 205 -1 253
57 57 79 83
58 58 79 83
59 59 80 84
60 60 80 84
61 61 81 85
62 62 81 85
63 63 82 86
64 64 82 86
153 153 160 161
154 154 162 163
155 155 172 175
156 156 166 169
132 132 153 154
157 157 184 187
158 158 178 181
133 133 156 155
134 134 158 157
-1 248 258 244
-1 250 261 204
-1 249 258 203
-1 251 261 205
252 252 262 263
253 253 263 262
246 246 256 257
247 247 259 260
-1 207 254 255
65 65 -1 87
87 87 108 109
66 66 -1 87
108 108 134 129
109 109 132 133
-1 264 88 89
88 88 -1 108
89 89 -1 109
67 67 88 89
256 256 -1 134
257 257 -1 129
258 258 256 257
259 259 -1 132
260 260 -1 133
261 261 259 260
-1 265 153 158
-1 266 154 157
-1 267 159 156
-1 268 128 155
262 262 265 266
263 263 267 268
254 254 -1 264
-1 255 254 67
