45 45 68 70
68 68 92 94
70 70 96 98
46 46 68 70
92 92 116 118
94 94 120 122
69 69 92 94
96 96 124 126
98 98 128 130
71 71 96 98
47 47 69 71
48 48 69 71
116 116 148 150
118 118 152 154
93 93 116 118
120 120 158 160
122 122 162 164
95 95 120 122
124 124 168 170
126 126 172 174
97 97 124 126
128 128 176 178
130 130 156 166
99 99 128 130
72 72 93 95
73 73 93 95
148 148 182 183
150 150 184 185
117 117 148 150
152 152 186 187
154 154 188 189
119 119 152 154
158 158 192 193
160 160 194 195
121 121 158 160
162 162 196 197
164 164 198 199
123 123 162 164
49 49 72 74
74 74 97 99
50 50 72 74
51 51 73 75
75 75 97 99
52 52 73 75
168 168 202 203
-1 170 212 214
125 125 168 171
-1 171 212 214
172 172 204 205
174 174 206 207
127 127 172 174
176 176 208 209
178 178 210 211
129 129 176 178
156 156 190 191
166 166 200 201
131 131 156 166
100 100 117 119
182 182 219 220
183 183 217 218
149 149 183 182
184 184 223 224
185 185 221 222
151 151 185 184
186 186 227 228
187 187 225 226
153 153 187 186
188 188 231 232
189 189 229 230
155 155 189 188
76 76 100 101
101 101 121 123
77 77 100 101
190 190 -1 117
191 191 -1 119
157 157 190 191
192 192 235 236
193 193 233 234
159 159 193 192
194 194 239 240
195 195 237 238
161 161 195 194
196 196 243 244
197 197 241 242
163 163 197 196
198 198 247 248
199 199 245 246
165 165 199 198
200 200 -1 121
201 201 -1 123
167 167 200 201
102 102 125 127
202 202 251 252
203 203 249 250
169 169 203 202
212 212 260 261
214 214 262 263
204 204 255 256
205 205 253 254
173 173 205 204
206 206 259 216
207 207 257 258
175 175 207 206
78 78 102 103
103 103 129 131
79 79 102 103
208 208 -1 125
209 209 -1 127
177 177 208 209
210 210 -1 129
211 211 -1 131
179 179 210 211
53 53 76 78
54 54 76 78
55 55 77 79
56 56 77 79
132 132 149 151
133 133 149 151
104 104 132 134
134 134 153 155
105 105 132 134
260 260 133 135
135 135 153 155
106 106 133 135
136 136 159 161
137 137 159 161
107 107 136 138
138 138 163 165
108 108 136 138
261 261 137 139
139 139 163 165
109 109 137 139
140 140 157 167
141 141 157 167
110 110 140 146
146 146 177 179
111 111 140 146
262 262 141 147
147 147 177 179
112 112 141 147
142 142 169 180
-1 180 213 215
143 143 169 181
-1 181 213 215
213 213 260 261
263 263 143 145
215 215 262 263
113 113 142 144
144 144 173 175
114 114 142 144
145 145 173 175
115 115 143 145
-1 216 67 264
80 80 110 113
81 81 110 113
82 82 111 114
83 83 111 114
84 84 112 115
85 85 112 115
57 57 80 86
86 86 104 107
58 58 80 86
59 59 81 87
87 87 104 107
60 60 81 87
61 61 82 88
88 88 105 108
62 62 82 88
63 63 83 89
89 89 105 108
64 64 83 89
65 65 84 90
90 90 106 109
66 66 84 90
-1 264 85 91
91 91 106 109
67 67 85 91
