98 98 68 70
68 68 98 106
70 70 108 110
45 45 68 70
106 106 132 134
69 69 98 106
108 108 136 138
110 110 140 142
71 71 108 110
46 46 71 69
47 47 71 69
48 48 72 74
72 72 107 114
74 74 99 116
49 49 72 74
107 107 132 134
114 114 137 139
73 73 107 114
99 99 75 73
116 116 141 143
75 75 99 116
50 50 75 73
100 100 78 76
78 78 115 112
76 76 100 117
51 51 78 76
117 117 141 143
77 77 100 117
115 115 137 139
112 112 133 135
79 79 115 112
52 52 77 79
53 53 77 79
54 54 80 82
80 80 101 113
82 82 109 111
55 55 80 82
101 101 83 81
113 113 133 135
81 81 101 113
109 109 136 138
111 111 140 142
83 83 109 111
56 56 83 81
102 102 84 86
84 84 102 118
86 86 120 122
57 57 84 86
118 118 150 152
85 85 102 118
120 120 148 154
122 122 144 146
87 87 120 122
58 58 87 85
59 59 87 85
60 60 88 90
88 88 119 126
90 90 103 128
61 61 88 90
119 119 150 152
126 126 149 155
89 89 119 126
103 103 91 89
128 128 145 147
91 91 103 128
62 62 91 89
104 104 94 92
94 94 127 124
92 92 104 129
63 63 94 92
129 129 145 147
93 93 104 129
127 127 149 155
124 124 151 153
95 95 127 124
64 64 93 95
65 65 93 95
66 66 96 97
96 96 105 125
97 97 121 123
67 67 96 97
105 105 131 130
125 125 151 153
130 130 105 125
121 121 148 154
123 123 144 146
131 131 121 123
-1 252 131 130
132 132 156 158
134 134 160 162
136 136 164 166
138 138 168 170
140 140 172 174
142 142 176 178
156 156 180 181
158 158 182 183
133 133 156 158
160 160 184 185
162 162 186 187
135 135 160 162
164 164 188 189
166 166 190 191
137 137 164 166
168 168 192 193
170 170 194 195
139 139 168 170
172 172 196 197
174 174 198 199
141 141 172 174
176 176 200 201
178 178 202 203
143 143 176 178
180 180 207 208
181 181 205 206
157 157 181 180
182 182 211 212
183 183 209 210
159 159 183 182
184 184 215 216
185 185 213 214
161 161 185 184
186 186 219 220
187 187 217 218
163 163 187 186
144 144 157 161
145 145 157 161
146 146 159 175
175 175 199 198
147 147 159 175
148 148 163 177
177 177 201 200
149 149 163 177
188 188 223 224
189 189 221 222
165 165 189 188
190 190 227 228
191 191 225 226
167 167 191 190
192 192 231 232
193 193 229 230
169 169 193 192
194 194 235 236
195 195 233 234
171 171 195 194
196 196 239 240
197 197 237 238
173 173 197 196
198 198 243 244
199 199 241 242
200 200 247 248
201 201 245 246
202 202 251 204
203 203 249 250
179 179 203 202
150 150 165 171
151 151 165 171
152 152 167 169
153 153 167 169
154 154 173 179
155 155 173 179
-1 204 66 252
