45 45 -1 68
68 68 90 91
46 46 -1 68
90 90 110 111
91 91 112 113
47 47 69 70
69 69 -1 90
70 70 -1 91
48 48 69 70
110 110 114 116
111 111 118 120
112 112 122 124
113 113 126 128
71 71 92 93
92 92 -1 110
93 93 -1 111
72 72 92 93
114 114 134 135
116 116 136 137
94 94 114 116
118 118 138 139
120 120 140 141
95 95 118 120
73 73 96 97
96 96 -1 112
97 97 -1 113
74 74 96 97
122 122 142 143
124 124 144 145
98 98 122 124
126 126 146 147
128 128 149 150
99 99 126 128
49 49 71 73
50 50 71 73
51 51 72 74
52 52 72 74
75 75 94 95
76 76 94 95
134 134 196 195
135 135 197 198
115 115 134 135
136 136 199 200
137 137 201 202
117 117 136 137
138 138 163 164
139 139 166 167
119 119 138 139
140 140 169 170
141 141 172 173
121 121 140 141
53 53 75 77
77 77 98 99
54 54 75 77
55 55 76 78
78 78 98 99
56 56 76 78
142 142 175 176
143 143 178 179
123 123 142 143
144 144 181 182
145 145 184 185
125 125 144 145
146 146 187 188
-1 147 203 204
127 127 146 148
-1 148 203 204
149 149 190 206
150 150 192 193
129 129 149 150
100 100 115 117
101 101 115 117
196 196 161 162
195 195 159 160
159 159 196 195
197 197 171 174
198 198 165 168
160 160 197 198
199 199 183 186
200 200 177 180
161 161 199 200
201 201 191 194
202 202 189 252
162 162 201 202
79 79 100 102
102 102 119 121
80 80 100 102
81 81 101 103
103 103 119 121
82 82 101 103
163 163 210 211
164 164 208 209
165 165 164 163
166 166 214 215
167 167 212 213
168 168 167 166
169 169 218 219
170 170 216 217
171 171 170 169
172 172 222 223
173 173 220 221
174 174 173 172
104 104 123 125
105 105 123 125
175 175 226 227
176 176 224 225
177 177 176 175
178 178 230 231
179 179 228 229
180 180 179 178
181 181 234 235
182 182 232 233
183 183 182 181
184 184 238 239
185 185 236 237
186 186 185 184
83 83 104 106
106 106 127 129
84 84 104 106
85 85 105 107
107 107 127 129
86 86 105 107
187 187 242 243
188 188 240 241
189 189 188 187
203 203 248 249
204 204 254 256
190 190 244 245
-1 206 255 257
191 191 190 253
-1 253 255 257
192 192 -1 207
193 193 246 247
194 194 193 192
57 57 79 83
58 58 79 83
59 59 80 84
60 60 80 84
61 61 81 85
62 62 81 85
63 63 82 86
64 64 82 86
151 151 159 160
152 152 161 162
153 153 171 174
154 154 165 168
130 130 151 152
155 155 183 186
156 156 177 180
157 157 191 194
-1 252 250 251
158 158 189 205
-1 205 250 251
131 131 154 153
132 132 156 155
248 248 264 265
249 249 266 267
250 250 249 248
254 254 260 261
256 256 262 263
251 251 254 256
133 133 158 157
255 255 260 261
257 257 262 263
-1 207 258 259
65 65 -1 87
87 87 108 109
66 66 -1 87
108 108 132 133
109 109 130 131
-1 268 88 89
88 88 -1 108
89 89 -1 109
67 67 88 89
260 260 -1 132
261 261 -1 133
262 262 -1 130
263 263 -1 131
-1 264 151 156
-1 265 152 155
-1 266 154 158
-1 267 153 157
258 258 -1 268
-1 259 258 67
