46 46 69 71
69 69 -1 73
71 71 -1 75
47 47 70 72
70 70 -1 74
72 72 -1 76
73 73 -1 101
74 74 -1 101
75 75 -1 103
76 76 -1 103
48 48 69 75
49 49 70 76
101 101 116 114
50 50 71 73
51 51 72 74
103 103 112 110
52 52 77 79
77 77 -1 100
79 79 -1 82
53 53 78 80
78 78 -1 81
80 80 -1 83
100 100 -1 102
81 81 -1 102
82 82 -1 104
83 83 -1 104
54 54 77 82
55 55 78 83
102 102 116 114
-1 125 79 100
56 56 80 81
104 104 112 110
116 116 124 123
114 114 122 121
112 112 120 119
110 110 118 117
57 57 84 86
84 84 -1 88
86 86 -1 90
58 58 85 87
85 85 -1 89
87 87 -1 91
88 88 -1 105
89 89 -1 105
90 90 -1 107
91 91 -1 107
59 59 84 90
60 60 85 91
105 105 109 111
61 61 86 88
62 62 87 89
107 107 113 115
63 63 92 94
92 92 -1 96
94 94 -1 98
64 64 93 95
93 93 -1 97
95 95 -1 99
96 96 -1 106
97 97 -1 106
98 98 -1 108
99 99 -1 108
65 65 92 98
66 66 93 99
106 106 109 111
67 67 94 96
68 68 95 97
108 108 113 115
109 109 117 118
111 111 119 120
113 113 121 122
115 115 123 124
117 117 140 125
118 118 138 139
119 119 136 137
120 120 134 135
121 121 132 133
122 122 130 131
123 123 128 129
124 124 126 127
