46 46 -1 70
70 70 89 90
47 47 -1 70
89 89 105 107
90 90 109 111
48 48 71 72
71 71 -1 89
72 72 -1 90
49 49 71 72
105 105 121 122
107 107 123 124
109 109 125 128
111 111 126 127
163 163 -1 105
164 164 -1 107
121 121 140 141
122 122 138 139
106 106 122 121
123 123 144 145
124 124 142 143
108 108 124 123
165 165 -1 109
166 166 -1 111
125 125 146 147
-1 128 152 68
110 110 125 129
-1 129 152 69
126 126 150 151
127 127 148 149
112 112 127 126
-1 159 163 165
-1 160 164 166
-1 167 163 153
153 153 -1 101
-1 168 164 154
154 154 -1 102
-1 169 165 155
155 155 -1 103
-1 170 166 156
156 156 -1 104
152 152 159 160
68 68 -1 87
69 69 -1 88
91 91 106 108
113 113 -1 106
114 114 -1 108
92 92 110 112
115 115 -1 110
116 116 -1 112
50 50 73 74
73 73 -1 91
74 74 -1 92
51 51 73 74
52 52 75 76
75 75 -1 91
76 76 -1 92
53 53 75 76
77 77 93 94
93 93 -1 115
94 94 -1 116
78 78 93 94
79 79 95 96
95 95 -1 115
96 96 -1 116
80 80 95 96
81 81 97 98
97 97 -1 113
98 98 -1 114
82 82 97 98
83 83 99 100
99 99 -1 113
100 100 -1 114
84 84 99 100
54 54 77 81
55 55 77 81
56 56 78 82
57 57 78 82
58 58 79 83
59 59 79 83
60 60 80 84
61 61 80 84
62 62 -1 85
85 85 -1 101
63 63 -1 86
86 86 -1 102
101 101 -1 117
102 102 -1 118
64 64 -1 85
65 65 -1 86
-1 117 130 132
-1 118 131 133
66 66 -1 87
87 87 -1 103
67 67 -1 88
88 88 -1 104
103 103 -1 119
104 104 -1 120
-1 119 134 136
-1 120 135 137
-1 130 153 132
132 132 -1 157
-1 131 154 133
133 133 -1 157
-1 134 155 136
136 136 -1 158
-1 135 156 137
137 137 -1 158
157 157 161 162
158 158 162 161
161 161 167 168
162 162 169 170
