46 46 -1 69
69 69 92 93
47 47 -1 69
92 92 114 115
93 93 116 117
48 48 70 71
70 70 -1 92
71 71 -1 93
49 49 70 71
114 114 138 140
115 115 142 144
116 116 146 148
117 117 150 152
72 72 94 95
94 94 -1 114
95 95 -1 115
73 73 94 95
138 138 157 158
140 140 159 160
142 142 162 163
144 144 164 165
74 74 96 97
96 96 -1 116
97 97 -1 117
75 75 96 97
146 146 167 168
-1 148 170 172
150 150 156 161
152 152 166 169
50 50 72 74
51 51 72 74
52 52 73 75
53 53 73 75
156 156 118 119
118 118 -1 138
119 119 -1 140
98 98 118 119
157 157 177 178
158 158 175 176
139 139 158 157
159 159 181 182
160 160 179 180
141 141 160 159
161 161 120 121
120 120 -1 142
121 121 -1 144
99 99 120 121
162 162 185 186
163 163 183 184
143 143 163 162
164 164 189 190
165 165 187 188
145 145 165 164
166 166 122 123
122 122 -1 146
123 123 -1 149
-1 149 170 172
100 100 122 123
167 167 193 174
168 168 191 192
147 147 168 167
170 170 195 194
172 172 197 196
169 169 124 125
124 124 -1 150
125 125 -1 152
101 101 124 125
151 151 156 161
153 153 166 169
126 126 151 153
76 76 98 99
77 77 98 99
54 54 76 78
78 78 100 101
55 55 76 78
56 56 77 79
79 79 100 101
57 57 77 79
127 127 139 141
194 194 128 129
128 128 -1 139
129 129 -1 141
102 102 128 129
130 130 143 145
195 195 131 132
131 131 -1 143
132 132 -1 145
103 103 131 132
133 133 147 154
-1 154 171 173
-1 174 85 91
171 171 195 194
197 197 136 137
196 196 134 135
173 173 197 196
134 134 -1 147
135 135 -1 155
-1 155 171 173
104 104 134 135
136 136 -1 151
137 137 -1 153
105 105 136 137
80 80 106 107
106 106 -1 133
107 107 -1 126
81 81 106 107
82 82 108 109
108 108 -1 133
109 109 -1 126
83 83 108 109
84 84 105 104
85 85 105 104
58 58 84 90
90 90 103 102
59 59 84 90
91 91 103 102
60 60 85 91
61 61 80 86
86 86 110 111
62 62 80 86
110 110 -1 127
111 111 -1 130
87 87 110 111
63 63 81 87
64 64 81 87
88 88 112 113
112 112 -1 127
113 113 -1 130
89 89 112 113
65 65 82 88
66 66 82 88
67 67 83 89
68 68 83 89
