46 46 69 71
69 69 -1 97
71 71 -1 98
47 47 70 72
70 70 -1 97
72 72 -1 98
97 97 121 123
98 98 125 127
48 48 69 82
82 82 -1 109
49 49 70 83
83 83 -1 109
121 121 142 144
123 123 146 148
125 125 140 150
127 127 -1 137
50 50 73 75
73 73 99 100
75 75 101 102
51 51 73 75
99 99 -1 121
100 100 -1 123
74 74 99 100
101 101 -1 125
102 102 -1 128
128 128 -1 137
52 52 74 87
87 87 111 112
53 53 74 87
-1 188 101 113
113 113 -1 130
-1 189 102 114
114 114 -1 132
142 142 156 157
144 144 158 159
122 122 142 144
146 146 160 161
148 148 162 163
124 124 146 148
140 140 154 155
150 150 164 165
126 126 140 150
137 137 152 153
54 54 76 78
76 76 -1 103
78 78 -1 104
55 55 77 79
77 77 -1 103
79 79 -1 104
103 103 129 131
104 104 133 135
-1 138 76 78
-1 139 77 79
129 129 143 145
131 131 147 149
133 133 141 151
135 135 -1 138
56 56 80 81
80 80 105 106
81 81 107 108
57 57 80 81
105 105 -1 129
106 106 -1 131
107 107 -1 133
108 108 -1 136
136 136 -1 139
-1 192 105 107
-1 193 106 108
143 143 157 156
145 145 159 158
130 130 143 145
147 147 161 160
149 149 163 162
132 132 147 149
141 141 155 154
151 151 165 164
134 134 141 151
58 58 82 84
84 84 -1 110
59 59 83 85
85 85 -1 110
109 109 134 127
110 110 130 132
60 60 86 88
86 86 111 112
88 88 113 114
61 61 86 88
111 111 -1 134
112 112 -1 128
62 62 89 91
89 89 -1 115
91 91 -1 116
63 63 90 92
90 90 -1 115
92 92 -1 116
115 115 126 135
116 116 122 124
64 64 89 91
65 65 90 92
66 66 93 95
93 93 117 118
95 95 119 120
67 67 93 95
117 117 -1 126
118 118 -1 136
94 94 117 118
119 119 -1 122
120 120 -1 124
96 96 119 120
-1 166 94 96
68 68 94 96
-1 152 84 190
-1 190 85 192
-1 153 71 191
-1 191 72 193
154 154 188 189
155 155 183 184
156 156 169 170
157 157 167 168
158 158 173 174
159 159 171 172
160 160 177 178
161 161 175 176
162 162 181 182
163 163 179 180
164 164 187 166
165 165 185 186
