46 46 -1 69
69 69 91 92
47 47 -1 69
91 91 111 112
92 92 113 114
48 48 70 71
70 70 -1 91
71 71 -1 92
49 49 70 71
111 111 115 117
112 112 119 121
113 113 123 125
114 114 127 136
72 72 93 94
93 93 -1 111
94 94 -1 112
73 73 93 94
115 115 137 138
117 117 139 140
95 95 115 117
119 119 141 142
121 121 143 144
96 96 119 121
74 74 97 98
97 97 -1 113
98 98 -1 114
75 75 97 98
123 123 145 146
125 125 147 148
99 99 123 125
127 127 149 150
136 136 -1 194
100 100 127 129
129 129 -1 151
50 50 72 74
51 51 72 74
52 52 73 75
53 53 73 75
76 76 95 96
77 77 95 96
137 137 196 195
138 138 197 198
116 116 137 138
139 139 199 200
140 140 201 131
118 118 139 140
141 141 165 166
142 142 168 169
120 120 141 142
143 143 171 172
144 144 174 175
122 122 143 144
54 54 76 78
78 78 99 100
55 55 76 78
56 56 77 79
79 79 99 100
57 57 77 79
145 145 177 178
146 146 180 181
124 124 145 146
147 147 183 184
148 148 186 187
126 126 147 148
149 149 189 207
150 150 191 192
128 128 149 150
-1 194 202 246
-1 151 202 204
101 101 116 118
102 102 116 118
196 196 163 164
195 195 161 162
161 161 196 195
197 197 173 176
198 198 167 170
162 162 197 198
199 199 185 188
200 200 179 182
163 163 199 200
201 201 190 193
131 131 -1 152
164 164 201 132
132 132 -1 153
80 80 101 103
103 103 120 122
81 81 101 103
82 82 102 104
104 104 120 122
83 83 102 104
165 165 210 211
166 166 208 209
167 167 166 165
168 168 214 215
169 169 212 213
170 170 169 168
171 171 218 219
172 172 216 217
173 173 172 171
174 174 222 223
175 175 220 221
176 176 175 174
105 105 124 126
106 106 124 126
177 177 226 227
178 178 224 225
179 179 178 177
180 180 230 231
181 181 228 229
182 182 181 180
183 183 234 235
184 184 232 233
185 185 184 183
186 186 238 239
187 187 236 237
188 188 187 186
84 84 105 107
107 107 128 131
85 85 105 107
86 86 106 108
108 108 128 132
87 87 106 108
189 189 240 241
-1 207 248 249
190 190 189 247
-1 247 248 260
191 191 244 245
192 192 242 243
193 193 192 191
130 130 160 136
160 160 190 193
202 202 250 252
246 246 -1 254
204 204 -1 254
-1 152 203 205
-1 153 203 206
203 203 251 253
205 205 -1 255
206 206 -1 255
58 58 80 84
59 59 80 84
60 60 81 85
61 61 81 85
62 62 82 86
63 63 82 86
64 64 83 87
65 65 83 87
154 154 161 162
155 155 163 164
156 156 173 176
157 157 167 170
133 133 154 155
158 158 185 188
159 159 179 182
134 134 157 156
135 135 159 158
-1 250 257 246
-1 252 259 205
-1 251 257 204
-1 253 259 206
254 254 261 262
255 255 262 261
248 248 89 90
-1 249 256 258
-1 260 256 258
66 66 -1 88
88 88 109 110
67 67 -1 88
109 109 135 130
110 110 133 134
89 89 -1 109
90 90 -1 110
68 68 89 90
256 256 263 264
263 263 -1 135
264 264 -1 130
257 257 263 264
258 258 265 266
265 265 -1 133
266 266 -1 134
259 259 265 266
-1 267 154 159
-1 268 155 158
-1 269 160 157
-1 270 129 156
261 261 267 268
262 262 269 270
