46 46 -1 69
69 69 91 92
47 47 -1 69
91 91 111 112
92 92 113 114
48 48 70 71
70 70 -1 91
71 71 -1 92
49 49 70 71
111 111 115 117
112 112 119 121
113 113 123 125
114 114 127 136
72 72 93 94
93 93 -1 111
94 94 -1 112
73 73 93 94
115 115 137 138
117 117 139 140
95 95 115 117
119 119 141 142
121 121 143 144
96 96 119 121
74 74 97 98
97 97 -1 113
98 98 -1 114
75 75 97 98
123 123 145 146
125 125 147 148
99 99 123 125
127 127 151 149
136 136 -1 193
100 100 127 129
129 129 -1 152
50 50 72 74
51 51 72 74
52 52 73 75
53 53 73 75
76 76 95 96
77 77 95 96
137 137 195 194
138 138 196 197
116 116 137 138
139 139 198 199
140 140 200 131
118 118 139 140
141 141 166 167
142 142 169 170
120 120 141 142
143 143 172 173
144 144 175 176
122 122 143 144
54 54 76 78
78 78 99 100
55 55 76 78
56 56 77 79
79 79 99 100
57 57 77 79
145 145 178 179
146 146 181 182
124 124 145 146
147 147 184 185
148 148 187 188
126 126 147 148
151 151 190 191
149 149 -1 206
128 128 151 150
150 150 -1 207
-1 193 201 244
-1 152 201 203
101 101 116 118
102 102 116 118
195 195 164 165
194 194 162 163
162 162 195 194
196 196 174 177
197 197 168 171
163 163 196 197
198 198 186 189
199 199 180 183
164 164 198 199
200 200 192 149
131 131 -1 153
165 165 200 132
132 132 -1 154
80 80 101 103
103 103 120 122
81 81 101 103
82 82 102 104
104 104 120 122
83 83 102 104
166 166 210 211
167 167 208 209
168 168 167 166
169 169 214 215
170 170 212 213
171 171 170 169
172 172 218 219
173 173 216 217
174 174 173 172
175 175 222 223
176 176 220 221
177 177 176 175
105 105 124 126
106 106 124 126
178 178 226 227
179 179 224 225
180 180 179 178
181 181 230 231
182 182 228 229
183 183 182 181
184 184 234 235
185 185 232 233
186 186 185 184
187 187 238 239
188 188 236 237
189 189 188 187
84 84 105 107
107 107 128 131
85 85 105 107
86 86 106 108
108 108 128 132
87 87 106 108
-1 206 245 251
-1 207 246 252
190 190 242 243
191 191 240 241
192 192 191 190
130 130 161 136
161 161 192 150
201 201 247 249
244 244 -1 253
203 203 -1 253
-1 153 202 204
-1 154 202 205
202 202 248 250
204 204 -1 254
205 205 -1 254
58 58 80 84
59 59 80 84
60 60 81 85
61 61 81 85
62 62 82 86
63 63 82 86
64 64 83 87
65 65 83 87
155 155 162 163
156 156 164 165
157 157 174 177
158 158 168 171
133 133 155 156
159 159 186 189
160 160 180 183
134 134 158 157
135 135 160 159
-1 247 256 244
-1 249 257 204
-1 248 256 203
-1 250 257 205
253 253 259 260
254 254 260 259
-1 245 255 251
251 251 -1 258
-1 246 255 252
252 252 -1 258
66 66 -1 88
88 88 109 110
67 67 -1 88
109 109 135 130
110 110 133 134
255 255 89 90
89 89 -1 109
90 90 -1 110
68 68 89 90
261 261 -1 135
262 262 -1 130
256 256 261 262
263 263 -1 133
264 264 -1 134
257 257 263 264
-1 265 261 263
-1 266 262 264
258 258 265 266
-1 267 155 160
-1 268 156 159
-1 269 161 158
-1 270 129 157
259 259 267 268
260 260 269 270
