46 46 -1 69
69 69 92 93
47 47 -1 69
92 92 119 120
93 93 121 122
48 48 70 71
70 70 -1 92
71 71 -1 93
49 49 70 71
119 119 146 147
120 120 148 149
121 121 150 151
122 122 152 153
72 72 94 95
94 94 -1 119
95 95 -1 120
73 73 94 95
146 146 155 157
147 147 159 161
148 148 163 164
149 149 154 103
74 74 96 97
96 96 -1 121
97 97 -1 122
75 75 96 97
150 150 165 167
151 151 169 171
152 152 175 173
153 153 177 179
50 50 72 74
51 51 72 74
52 52 73 75
53 53 73 75
-1 266 146 150
-1 267 147 151
155 155 183 184
157 157 185 186
123 123 155 157
159 159 187 188
161 161 189 190
124 124 159 161
-1 268 148 152
-1 269 149 153
163 163 127 128
164 164 129 130
125 125 163 164
154 154 123 124
103 103 -1 135
126 126 154 104
104 104 -1 135
165 165 191 192
167 167 193 194
127 127 165 167
169 169 195 196
171 171 197 198
128 128 169 171
175 175 199 200
173 173 -1 209
129 129 175 174
174 174 -1 210
177 177 201 202
179 179 203 204
130 130 177 179
255 255 -1 266
256 256 -1 267
257 257 -1 268
258 258 -1 269
98 98 123 124
183 183 241 242
184 184 239 240
156 156 184 183
185 185 245 246
186 186 243 244
158 158 186 185
187 187 249 250
188 188 247 248
160 160 188 187
189 189 253 254
190 190 251 252
162 162 190 189
76 76 98 107
107 107 136 137
77 77 98 107
99 99 125 126
100 100 125 126
101 101 127 128
102 102 129 130
135 135 181 182
78 78 99 105
105 105 131 133
79 79 100 106
106 106 131 133
191 191 213 214
192 192 211 212
166 166 192 191
193 193 217 218
194 194 215 216
168 168 194 193
195 195 221 222
196 196 219 220
170 170 196 195
197 197 225 226
198 198 223 224
172 172 198 197
80 80 101 102
81 81 101 102
-1 209 263 264
-1 210 263 265
199 199 229 230
200 200 227 228
176 176 200 199
201 201 233 234
202 202 231 232
178 178 202 201
203 203 237 238
204 204 235 236
180 180 204 203
-1 205 255 259
-1 259 255 111
-1 206 256 260
-1 260 256 117
111 111 139 141
117 117 143 145
-1 207 257 261
-1 261 257 99
-1 208 258 262
-1 262 258 105
54 54 78 86
86 86 111 117
55 55 78 86
131 131 178 180
133 133 176 173
132 132 178 180
134 134 176 174
-1 273 100 112
112 112 139 141
-1 274 106 118
118 118 143 145
56 56 79 91
91 91 112 118
57 57 80 76
58 58 80 76
59 59 81 77
60 60 81 77
82 82 113 103
113 113 134 132
83 83 113 104
181 181 205 206
182 182 207 208
136 136 -1 182
137 137 -1 181
108 108 136 137
84 84 108 114
114 114 134 132
85 85 108 114
138 138 166 168
139 139 166 168
109 109 138 140
140 140 170 172
110 110 138 140
141 141 170 172
263 263 271 272
264 264 -1 270
265 265 -1 270
142 142 156 158
143 143 156 158
115 115 142 144
144 144 160 162
116 116 142 144
145 145 160 162
61 61 82 87
87 87 109 115
62 62 82 87
63 63 83 88
88 88 109 115
64 64 83 88
65 65 84 89
89 89 110 116
66 66 84 89
67 67 85 90
90 90 110 116
68 68 85 90
270 270 273 274
-1 271 79 264
-1 272 91 265
