46 46 69 71
69 69 93 95
71 71 97 99
47 47 69 71
93 93 117 119
95 95 121 123
70 70 93 95
97 97 125 127
99 99 129 131
72 72 97 99
48 48 70 72
49 49 70 72
117 117 141 143
119 119 145 147
94 94 117 119
121 121 149 151
123 123 153 155
96 96 121 123
125 125 157 159
127 127 161 163
98 98 125 127
129 129 165 167
131 131 169 171
100 100 129 131
73 73 94 96
74 74 94 96
141 141 174 175
143 143 176 177
118 118 141 143
145 145 178 179
147 147 180 181
120 120 145 147
149 149 182 183
151 151 184 185
122 122 149 151
153 153 186 187
155 155 188 189
124 124 153 155
50 50 73 75
75 75 98 100
51 51 73 75
52 52 74 76
76 76 98 100
53 53 74 76
157 157 190 191
159 159 192 193
126 126 157 159
161 161 194 195
163 163 196 197
128 128 161 163
165 165 198 199
-1 167 204 206
130 130 165 168
-1 168 204 206
169 169 200 201
171 171 202 203
132 132 169 171
101 101 118 120
102 102 118 120
174 174 211 212
175 175 209 210
142 142 175 174
176 176 215 216
177 177 213 214
144 144 177 176
178 178 219 220
179 179 217 218
146 146 179 178
180 180 223 224
181 181 221 222
148 148 181 180
77 77 101 103
103 103 122 124
78 78 101 103
79 79 102 104
104 104 122 124
80 80 102 104
182 182 227 228
183 183 225 226
150 150 183 182
184 184 231 232
185 185 229 230
152 152 185 184
186 186 235 236
187 187 233 234
154 154 187 186
188 188 239 240
189 189 237 238
156 156 189 188
105 105 126 128
106 106 126 128
190 190 243 244
191 191 241 242
158 158 191 190
192 192 247 248
193 193 245 246
160 160 193 192
194 194 251 252
195 195 249 250
162 162 195 194
196 196 255 256
197 197 253 254
164 164 197 196
81 81 105 107
107 107 130 132
82 82 105 107
83 83 106 108
108 108 130 132
84 84 106 108
198 198 259 260
199 199 257 258
166 166 199 198
204 204 268 269
206 206 270 271
200 200 263 264
201 201 261 262
170 170 201 200
202 202 267 208
203 203 265 266
172 172 203 202
54 54 77 81
55 55 77 81
56 56 78 82
57 57 78 82
58 58 79 83
59 59 79 83
60 60 80 84
61 61 80 84
133 133 142 144
109 109 133 134
134 134 146 148
110 110 133 134
-1 272 142 158
-1 273 144 160
-1 274 146 162
-1 275 148 164
135 135 150 152
111 111 135 136
136 136 154 156
112 112 135 136
-1 276 150 166
-1 277 152 280
-1 280 207 205
-1 278 154 170
-1 279 156 172
137 137 158 160
113 113 137 138
138 138 162 164
114 114 137 138
139 139 166 173
-1 173 207 205
268 268 274 275
269 269 272 273
205 205 269 268
270 270 278 279
271 271 276 277
207 207 271 270
115 115 139 140
140 140 170 172
116 116 139 140
-1 208 90 92
62 62 85 87
85 85 109 111
87 87 113 115
63 63 85 87
86 86 109 111
88 88 113 115
64 64 86 88
65 65 86 88
89 89 110 112
90 90 110 112
66 66 89 91
91 91 114 116
67 67 89 91
92 92 114 116
68 68 90 92
