46 46 -1 69
69 69 -1 86
47 47 -1 70
70 70 -1 86
86 86 101 102
48 48 -1 69
49 49 -1 70
101 101 113 115
102 102 117 119
50 50 -1 71
71 71 87 88
51 51 -1 71
87 87 -1 101
88 88 -1 102
52 52 72 73
72 72 -1 87
73 73 -1 88
53 53 72 73
113 113 123 124
-1 115 128 130
117 117 125 132
119 119 126 127
89 89 103 104
103 103 -1 113
104 104 -1 116
-1 116 128 130
123 123 137 138
124 124 135 136
114 114 124 123
128 128 146 148
130 130 150 151
90 90 105 106
105 105 -1 117
106 106 -1 119
125 125 139 140
-1 132 144 145
118 118 125 133
-1 133 144 145
126 126 143 134
127 127 141 142
120 120 127 126
54 54 -1 74
74 74 89 90
55 55 -1 74
56 56 75 76
75 75 -1 89
76 76 -1 90
57 57 75 76
77 77 91 92
91 91 -1 103
92 92 -1 104
78 78 91 92
79 79 93 94
93 93 -1 105
94 94 -1 106
80 80 93 94
58 58 77 79
59 59 77 79
60 60 78 80
61 61 78 80
107 107 114 121
-1 121 129 131
-1 146 152 160
-1 148 155 163
129 129 147 149
-1 147 152 160
-1 149 155 163
150 150 158 159
151 151 161 162
131 131 150 151
95 95 108 109
108 108 -1 114
109 109 -1 122
-1 122 129 131
110 110 118 120
144 144 153 154
145 145 156 157
-1 134 84 85
96 96 111 112
111 111 -1 118
112 112 -1 120
62 62 -1 81
81 81 97 98
63 63 -1 81
97 97 -1 107
98 98 -1 110
152 152 153 154
153 153 -1 97
154 154 -1 98
64 64 -1 82
82 82 99 100
65 65 -1 82
99 99 -1 107
100 100 -1 110
155 155 156 157
156 156 -1 99
157 157 -1 100
160 160 158 159
163 163 161 162
66 66 -1 83
83 83 96 95
67 67 -1 83
84 84 -1 96
85 85 -1 95
68 68 84 85
158 158 -1 111
159 159 -1 112
161 161 -1 108
162 162 -1 109
