47 47 -1 71
71 71 -1 93
48 48 -1 72
72 72 -1 93
93 93 114 115
49 49 -1 71
50 50 -1 72
114 114 136 137
115 115 138 139
51 51 -1 73
73 73 94 95
52 52 -1 73
94 94 -1 114
95 95 -1 115
53 53 74 75
74 74 -1 94
75 75 -1 95
54 54 74 75
136 136 120 122
137 137 124 126
138 138 128 130
139 139 132 134
96 96 116 117
116 116 -1 136
117 117 -1 137
120 120 140 141
122 122 142 143
97 97 120 122
124 124 144 145
126 126 146 147
98 98 124 126
99 99 118 119
118 118 -1 138
119 119 -1 139
128 128 148 149
130 130 150 151
100 100 128 130
132 132 152 153
134 134 -1 154
101 101 132 135
135 135 -1 154
55 55 -1 76
76 76 96 99
56 56 -1 76
57 57 77 78
77 77 -1 96
78 78 -1 99
58 58 77 78
102 102 -1 116
103 103 -1 117
79 79 102 103
104 104 -1 118
105 105 -1 119
80 80 104 105
-1 191 102 104
-1 192 103 105
186 186 -1 191
187 187 -1 192
59 59 79 80
-1 188 186 79
-1 189 187 80
81 81 97 98
82 82 97 98
140 140 162 163
141 141 160 161
121 121 141 140
142 142 158 159
143 143 156 157
123 123 143 142
144 144 170 171
145 145 168 169
125 125 145 144
146 146 166 167
147 147 164 165
127 127 147 146
60 60 81 83
83 83 100 101
61 61 81 83
-1 190 82 84
84 84 100 101
62 62 82 84
148 148 178 179
149 149 176 177
129 129 149 148
150 150 174 175
151 151 172 173
131 131 151 150
152 152 -1 155
153 153 180 181
133 133 153 152
154 154 182 183
63 63 85 87
85 85 106 108
87 87 110 112
64 64 85 87
106 106 123 121
108 108 127 125
86 86 106 108
110 110 131 129
112 112 133 134
88 88 110 112
65 65 86 88
66 66 86 88
107 107 123 121
109 109 127 125
111 111 131 129
113 113 133 135
89 89 107 109
90 90 107 109
67 67 89 91
91 91 111 113
68 68 89 91
69 69 90 92
92 92 111 113
70 70 90 92
-1 182 186 188
-1 183 187 189
-1 155 184 185
184 184 -1 190
-1 185 184 62
