47 47 -1 71
71 71 -1 93
48 48 -1 72
72 72 -1 93
93 93 114 115
49 49 -1 71
50 50 -1 72
114 114 136 137
115 115 138 139
51 51 -1 73
73 73 94 95
52 52 -1 73
94 94 -1 114
95 95 -1 115
53 53 74 75
74 74 -1 94
75 75 -1 95
54 54 74 75
136 136 172 173
137 137 174 175
138 138 176 177
139 139 178 179
96 96 116 117
116 116 -1 136
117 117 -1 137
172 172 158 160
173 173 144 162
174 174 164 166
175 175 168 170
97 97 118 119
118 118 -1 138
119 119 -1 139
176 176 140 142
177 177 146 148
178 178 150 152
179 179 156 154
55 55 -1 76
76 76 96 97
56 56 -1 76
57 57 77 78
77 77 -1 96
78 78 -1 97
58 58 77 78
98 98 -1 116
99 99 -1 117
79 79 98 99
100 100 -1 118
101 101 -1 119
80 80 100 101
-1 254 98 100
-1 255 99 101
250 250 -1 254
251 251 -1 255
59 59 79 80
-1 252 250 79
-1 253 251 80
-1 243 172 176
-1 244 173 177
158 158 190 208
160 160 209 210
120 120 158 160
144 144 181 189
162 162 206 207
121 121 144 162
-1 245 174 178
-1 246 175 179
164 164 198 199
166 166 200 201
122 122 164 166
168 168 202 203
170 170 204 205
123 123 168 170
140 140 182 180
142 142 183 184
124 124 140 142
146 146 185 186
148 148 187 188
125 125 146 148
150 150 191 192
152 152 193 194
126 126 150 152
156 156 196 197
154 154 -1 195
127 127 156 155
155 155 -1 195
180 180 124 125
102 102 124 125
182 182 126 127
141 141 182 180
183 183 120 121
184 184 122 123
143 143 183 184
128 128 141 143
181 181 141 143
103 103 126 127
104 104 120 121
105 105 122 123
106 106 128 129
129 129 149 147
107 107 128 129
189 189 149 147
145 145 181 189
81 81 102 103
82 82 102 103
185 185 243 244
186 186 245 246
147 147 186 185
187 187 214 215
188 188 212 213
149 149 188 187
83 83 106 108
108 108 131 132
84 84 106 108
85 85 107 109
109 109 131 132
86 86 107 109
130 130 145 163
163 163 206 207
190 190 145 163
60 60 81 87
87 87 104 105
61 61 81 87
62 62 82 88
88 88 104 105
63 63 82 88
191 191 218 219
192 192 216 217
151 151 192 191
193 193 222 223
194 194 220 221
153 153 194 193
195 195 247 248
196 196 226 227
197 197 224 225
157 157 197 196
208 208 159 161
159 159 190 208
209 209 169 171
210 210 165 167
161 161 209 210
206 206 157 155
207 207 151 153
198 198 230 231
199 199 228 229
165 165 199 198
200 200 234 235
201 201 232 233
167 167 201 200
202 202 238 239
203 203 236 237
169 169 203 202
204 204 242 211
205 205 240 241
171 171 205 204
64 64 83 89
89 89 110 112
65 65 83 89
66 66 84 90
90 90 110 112
67 67 84 90
131 131 157 154
132 132 151 153
68 68 85 91
91 91 111 113
69 69 85 91
-1 249 86 92
92 92 111 113
70 70 86 92
110 110 130 133
133 133 159 161
111 111 130 133
-1 247 250 252
-1 248 251 253
134 134 169 171
135 135 165 167
112 112 135 134
113 113 135 134
-1 211 70 249
