47 47 -1 71
71 71 94 95
48 48 -1 71
94 94 116 117
95 95 118 119
49 49 72 73
72 72 -1 94
73 73 -1 95
50 50 72 73
116 116 144 145
117 117 146 147
118 118 148 149
119 119 150 151
74 74 96 97
96 96 -1 116
97 97 -1 117
75 75 96 97
144 144 154 156
145 145 158 160
146 146 164 162
147 147 166 152
76 76 98 99
98 98 -1 118
99 99 -1 119
77 77 98 99
148 148 168 170
149 149 172 174
150 150 178 176
151 151 180 182
51 51 74 76
52 52 74 76
53 53 75 77
54 54 75 77
-1 263 144 148
-1 264 145 149
154 154 187 188
156 156 189 190
120 120 154 156
158 158 191 192
160 160 193 194
121 121 158 160
-1 265 146 150
-1 266 147 151
164 164 198 207
162 162 186 195
122 122 164 162
166 166 196 197
152 152 184 185
123 123 166 152
168 168 199 200
170 170 201 202
124 124 168 170
172 172 203 204
174 174 205 206
125 125 172 174
178 178 208 209
176 176 -1 214
126 126 178 177
177 177 -1 215
180 180 210 211
182 182 212 213
127 127 180 182
184 184 263 264
185 185 265 266
153 153 185 184
186 186 120 121
100 100 120 121
187 187 251 252
188 188 249 250
155 155 188 187
189 189 255 256
190 190 253 254
157 157 190 189
191 191 259 260
192 192 257 258
159 159 192 191
193 193 -1 216
194 194 261 262
161 161 194 193
195 195 122 123
163 163 186 195
78 78 100 101
101 101 122 123
79 79 100 101
198 198 124 125
207 207 126 127
165 165 198 207
196 196 219 220
197 197 217 218
167 167 197 196
102 102 124 125
199 199 223 224
200 200 221 222
169 169 200 199
201 201 227 228
202 202 225 226
171 171 202 201
203 203 231 232
204 204 229 230
173 173 204 203
205 205 235 236
206 206 233 234
175 175 206 205
80 80 102 103
103 103 126 127
81 81 102 103
-1 214 267 268
-1 215 267 269
208 208 239 240
209 209 237 238
179 179 209 208
210 210 243 244
211 211 241 242
181 181 211 210
212 212 247 248
213 213 245 246
183 183 213 212
128 128 153 167
129 129 153 167
104 104 128 130
130 130 165 163
105 105 128 130
106 106 129 131
131 131 165 163
280 280 129 131
82 82 104 107
107 107 132 134
83 83 104 107
84 84 105 108
108 108 132 134
85 85 105 108
86 86 106 109
109 109 133 135
87 87 106 109
276 276 280 281
281 281 133 135
55 55 80 78
56 56 80 78
57 57 81 79
58 58 81 79
59 59 82 88
88 88 110 113
60 60 82 88
61 61 83 89
89 89 110 113
62 62 83 89
132 132 181 183
134 134 179 176
133 133 181 183
135 135 179 177
63 63 84 90
90 90 111 114
64 64 84 90
65 65 85 91
91 91 111 114
66 66 85 91
67 67 86 92
92 92 112 115
68 68 86 92
69 69 87 93
93 93 112 115
70 70 87 93
-1 278 280 282
282 282 137 139
-1 279 281 283
283 283 141 143
-1 275 276 277
277 277 282 283
136 136 169 171
137 137 169 171
110 110 136 138
138 138 173 175
111 111 136 138
112 112 137 139
139 139 173 175
267 267 273 274
268 268 -1 272
269 269 -1 272
140 140 155 157
141 141 155 157
113 113 140 142
142 142 159 161
114 114 140 142
115 115 141 143
143 143 159 161
-1 216 270 271
272 272 278 279
-1 273 276 268
-1 274 277 269
270 270 -1 275
-1 271 270 69
