48 48 -1 73
73 73 96 97
49 49 -1 73
96 96 117 119
97 97 123 121
50 50 74 75
74 74 -1 96
75 75 -1 97
51 51 74 75
117 117 130 131
119 119 132 133
123 123 134 135
121 121 -1 136
76 76 98 99
98 98 -1 117
99 99 -1 119
77 77 98 99
130 130 141 142
131 131 139 140
118 118 131 130
132 132 145 146
133 133 143 144
120 120 133 132
78 78 100 101
100 100 -1 122
101 101 -1 123
122 122 -1 137
79 79 100 101
-1 136 150 110
-1 137 151 111
134 134 149 138
135 135 147 148
124 124 135 134
52 52 76 78
53 53 76 78
54 54 77 79
55 55 77 79
80 80 102 103
102 102 -1 118
103 103 -1 120
81 81 102 103
125 125 104 105
104 104 -1 118
105 105 -1 120
82 82 104 105
-1 150 152 153
110 110 -1 127
-1 151 152 153
111 111 -1 127
-1 138 72 71
83 83 106 107
106 106 -1 124
107 107 -1 121
84 84 106 107
126 126 108 109
108 108 -1 124
109 109 -1 122
85 85 108 109
127 127 92 93
152 152 82 85
153 153 128 129
56 56 80 83
57 57 80 83
58 58 81 84
59 59 81 84
112 112 -1 125
113 113 -1 126
114 114 -1 125
115 115 -1 126
60 60 82 85
61 61 86 87
86 86 -1 112
87 87 -1 113
62 62 86 87
63 63 88 89
88 88 -1 112
89 89 -1 113
64 64 88 89
65 65 -1 90
90 90 -1 116
66 66 -1 91
91 91 -1 110
116 116 128 129
67 67 -1 90
68 68 -1 91
92 92 -1 116
93 93 -1 111
128 128 -1 114
129 129 -1 115
69 69 94 95
94 94 -1 114
95 95 -1 115
70 70 94 95
71 71 -1 92
72 72 -1 93
