48 48 -1 72
72 72 -1 89
49 49 -1 73
73 73 -1 89
89 89 104 105
50 50 -1 72
51 51 -1 73
104 104 116 118
105 105 120 122
52 52 -1 74
74 74 90 91
53 53 -1 74
90 90 -1 104
91 91 -1 105
54 54 75 76
75 75 -1 90
76 76 -1 91
55 55 75 76
116 116 126 127
-1 118 131 133
120 120 128 135
122 122 129 130
92 92 106 107
106 106 -1 116
107 107 -1 119
-1 119 131 133
126 126 139 140
127 127 137 138
117 117 127 126
131 131 149 151
133 133 153 154
93 93 108 109
108 108 -1 120
109 109 -1 122
128 128 141 142
-1 135 147 148
121 121 128 136
-1 136 147 148
129 129 145 146
130 130 143 144
123 123 130 129
56 56 -1 77
77 77 92 93
57 57 -1 77
58 58 78 79
78 78 -1 92
79 79 -1 93
59 59 78 79
80 80 94 95
94 94 -1 106
95 95 -1 107
81 81 94 95
82 82 96 97
96 96 -1 108
97 97 -1 109
83 83 96 97
60 60 80 82
61 61 80 82
62 62 81 83
63 63 81 83
110 110 117 124
-1 124 132 134
-1 149 155 163
-1 151 158 166
132 132 150 152
-1 150 155 163
-1 152 158 166
153 153 161 162
154 154 164 165
134 134 153 154
98 98 111 112
111 111 -1 117
112 112 -1 125
-1 125 132 134
113 113 121 123
147 147 156 157
148 148 159 160
99 99 114 115
114 114 -1 121
115 115 -1 123
64 64 -1 84
84 84 100 101
65 65 -1 84
100 100 -1 110
101 101 -1 113
155 155 156 157
156 156 -1 100
157 157 -1 101
66 66 -1 85
85 85 102 103
67 67 -1 85
102 102 -1 110
103 103 -1 113
158 158 159 160
159 159 -1 102
160 160 -1 103
163 163 161 162
166 166 164 165
68 68 -1 86
86 86 99 98
69 69 -1 86
70 70 87 88
87 87 -1 99
88 88 -1 98
71 71 87 88
161 161 -1 114
162 162 -1 115
164 164 -1 111
165 165 -1 112
