48 48 -1 72
72 72 -1 94
49 49 -1 73
73 73 -1 94
94 94 115 116
50 50 -1 72
51 51 -1 73
115 115 137 138
116 116 139 140
52 52 -1 74
74 74 95 96
53 53 -1 74
95 95 -1 115
96 96 -1 116
54 54 75 76
75 75 -1 95
76 76 -1 96
55 55 75 76
137 137 121 123
138 138 125 127
139 139 129 131
140 140 133 135
97 97 117 118
117 117 -1 137
118 118 -1 138
121 121 141 142
123 123 143 144
98 98 121 123
125 125 145 146
127 127 147 148
99 99 125 127
100 100 119 120
119 119 -1 139
120 120 -1 140
129 129 149 150
131 131 151 152
101 101 129 131
133 133 153 154
135 135 -1 155
102 102 133 136
136 136 -1 155
56 56 -1 77
77 77 97 100
57 57 -1 77
58 58 78 79
78 78 -1 97
79 79 -1 100
59 59 78 79
103 103 -1 117
104 104 -1 118
80 80 103 104
105 105 -1 119
106 106 -1 120
81 81 105 106
-1 190 103 105
-1 191 104 106
186 186 -1 190
187 187 -1 191
60 60 80 81
-1 188 186 80
-1 189 187 81
82 82 98 99
83 83 98 99
141 141 163 164
142 142 161 162
122 122 142 141
143 143 159 160
144 144 157 158
124 124 144 143
145 145 171 172
146 146 169 170
126 126 146 145
147 147 167 168
148 148 165 166
128 128 148 147
61 61 82 84
84 84 101 102
62 62 82 84
-1 156 83 85
85 85 101 102
63 63 83 85
149 149 179 180
150 150 177 178
130 130 150 149
151 151 175 176
152 152 173 174
132 132 152 151
153 153 183 156
154 154 181 182
134 134 154 153
155 155 184 185
64 64 86 88
86 86 107 109
88 88 111 113
65 65 86 88
107 107 124 122
109 109 128 126
87 87 107 109
111 111 132 130
113 113 134 135
89 89 111 113
66 66 87 89
67 67 87 89
108 108 124 122
110 110 128 126
112 112 132 130
114 114 134 136
90 90 108 110
91 91 108 110
68 68 90 92
92 92 112 114
69 69 90 92
70 70 91 93
93 93 112 114
71 71 91 93
-1 184 186 188
-1 185 187 189
