48 48 -1 72
72 72 94 95
49 49 -1 72
94 94 114 115
95 95 116 117
50 50 73 74
73 73 -1 94
74 74 -1 95
51 51 73 74
114 114 131 132
115 115 133 134
116 116 138 139
117 117 135 140
75 75 96 97
96 96 -1 114
97 97 -1 115
76 76 96 97
131 131 142 143
132 132 144 141
162 162 131 132
133 133 145 146
134 134 147 148
163 163 133 134
77 77 98 99
98 98 -1 116
99 99 -1 117
78 78 98 99
138 138 149 150
139 139 151 152
164 164 138 139
135 135 130 137
140 140 153 200
165 165 135 140
52 52 75 77
53 53 75 77
54 54 76 78
55 55 76 78
130 130 162 163
166 166 162 163
142 142 204 205
143 143 206 207
118 118 142 143
144 144 208 209
141 141 167 203
119 119 144 141
145 145 173 174
146 146 176 177
120 120 145 146
147 147 179 180
148 148 182 183
121 121 147 148
137 137 164 165
122 122 130 137
136 136 166 168
168 168 164 165
167 167 166 168
149 149 185 186
150 150 188 189
123 123 149 150
151 151 191 192
152 152 194 195
124 124 151 152
153 153 197 198
-1 200 201 210
125 125 153 154
-1 154 201 210
100 100 122 125
101 101 122 125
126 126 136 155
155 155 202 199
247 247 136 155
203 203 202 199
169 169 167 203
102 102 118 119
103 103 118 119
204 204 169 172
205 205 170 171
170 170 204 205
206 206 181 184
207 207 175 178
171 171 206 207
208 208 193 196
209 209 187 190
172 172 208 209
79 79 102 104
104 104 120 121
80 80 102 104
81 81 103 105
105 105 120 121
82 82 103 105
173 173 213 214
174 174 211 212
175 175 174 173
176 176 217 218
177 177 215 216
178 178 177 176
179 179 221 222
180 180 219 220
181 181 180 179
182 182 225 226
183 183 223 224
184 184 183 182
106 106 123 124
107 107 123 124
185 185 229 230
186 186 227 228
187 187 186 185
188 188 233 234
189 189 231 232
190 190 189 188
191 191 237 238
192 192 235 236
193 193 192 191
194 194 241 242
195 195 239 240
196 196 195 194
83 83 106 100
84 84 106 100
85 85 107 101
86 86 107 101
197 197 245 246
198 198 243 244
199 199 198 197
201 201 247 252
210 210 250 251
108 108 126 129
129 129 161 160
252 252 161 160
202 202 248 249
-1 248 247 250
250 250 157 156
-1 249 252 251
251 251 159 158
156 156 169 172
56 56 79 83
57 57 79 83
58 58 80 84
59 59 80 84
60 60 81 85
61 61 81 85
62 62 82 86
63 63 82 86
157 157 170 171
158 158 181 184
159 159 175 178
127 127 157 156
160 160 193 196
161 161 187 190
128 128 159 158
64 64 -1 87
87 87 108 109
65 65 -1 87
109 109 127 128
66 66 88 89
88 88 -1 108
89 89 -1 109
67 67 88 89
90 90 110 111
110 110 -1 126
111 111 -1 129
91 91 110 111
92 92 112 113
112 112 -1 127
113 113 -1 128
93 93 112 113
68 68 90 92
69 69 90 92
70 70 91 93
71 71 91 93
