102 102 72 74
72 72 102 112
74 74 114 116
48 48 72 74
112 112 140 142
73 73 102 112
114 114 144 146
116 116 148 149
75 75 114 116
49 49 75 73
50 50 75 73
51 51 76 78
76 76 113 117
78 78 103 130
52 52 76 78
113 113 140 142
117 117 148 149
77 77 113 117
103 103 79 77
130 130 145 147
79 79 103 130
53 53 79 77
104 104 82 80
82 82 134 119
80 80 104 131
54 54 82 80
131 131 145 147
81 81 104 131
134 134 161 133
119 119 141 143
83 83 134 119
55 55 81 83
56 56 81 83
57 57 84 86
84 84 105 120
86 86 115 135
58 58 84 86
105 105 87 85
120 120 141 143
85 85 105 120
115 115 144 146
135 135 161 173
87 87 115 135
59 59 87 85
106 106 88 90
88 88 106 110
90 90 136 108
60 60 88 90
110 110 121 173
89 89 106 110
136 136 138 139
108 108 129 154
91 91 136 108
61 61 91 89
62 62 91 89
63 63 92 93
92 92 132 127
93 93 129 125
64 64 92 93
132 132 170 172
127 127 162 163
107 107 132 127
129 129 165 167
125 125 -1 158
154 154 -1 158
65 65 94 95
94 94 126 128
95 95 124 118
66 66 94 95
126 126 159 160
128 128 164 166
138 138 126 128
124 124 156 157
118 118 169 171
139 139 124 118
67 67 96 97
96 96 122 123
97 97 121 133
68 68 96 97
122 122 -1 125
123 123 -1 155
109 109 150 151
150 150 -1 154
151 151 -1 182
121 121 152 153
133 133 -1 168
173 173 -1 196
69 69 98 100
98 98 111 107
100 100 137 109
70 70 98 100
111 111 101 99
99 99 111 107
137 137 138 139
101 101 137 109
71 71 101 99
140 140 174 122
142 142 175 123
144 144 195 168
146 146 189 155
148 148 169 171
149 149 178 181
174 174 152 153
141 141 174 150
175 175 156 157
143 143 175 151
195 195 165 167
168 168 -1 201
145 145 195 196
196 196 -1 201
189 189 188 185
155 155 -1 190
147 147 189 182
182 182 -1 190
169 169 197 198
171 171 199 200
178 178 177 176
181 181 180 179
152 152 176 177
153 153 179 180
156 156 183 184
157 157 186 187
176 176 204 205
177 177 202 203
179 179 208 209
180 180 206 207
158 158 188 185
190 190 164 166
183 183 216 217
184 184 214 215
185 185 184 183
186 186 212 213
187 187 210 211
188 188 187 186
159 159 -1 178
160 160 -1 181
161 161 162 163
162 162 -1 159
163 163 -1 160
164 164 191 192
166 166 193 194
191 191 220 221
192 192 218 219
165 165 192 191
193 193 224 225
194 194 222 223
167 167 194 193
201 201 170 172
197 197 228 229
198 198 226 227
170 170 198 197
199 199 232 233
200 200 230 231
172 172 200 199
