48 48 -1 72
72 72 -1 92
49 49 -1 73
73 73 -1 92
92 92 110 111
50 50 -1 72
51 51 -1 73
110 110 132 133
111 111 134 135
52 52 -1 74
74 74 93 94
53 53 -1 74
93 93 -1 110
94 94 -1 111
54 54 75 76
75 75 -1 93
76 76 -1 94
55 55 75 76
132 132 171 172
133 133 173 174
134 134 175 177
135 135 179 180
95 95 112 113
112 112 -1 132
113 113 -1 133
171 171 142 156
172 172 138 140
173 173 158 160
174 174 162 164
96 96 114 115
114 114 -1 134
115 115 -1 135
175 175 244 98
177 177 245 246
179 179 144 146
180 180 136 148
56 56 -1 77
77 77 95 96
57 57 -1 77
58 58 78 79
78 78 -1 95
79 79 -1 96
59 59 78 79
234 234 -1 112
235 235 -1 113
236 236 -1 114
237 237 -1 115
-1 166 234 236
-1 167 235 237
-1 238 234 152
152 152 -1 169
-1 239 235 153
153 153 -1 170
-1 240 236 154
154 154 -1 192
-1 241 237 155
155 155 -1 192
136 136 168 166
168 168 212 213
137 137 168 167
-1 169 171 175
-1 170 172 177
142 142 181 201
156 156 202 203
116 116 142 156
138 138 176 178
140 140 182 183
117 117 138 140
-1 242 173 179
-1 243 174 180
158 158 193 194
160 160 195 196
118 118 158 160
162 162 197 198
164 164 199 200
119 119 162 164
244 244 120 121
98 98 -1 125
176 176 244 99
99 99 -1 126
245 245 117 116
246 246 118 119
178 178 245 246
144 144 184 185
146 146 186 187
120 120 144 146
148 148 188 189
121 121 136 148
139 139 176 178
97 97 120 121
-1 125 150 152
-1 126 150 153
100 100 117 116
101 101 118 119
122 122 139 141
141 141 182 183
181 181 139 141
182 182 137 149
183 183 145 147
149 149 189 188
123 123 137 149
145 145 185 184
147 147 187 186
124 124 145 147
102 102 122 129
129 129 143 157
103 103 122 129
201 201 143 157
143 143 181 201
80 80 97 104
104 104 -1 127
81 81 97 105
105 105 -1 128
82 82 106 98
106 106 124 123
83 83 106 99
150 150 190 191
60 60 80 86
86 86 100 101
61 61 80 86
62 62 81 87
87 87 100 101
63 63 81 87
-1 127 151 154
-1 128 151 155
84 84 107 104
107 107 124 123
85 85 107 105
151 151 191 190
184 184 206 207
185 185 204 205
186 186 210 211
187 187 208 209
188 188 216 217
189 189 214 215
190 190 238 239
191 191 240 241
192 192 242 243
202 202 163 165
203 203 159 161
157 157 202 203
193 193 220 221
194 194 218 219
159 159 194 193
195 195 224 225
196 196 222 223
161 161 196 195
197 197 228 229
198 198 226 227
163 163 198 197
199 199 232 233
200 200 230 231
165 165 200 199
64 64 82 88
88 88 102 108
65 65 82 88
66 66 83 89
89 89 102 108
67 67 83 89
68 68 84 90
90 90 103 109
69 69 84 90
70 70 85 91
91 91 103 109
71 71 85 91
130 130 163 165
131 131 159 161
108 108 131 130
109 109 131 130
