48 48 -1 50
50 50 -1 80
49 49 -1 51
51 51 -1 81
80 80 -1 88
81 81 -1 89
88 88 -1 92
89 89 -1 92
52 52 -1 54
54 54 -1 82
53 53 -1 55
55 55 -1 83
82 82 -1 90
83 83 -1 91
90 90 -1 93
91 91 -1 93
56 56 -1 80
57 57 -1 81
92 92 94 95
58 58 -1 82
59 59 -1 83
93 93 95 94
60 60 -1 62
62 62 -1 84
61 61 -1 63
63 63 -1 85
84 84 -1 88
85 85 -1 89
64 64 -1 66
66 66 -1 86
65 65 -1 67
67 67 -1 87
86 86 -1 90
87 87 -1 91
68 68 -1 84
69 69 -1 85
70 70 -1 86
71 71 -1 87
72 72 -1 56
73 73 -1 57
74 74 -1 58
75 75 -1 59
94 94 98 99
95 95 96 97
76 76 -1 68
77 77 -1 69
78 78 -1 70
79 79 -1 71
