48 48 72 74
72 72 96 98
74 74 100 102
49 49 72 74
96 96 120 122
98 98 124 126
73 73 96 98
100 100 128 130
102 102 132 134
75 75 100 102
50 50 73 75
51 51 73 75
120 120 152 154
122 122 156 158
97 97 120 122
124 124 162 164
126 126 166 168
99 99 124 126
128 128 172 174
130 130 176 178
101 101 128 130
132 132 180 182
134 134 160 170
103 103 132 134
76 76 97 99
77 77 97 99
152 152 186 187
154 154 188 189
121 121 152 154
156 156 190 191
158 158 192 193
123 123 156 158
162 162 196 197
164 164 198 199
125 125 162 164
166 166 200 201
168 168 202 203
127 127 166 168
52 52 76 78
78 78 101 103
53 53 76 78
54 54 77 79
79 79 101 103
55 55 77 79
172 172 206 207
-1 174 216 218
129 129 172 175
-1 175 216 218
176 176 208 209
178 178 210 211
131 131 176 178
180 180 212 213
182 182 214 215
133 133 180 182
160 160 194 195
170 170 204 205
135 135 160 170
104 104 121 123
186 186 222 223
187 187 220 221
153 153 187 186
188 188 226 227
189 189 224 225
155 155 189 188
190 190 230 231
191 191 228 229
157 157 191 190
192 192 234 235
193 193 232 233
159 159 193 192
80 80 104 105
105 105 125 127
81 81 104 105
194 194 -1 121
195 195 -1 123
161 161 194 195
196 196 238 239
197 197 236 237
163 163 197 196
198 198 242 243
199 199 240 241
165 165 199 198
200 200 246 247
201 201 244 245
167 167 201 200
202 202 250 251
203 203 248 249
169 169 203 202
204 204 -1 125
205 205 -1 127
171 171 204 205
106 106 129 131
206 206 254 255
207 207 252 253
173 173 207 206
216 216 264 265
218 218 266 267
208 208 258 259
209 209 256 257
177 177 209 208
210 210 262 263
211 211 260 261
179 179 211 210
82 82 106 107
107 107 133 135
83 83 106 107
212 212 -1 129
213 213 -1 131
181 181 212 213
214 214 -1 133
215 215 -1 135
183 183 214 215
56 56 80 82
57 57 80 82
58 58 81 83
59 59 81 83
136 136 153 155
137 137 153 155
108 108 136 138
138 138 157 159
109 109 136 138
264 264 137 139
139 139 157 159
110 110 137 139
140 140 163 165
141 141 163 165
111 111 140 142
142 142 167 169
112 112 140 142
265 265 141 143
143 143 167 169
113 113 141 143
144 144 161 171
145 145 161 171
114 114 144 150
150 150 181 183
115 115 144 150
266 266 145 151
151 151 181 183
116 116 145 151
146 146 173 184
-1 184 217 219
147 147 173 185
-1 185 217 219
217 217 264 265
267 267 147 149
219 219 266 267
117 117 146 148
148 148 177 179
118 118 146 148
149 149 177 179
119 119 147 149
84 84 114 117
85 85 114 117
86 86 115 118
87 87 115 118
88 88 116 119
89 89 116 119
60 60 84 90
90 90 108 111
61 61 84 90
62 62 85 91
91 91 108 111
63 63 85 91
64 64 86 92
92 92 109 112
65 65 86 92
66 66 87 93
93 93 109 112
67 67 87 93
68 68 88 94
94 94 110 113
69 69 88 94
70 70 89 95
95 95 110 113
71 71 89 95
