104 104 72 74
72 72 104 112
74 74 114 116
48 48 72 74
112 112 136 138
73 73 104 112
114 114 140 142
116 116 144 146
75 75 114 116
49 49 75 73
50 50 75 73
51 51 76 78
76 76 113 120
78 78 105 122
52 52 76 78
113 113 136 138
120 120 141 143
77 77 113 120
105 105 79 77
122 122 145 147
79 79 105 122
53 53 79 77
106 106 82 80
82 82 121 118
80 80 106 123
54 54 82 80
123 123 145 147
81 81 106 123
121 121 141 143
118 118 137 139
83 83 121 118
55 55 81 83
56 56 81 83
57 57 84 86
84 84 107 119
86 86 115 117
58 58 84 86
107 107 87 85
119 119 137 139
85 85 107 119
115 115 140 142
117 117 144 146
87 87 115 117
59 59 87 85
108 108 88 90
88 88 108 124
90 90 126 128
60 60 88 90
124 124 154 156
89 89 108 124
126 126 152 158
128 128 148 150
91 91 126 128
61 61 91 89
62 62 91 89
63 63 92 94
92 92 125 132
94 94 109 134
64 64 92 94
125 125 154 156
132 132 153 159
93 93 125 132
109 109 95 93
134 134 149 151
95 95 109 134
65 65 95 93
110 110 98 96
98 98 133 130
96 96 110 135
66 66 98 96
135 135 149 151
97 97 110 135
133 133 153 159
130 130 155 157
99 99 133 130
67 67 97 99
68 68 97 99
69 69 100 102
100 100 111 131
102 102 127 129
70 70 100 102
111 111 103 101
131 131 155 157
101 101 111 131
127 127 152 158
129 129 148 150
103 103 127 129
71 71 103 101
136 136 160 162
138 138 164 166
140 140 168 170
142 142 172 174
144 144 176 178
146 146 180 182
160 160 184 185
162 162 186 187
137 137 160 162
164 164 188 189
166 166 190 191
139 139 164 166
168 168 192 193
170 170 194 195
141 141 168 170
172 172 196 197
174 174 198 199
143 143 172 174
176 176 200 201
178 178 202 203
145 145 176 178
180 180 204 205
182 182 206 207
147 147 180 182
184 184 210 211
185 185 208 209
161 161 185 184
186 186 214 215
187 187 212 213
163 163 187 186
188 188 218 219
189 189 216 217
165 165 189 188
190 190 222 223
191 191 220 221
167 167 191 190
148 148 161 165
149 149 161 165
150 150 163 179
179 179 203 202
151 151 163 179
152 152 167 181
181 181 205 204
153 153 167 181
192 192 226 227
193 193 224 225
169 169 193 192
194 194 230 231
195 195 228 229
171 171 195 194
196 196 234 235
197 197 232 233
173 173 197 196
198 198 238 239
199 199 236 237
175 175 199 198
200 200 242 243
201 201 240 241
177 177 201 200
202 202 246 247
203 203 244 245
204 204 250 251
205 205 248 249
206 206 254 255
207 207 252 253
183 183 207 206
154 154 169 175
155 155 169 175
156 156 171 173
157 157 171 173
158 158 177 183
159 159 177 183
