48 48 72 74
72 72 98 100
74 74 102 104
49 49 72 74
98 98 126 128
100 100 130 132
73 73 98 100
102 102 134 136
104 104 138 140
75 75 102 104
50 50 73 75
51 51 73 75
126 126 170 172
128 128 174 176
99 99 126 128
130 130 178 180
132 132 169 167
101 101 130 132
134 134 158 159
136 136 160 162
103 103 134 136
138 138 182 184
140 140 186 188
105 105 138 140
76 76 99 101
77 77 99 101
170 170 202 203
172 172 204 205
127 127 170 172
174 174 206 207
176 176 208 209
129 129 174 176
178 178 210 211
180 180 212 213
131 131 178 180
169 169 201 200
167 167 199 198
133 133 169 167
52 52 76 78
78 78 103 105
53 53 76 78
54 54 77 79
79 79 103 105
55 55 77 79
158 158 108 110
159 159 112 106
135 135 158 159
160 160 190 191
162 162 192 193
137 137 160 162
182 182 214 215
184 184 216 217
139 139 182 184
186 186 218 219
188 188 220 221
141 141 186 188
106 106 135 137
107 107 135 137
108 108 131 133
110 110 139 141
80 80 108 110
112 112 127 129
81 81 112 106
56 56 80 81
57 57 80 81
109 109 131 133
111 111 139 141
113 113 127 129
190 190 257 258
191 191 255 256
161 161 191 190
192 192 261 262
193 193 259 260
163 163 193 192
82 82 107 113
83 83 107 113
84 84 109 111
85 85 109 111
58 58 84 82
59 59 84 82
60 60 85 83
61 61 85 83
62 62 86 88
86 86 114 116
88 88 118 120
63 63 86 88
114 114 142 144
116 116 146 148
87 87 114 116
118 118 150 152
120 120 154 156
89 89 118 120
64 64 87 89
65 65 87 89
142 142 161 163
144 144 183 185
115 115 142 144
146 146 171 173
148 148 175 177
117 117 146 148
150 150 164 165
152 152 166 168
119 119 150 152
154 154 179 181
156 156 187 189
121 121 154 156
90 90 115 117
91 91 115 117
143 143 161 163
183 183 215 214
185 185 217 216
145 145 183 185
171 171 203 202
173 173 205 204
147 147 171 173
175 175 207 206
177 177 209 208
149 149 175 177
66 66 90 92
92 92 119 121
67 67 90 92
68 68 91 93
93 93 119 121
69 69 91 93
164 164 194 195
165 165 196 197
151 151 164 165
166 166 198 199
168 168 200 201
153 153 166 168
179 179 211 210
181 181 213 212
155 155 179 181
187 187 219 218
189 189 221 220
157 157 187 189
70 70 94 96
94 94 122 123
96 96 124 125
-1 276 94 278
-1 278 194 196
-1 277 96 279
-1 279 195 197
122 122 147 149
123 123 155 157
95 95 122 123
124 124 143 145
125 125 151 153
97 97 124 125
-1 222 95 97
71 71 95 97
194 194 147 149
195 195 155 157
196 196 143 145
197 197 151 153
198 198 253 254
199 199 251 252
200 200 249 250
201 201 247 248
202 202 225 226
203 203 223 224
204 204 229 230
205 205 227 228
206 206 233 234
207 207 231 232
208 208 237 238
209 209 235 236
210 210 241 242
211 211 239 240
212 212 245 246
213 213 243 244
214 214 265 266
215 215 263 264
216 216 269 270
217 217 267 268
218 218 276 277
219 219 271 272
220 220 275 222
221 221 273 274
