48 48 72 74
72 72 96 98
74 74 100 102
49 49 72 74
96 96 124 126
98 98 128 130
73 73 96 98
100 100 132 134
102 102 136 138
75 75 100 102
50 50 73 75
51 51 73 75
124 124 164 166
126 126 168 170
97 97 124 126
128 128 172 174
130 130 176 178
99 99 128 130
132 132 156 157
134 134 158 160
101 101 132 134
136 136 180 182
138 138 184 186
103 103 136 138
76 76 97 99
77 77 97 99
164 164 198 199
166 166 200 201
125 125 164 166
168 168 202 203
170 170 204 205
127 127 168 170
172 172 206 207
174 174 208 209
129 129 172 174
176 176 210 211
178 178 212 213
131 131 176 178
52 52 76 78
78 78 101 103
53 53 76 78
54 54 77 79
79 79 101 103
55 55 77 79
156 156 106 108
157 157 110 104
133 133 156 157
158 158 190 194
160 160 188 189
135 135 158 160
180 180 214 215
182 182 216 217
137 137 180 182
184 184 218 219
186 186 220 221
139 139 184 186
104 104 133 135
105 105 133 135
106 106 129 131
108 108 137 139
80 80 106 108
110 110 125 127
81 81 110 104
56 56 80 81
57 57 80 81
107 107 129 131
109 109 137 139
111 111 125 127
-1 190 274 276
-1 194 275 277
159 159 191 195
-1 191 274 276
-1 195 275 277
188 188 256 257
189 189 254 255
161 161 189 188
82 82 105 111
83 83 105 111
84 84 107 109
85 85 107 109
58 58 84 82
59 59 84 82
60 60 85 83
61 61 85 83
62 62 86 88
86 86 112 114
88 88 116 118
63 63 86 88
112 112 140 142
114 114 144 146
87 87 112 114
116 116 148 150
118 118 152 154
89 89 116 118
64 64 87 89
65 65 87 89
140 140 159 161
142 142 181 183
113 113 140 142
144 144 165 167
146 146 169 171
115 115 144 146
148 148 177 179
150 150 162 163
117 117 148 150
152 152 173 175
154 154 185 187
119 119 152 154
90 90 113 115
91 91 113 115
141 141 159 161
181 181 215 214
183 183 217 216
143 143 181 183
165 165 199 198
167 167 201 200
145 145 165 167
169 169 203 202
171 171 205 204
147 147 169 171
66 66 90 92
92 92 117 119
67 67 90 92
68 68 91 93
93 93 117 119
69 69 91 93
177 177 211 210
179 179 213 212
149 149 177 179
162 162 192 193
163 163 196 197
151 151 162 163
173 173 207 206
175 175 209 208
153 153 173 175
185 185 219 218
187 187 221 220
155 155 185 187
70 70 94 95
94 94 120 121
95 95 122 123
71 71 94 95
120 120 145 147
121 121 153 155
274 274 120 121
122 122 141 143
123 123 149 151
275 275 122 123
276 276 192 193
192 192 145 147
193 193 153 155
277 277 196 197
196 196 141 143
197 197 149 151
198 198 224 225
199 199 222 223
200 200 228 229
201 201 226 227
202 202 232 233
203 203 230 231
204 204 236 237
205 205 234 235
206 206 240 241
207 207 238 239
208 208 244 245
209 209 242 243
210 210 248 249
211 211 246 247
212 212 252 253
213 213 250 251
214 214 260 261
215 215 258 259
216 216 264 265
217 217 262 263
218 218 268 269
219 219 266 267
220 220 272 273
221 221 270 271
