48 48 72 74
72 72 96 98
74 74 100 102
49 49 72 74
96 96 120 122
98 98 124 126
73 73 96 98
100 100 128 130
102 102 132 134
75 75 100 102
50 50 73 75
51 51 73 75
120 120 144 146
122 122 148 150
97 97 120 122
124 124 152 154
126 126 156 158
99 99 124 126
128 128 160 162
130 130 164 166
101 101 128 130
132 132 168 170
134 134 172 174
103 103 132 134
76 76 97 99
77 77 97 99
144 144 176 177
146 146 178 179
121 121 144 146
148 148 180 181
150 150 182 183
123 123 148 150
152 152 184 185
154 154 186 187
125 125 152 154
156 156 188 189
158 158 190 191
127 127 156 158
52 52 76 78
78 78 101 103
53 53 76 78
54 54 77 79
79 79 101 103
55 55 77 79
160 160 192 193
162 162 194 195
129 129 160 162
164 164 196 197
166 166 198 199
131 131 164 166
168 168 200 201
170 170 202 203
133 133 168 170
172 172 204 207
174 174 205 206
135 135 172 174
104 104 121 123
105 105 121 123
176 176 212 213
177 177 210 211
145 145 177 176
178 178 216 217
179 179 214 215
147 147 179 178
180 180 220 221
181 181 218 219
149 149 181 180
182 182 224 225
183 183 222 223
151 151 183 182
80 80 104 106
106 106 125 127
81 81 104 106
82 82 105 107
107 107 125 127
83 83 105 107
184 184 228 229
185 185 226 227
153 153 185 184
186 186 232 233
187 187 230 231
155 155 187 186
188 188 236 237
189 189 234 235
157 157 189 188
190 190 240 241
191 191 238 239
159 159 191 190
108 108 129 131
109 109 129 131
192 192 244 245
193 193 242 243
161 161 193 192
194 194 248 249
195 195 246 247
163 163 195 194
196 196 252 253
197 197 250 251
165 165 197 196
198 198 256 257
199 199 254 255
167 167 199 198
84 84 108 110
110 110 133 135
85 85 108 110
86 86 109 111
111 111 133 135
87 87 109 111
200 200 260 261
201 201 258 259
169 169 201 200
202 202 264 265
203 203 262 263
171 171 203 202
204 204 266 267
-1 207 271 273
173 173 204 208
-1 208 272 274
205 205 270 209
206 206 268 269
175 175 206 205
56 56 80 84
57 57 80 84
58 58 81 85
59 59 81 85
60 60 82 86
61 61 82 86
62 62 83 87
63 63 83 87
136 136 145 147
281 281 145 147
112 112 136 137
137 137 149 151
113 113 136 137
282 282 149 151
138 138 153 155
283 283 153 155
114 114 138 139
139 139 157 159
115 115 138 139
284 284 157 159
140 140 161 163
285 285 161 163
116 116 140 141
141 141 165 167
117 117 140 141
286 286 165 167
142 142 169 171
287 287 169 171
118 118 142 143
143 143 173 175
119 119 142 143
288 288 173 175
-1 271 277 278
-1 273 279 280
-1 272 277 278
-1 274 280 279
-1 209 275 276
64 64 88 90
88 88 112 114
90 90 116 118
65 65 88 90
89 89 112 114
91 91 116 118
66 66 89 91
67 67 89 91
92 92 113 115
93 93 113 115
68 68 92 94
94 94 117 119
69 69 92 94
70 70 93 95
95 95 117 119
71 71 93 95
277 277 281 283
-1 289 281 285
-1 290 282 286
-1 291 283 287
-1 292 284 288
278 278 285 287
-1 275 282 286
-1 276 284 288
279 279 289 290
280 280 291 292
