48 48 72 74
72 72 96 98
74 74 100 102
49 49 72 74
96 96 120 122
98 98 124 126
73 73 96 98
100 100 128 130
102 102 132 134
75 75 100 102
50 50 73 75
51 51 73 75
120 120 144 146
122 122 148 150
97 97 120 122
124 124 152 154
126 126 156 158
99 99 124 126
128 128 160 162
130 130 164 166
101 101 128 130
132 132 168 170
134 134 172 174
103 103 132 134
76 76 97 99
77 77 97 99
144 144 177 178
146 146 179 180
121 121 144 146
148 148 181 182
150 150 183 184
123 123 148 150
152 152 185 186
154 154 187 188
125 125 152 154
156 156 189 190
158 158 191 192
127 127 156 158
52 52 76 78
78 78 101 103
53 53 76 78
54 54 77 79
79 79 101 103
55 55 77 79
160 160 193 194
162 162 195 196
129 129 160 162
164 164 197 198
166 166 199 200
131 131 164 166
168 168 201 202
-1 170 207 209
133 133 168 171
-1 171 207 209
172 172 203 204
174 174 205 206
135 135 172 174
104 104 121 123
105 105 121 123
177 177 213 214
178 178 211 212
145 145 178 177
179 179 217 218
180 180 215 216
147 147 180 179
181 181 221 222
182 182 219 220
149 149 182 181
183 183 225 226
184 184 223 224
151 151 184 183
80 80 104 106
106 106 125 127
81 81 104 106
82 82 105 107
107 107 125 127
83 83 105 107
185 185 229 230
186 186 227 228
153 153 186 185
187 187 233 234
188 188 231 232
155 155 188 187
189 189 237 238
190 190 235 236
157 157 190 189
191 191 241 242
192 192 239 240
159 159 192 191
108 108 129 131
109 109 129 131
193 193 245 246
194 194 243 244
161 161 194 193
195 195 249 250
196 196 247 248
163 163 196 195
197 197 253 254
198 198 251 252
165 165 198 197
199 199 257 258
200 200 255 256
167 167 200 199
84 84 108 110
110 110 133 135
85 85 108 110
86 86 109 111
111 111 133 135
87 87 109 111
201 201 261 262
202 202 259 260
169 169 202 201
207 207 271 272
209 209 273 274
203 203 265 266
204 204 263 264
173 173 204 203
205 205 269 270
206 206 267 268
175 175 206 205
56 56 80 84
57 57 80 84
58 58 81 85
59 59 81 85
60 60 82 86
61 61 82 86
62 62 83 87
63 63 83 87
136 136 145 147
112 112 136 137
137 137 149 151
113 113 136 137
-1 275 145 161
-1 276 147 163
-1 277 149 165
-1 278 151 167
138 138 153 155
114 114 138 139
139 139 157 159
115 115 138 139
-1 279 153 169
-1 280 155 283
-1 283 210 208
-1 281 157 173
-1 282 159 175
140 140 161 163
116 116 140 141
141 141 165 167
117 117 140 141
142 142 169 176
-1 176 210 208
271 271 277 278
272 272 275 276
208 208 272 271
273 273 281 282
274 274 279 280
210 210 274 273
118 118 142 143
143 143 173 175
119 119 142 143
64 64 88 90
88 88 112 114
90 90 116 118
65 65 88 90
89 89 112 114
91 91 116 118
66 66 89 91
67 67 89 91
92 92 113 115
93 93 113 115
68 68 92 94
94 94 117 119
69 69 92 94
70 70 93 95
95 95 117 119
71 71 93 95
