49 49 -1 74
74 74 95 96
50 50 -1 74
95 95 115 117
96 96 119 121
51 51 75 76
75 75 -1 95
76 76 -1 96
52 52 75 76
115 115 131 132
117 117 133 134
119 119 135 136
121 121 137 138
77 77 97 98
97 97 -1 115
98 98 -1 117
131 131 150 151
132 132 148 149
116 116 132 131
133 133 154 155
134 134 152 153
118 118 134 133
78 78 99 100
99 99 -1 119
100 100 -1 121
135 135 158 159
136 136 156 157
120 120 136 135
137 137 -1 147
138 138 160 161
122 122 138 137
53 53 77 78
54 54 77 78
-1 172 97 162
162 162 -1 111
-1 173 98 163
163 163 -1 112
-1 174 99 164
164 164 -1 113
-1 175 100 165
165 165 -1 114
101 101 116 118
123 123 -1 116
124 124 -1 118
102 102 120 122
-1 147 168 169
125 125 -1 120
126 126 -1 122
55 55 79 80
79 79 -1 101
80 80 -1 102
56 56 79 80
57 57 81 82
81 81 -1 101
82 82 -1 102
58 58 81 82
83 83 103 104
103 103 -1 125
104 104 -1 126
84 84 103 104
85 85 105 106
105 105 -1 125
106 106 -1 126
86 86 105 106
87 87 107 108
107 107 -1 123
108 108 -1 124
88 88 107 108
89 89 109 110
109 109 -1 123
110 110 -1 124
90 90 109 110
59 59 83 87
60 60 83 87
61 61 84 88
62 62 84 88
63 63 85 89
64 64 85 89
65 65 86 90
66 66 86 90
67 67 -1 91
91 91 -1 111
68 68 -1 92
92 92 -1 112
111 111 -1 127
112 112 -1 128
69 69 -1 91
70 70 -1 92
-1 127 139 141
-1 128 140 142
71 71 -1 93
93 93 -1 113
72 72 -1 94
94 94 -1 114
113 113 -1 129
114 114 -1 130
73 73 -1 93
168 168 -1 94
-1 129 143 145
-1 130 144 146
-1 139 162 141
141 141 -1 166
-1 140 163 142
142 142 -1 166
-1 143 164 145
145 145 -1 167
-1 144 165 146
146 146 -1 167
166 166 170 171
167 167 171 170
170 170 172 173
171 171 174 175
-1 169 73 168
