49 49 -1 76
76 76 -1 91
50 50 -1 77
77 77 -1 92
91 91 -1 106
92 92 -1 99
51 51 -1 76
52 52 -1 77
-1 99 108 107
53 53 -1 78
78 78 -1 93
54 54 -1 79
79 79 -1 94
93 93 -1 100
94 94 -1 101
55 55 -1 78
56 56 -1 79
-1 100 109 111
-1 101 110 112
80 80 -1 91
81 81 -1 92
82 82 -1 93
83 83 -1 94
109 109 -1 90
111 111 -1 88
110 110 -1 113
112 112 -1 89
90 90 -1 97
113 113 -1 98
88 88 -1 95
89 89 -1 96
57 57 -1 84
84 84 -1 95
58 58 -1 85
85 85 -1 96
95 95 -1 102
96 96 -1 103
59 59 -1 84
60 60 -1 85
-1 102 111 65
-1 103 112 66
61 61 -1 86
86 86 -1 97
62 62 -1 87
87 87 -1 98
97 97 -1 104
98 98 -1 105
63 63 -1 86
64 64 -1 87
-1 104 109 67
-1 105 110 68
65 65 -1 80
66 66 -1 81
67 67 -1 82
68 68 -1 83
69 69 -1 80
70 70 -1 81
71 71 -1 82
72 72 -1 83
73 73 -1 88
74 74 -1 89
75 75 -1 90
108 108 -1 113
-1 107 108 75
