49 49 -1 74
74 74 -1 96
50 50 -1 75
75 75 -1 96
96 96 117 118
51 51 -1 74
52 52 -1 75
117 117 139 140
118 118 141 142
53 53 -1 76
76 76 97 98
54 54 -1 76
97 97 -1 117
98 98 -1 118
55 55 77 78
77 77 -1 97
78 78 -1 98
56 56 77 78
139 139 125 127
140 140 129 131
141 141 133 135
142 142 137 123
99 99 119 120
119 119 -1 139
120 120 -1 140
125 125 145 146
127 127 147 148
100 100 125 127
129 129 149 150
131 131 151 152
101 101 129 131
102 102 121 122
121 121 -1 141
122 122 -1 142
133 133 153 154
135 135 155 156
103 103 133 135
137 137 157 158
123 123 143 144
104 104 137 123
57 57 -1 79
79 79 99 102
58 58 -1 79
59 59 80 81
80 80 -1 99
81 81 -1 102
60 60 80 81
105 105 -1 119
106 106 -1 120
82 82 105 106
107 107 -1 121
108 108 -1 122
83 83 107 108
-1 188 105 107
-1 189 106 108
143 143 188 189
144 144 184 185
124 124 144 143
61 61 82 83
62 62 82 83
84 84 100 101
85 85 100 101
145 145 166 167
146 146 164 165
126 126 146 145
147 147 162 163
148 148 160 161
128 128 148 147
149 149 174 175
150 150 172 173
130 130 150 149
151 151 170 171
152 152 168 169
132 132 152 151
63 63 84 86
86 86 103 104
64 64 84 86
-1 192 85 87
87 87 103 104
65 65 85 87
153 153 182 183
154 154 180 181
134 134 154 153
155 155 178 179
156 156 176 177
136 136 156 155
157 157 -1 159
158 158 186 187
138 138 158 157
66 66 88 90
88 88 109 111
90 90 113 115
67 67 88 90
109 109 128 126
111 111 132 130
89 89 109 111
113 113 136 134
115 115 124 138
91 91 113 115
68 68 89 91
69 69 89 91
110 110 128 126
112 112 132 130
114 114 136 134
116 116 124 138
92 92 110 112
93 93 110 112
70 70 92 94
94 94 114 116
71 71 92 94
72 72 93 95
95 95 114 116
73 73 93 95
-1 159 190 191
190 190 -1 192
-1 191 190 65
