49 49 -1 74
74 74 -1 96
50 50 -1 75
75 75 -1 96
96 96 117 118
51 51 -1 74
52 52 -1 75
117 117 139 140
118 118 141 142
53 53 -1 76
76 76 97 98
54 54 -1 76
97 97 -1 117
98 98 -1 118
55 55 77 78
77 77 -1 97
78 78 -1 98
56 56 77 78
139 139 177 178
140 140 179 180
141 141 181 182
142 142 183 184
99 99 119 120
119 119 -1 139
120 120 -1 140
177 177 161 163
178 178 149 165
179 179 167 169
180 180 171 173
100 100 121 122
121 121 -1 141
122 122 -1 142
181 181 145 147
182 182 151 153
183 183 155 157
184 184 143 159
57 57 -1 79
79 79 99 100
58 58 -1 79
59 59 80 81
80 80 -1 99
81 81 -1 100
60 60 80 81
101 101 -1 119
102 102 -1 120
82 82 101 102
103 103 -1 121
104 104 -1 122
83 83 103 104
-1 249 101 103
-1 250 102 104
143 143 175 176
175 175 249 250
176 176 228 229
144 144 176 175
61 61 82 83
62 62 82 83
-1 251 177 181
-1 252 178 182
161 161 195 212
163 163 213 214
123 123 161 163
149 149 186 194
165 165 210 211
124 124 149 165
-1 253 179 183
-1 254 180 184
167 167 202 203
169 169 204 205
125 125 167 169
171 171 206 207
173 173 208 209
126 126 171 173
145 145 187 185
147 147 188 189
127 127 145 147
151 151 190 191
153 153 192 193
128 128 151 153
155 155 196 197
157 157 198 199
129 129 155 157
159 159 200 201
130 130 143 159
185 185 127 128
105 105 127 128
187 187 129 130
146 146 187 185
188 188 123 124
189 189 125 126
148 148 188 189
131 131 146 148
186 186 146 148
106 106 129 130
107 107 123 124
108 108 125 126
109 109 131 132
132 132 154 152
110 110 131 132
194 194 154 152
150 150 186 194
84 84 105 106
85 85 105 106
190 190 251 252
191 191 253 254
152 152 191 190
192 192 218 219
193 193 216 217
154 154 193 192
86 86 109 111
111 111 134 135
87 87 109 111
88 88 110 112
112 112 134 135
89 89 110 112
133 133 150 166
166 166 210 211
195 195 150 166
63 63 84 90
90 90 107 108
64 64 84 90
65 65 85 91
91 91 107 108
66 66 85 91
196 196 222 223
197 197 220 221
156 156 197 196
198 198 226 227
199 199 224 225
158 158 199 198
200 200 232 233
201 201 230 231
160 160 201 200
212 212 162 164
162 162 195 212
213 213 172 174
214 214 168 170
164 164 213 214
210 210 144 160
211 211 156 158
202 202 236 237
203 203 234 235
168 168 203 202
204 204 240 241
205 205 238 239
170 170 205 204
206 206 244 245
207 207 242 243
172 172 207 206
208 208 248 215
209 209 246 247
174 174 209 208
67 67 86 92
92 92 113 115
68 68 86 92
69 69 87 93
93 93 113 115
70 70 87 93
134 134 144 160
135 135 156 158
71 71 88 94
94 94 114 116
72 72 88 94
-1 255 89 95
95 95 114 116
73 73 89 95
113 113 133 136
136 136 162 164
114 114 133 136
137 137 172 174
138 138 168 170
115 115 138 137
116 116 138 137
-1 215 73 255
