49 49 -1 74
74 74 99 100
50 50 -1 74
99 99 126 127
100 100 128 129
51 51 75 76
75 75 -1 99
76 76 -1 100
52 52 75 76
126 126 153 154
127 127 155 156
128 128 157 158
129 129 159 160
77 77 101 102
101 101 -1 126
102 102 -1 127
78 78 101 102
153 153 162 164
154 154 166 168
155 155 170 171
156 156 161 110
79 79 103 104
103 103 -1 128
104 104 -1 129
80 80 103 104
157 157 172 174
158 158 176 178
159 159 180 182
160 160 184 186
53 53 77 79
54 54 77 79
55 55 78 80
56 56 78 80
-1 275 153 157
-1 276 154 158
162 162 190 191
164 164 192 193
130 130 162 164
166 166 194 195
168 168 196 197
131 131 166 168
-1 277 155 159
-1 278 156 160
170 170 134 135
171 171 136 137
132 132 170 171
161 161 130 131
110 110 -1 142
133 133 161 111
111 111 -1 142
172 172 198 199
174 174 200 201
134 134 172 174
176 176 202 203
178 178 204 205
135 135 176 178
180 180 206 207
182 182 208 209
136 136 180 182
184 184 210 211
186 186 212 213
137 137 184 186
265 265 -1 275
266 266 -1 276
267 267 -1 277
268 268 -1 278
105 105 130 131
190 190 253 254
191 191 251 252
163 163 191 190
192 192 257 258
193 193 255 256
165 165 193 192
194 194 261 262
195 195 259 260
167 167 195 194
196 196 -1 218
197 197 263 264
169 169 197 196
81 81 105 114
114 114 143 144
82 82 105 114
106 106 132 133
107 107 132 133
108 108 134 135
109 109 136 137
142 142 188 189
83 83 106 112
112 112 138 140
84 84 107 113
113 113 138 140
85 85 107 113
198 198 221 222
199 199 219 220
173 173 199 198
200 200 225 226
201 201 223 224
175 175 201 200
202 202 229 230
203 203 227 228
177 177 203 202
204 204 233 234
205 205 231 232
179 179 205 204
86 86 108 109
87 87 108 109
206 206 237 238
207 207 235 236
181 181 207 206
208 208 241 242
209 209 239 240
183 183 209 208
210 210 245 246
211 211 243 244
185 185 211 210
212 212 249 250
213 213 247 248
187 187 213 212
-1 214 265 269
-1 269 265 118
-1 215 266 270
-1 270 266 124
118 118 146 148
124 124 150 152
-1 216 267 271
-1 271 267 106
-1 217 268 272
-1 272 268 112
57 57 83 92
92 92 118 124
58 58 83 92
138 138 185 187
140 140 181 183
139 139 185 187
141 141 181 183
59 59 84 97
97 97 119 125
60 60 84 97
-1 279 85 98
98 98 119 125
61 61 85 98
62 62 86 81
63 63 86 81
64 64 87 82
65 65 87 82
88 88 120 110
120 120 141 139
89 89 120 111
188 188 214 215
189 189 216 217
143 143 -1 189
144 144 -1 188
115 115 143 144
90 90 115 121
121 121 141 139
91 91 115 121
145 145 173 175
146 146 173 175
116 116 145 147
147 147 177 179
117 117 145 147
148 148 177 179
119 119 146 148
149 149 163 165
150 150 163 165
122 122 149 151
151 151 167 169
123 123 149 151
152 152 167 169
125 125 150 152
-1 218 273 274
66 66 88 93
93 93 116 122
67 67 88 93
68 68 89 94
94 94 116 122
69 69 89 94
70 70 90 95
95 95 117 123
71 71 90 95
72 72 91 96
96 96 117 123
73 73 91 96
273 273 -1 279
-1 274 273 61
