49 49 -1 74
74 74 98 99
50 50 -1 74
98 98 122 123
99 99 124 125
51 51 75 76
75 75 -1 98
76 76 -1 99
52 52 75 76
122 122 126 128
123 123 130 132
124 124 134 136
125 125 138 140
77 77 100 101
100 100 -1 122
101 101 -1 123
78 78 100 101
126 126 146 147
128 128 148 149
102 102 126 128
130 130 150 151
132 132 152 153
103 103 130 132
79 79 104 105
104 104 -1 124
105 105 -1 125
80 80 104 105
134 134 154 155
136 136 156 157
106 106 134 136
138 138 158 159
140 140 161 162
107 107 138 140
53 53 77 79
54 54 77 79
55 55 78 80
56 56 78 80
81 81 102 103
82 82 102 103
146 146 208 207
147 147 209 210
127 127 146 147
148 148 211 212
149 149 213 214
129 129 148 149
150 150 175 176
151 151 178 179
131 131 150 151
152 152 181 182
153 153 184 185
133 133 152 153
57 57 81 83
83 83 106 107
58 58 81 83
59 59 82 84
84 84 106 107
60 60 82 84
154 154 187 188
155 155 190 191
135 135 154 155
156 156 193 194
157 157 196 197
137 137 156 157
158 158 199 200
-1 159 215 216
139 139 158 160
-1 160 215 216
161 161 202 218
162 162 204 205
141 141 161 162
108 108 127 129
109 109 127 129
208 208 173 174
207 207 171 172
171 171 208 207
209 209 183 186
210 210 177 180
172 172 209 210
211 211 195 198
212 212 189 192
173 173 211 212
213 213 203 206
214 214 201 267
174 174 213 214
85 85 108 110
110 110 131 133
86 86 108 110
87 87 109 111
111 111 131 133
88 88 109 111
175 175 222 223
176 176 220 221
177 177 176 175
178 178 226 227
179 179 224 225
180 180 179 178
181 181 230 231
182 182 228 229
183 183 182 181
184 184 234 235
185 185 232 233
186 186 185 184
112 112 135 137
113 113 135 137
187 187 238 239
188 188 236 237
189 189 188 187
190 190 242 243
191 191 240 241
192 192 191 190
193 193 246 247
194 194 244 245
195 195 194 193
196 196 250 251
197 197 248 249
198 198 197 196
89 89 112 114
114 114 139 141
90 90 112 114
91 91 113 115
115 115 139 141
92 92 113 115
199 199 254 255
200 200 252 253
201 201 200 199
215 215 263 266
216 216 261 262
202 202 256 257
-1 218 269 270
203 203 202 268
-1 268 269 270
204 204 260 219
205 205 258 259
206 206 205 204
61 61 85 89
62 62 85 89
63 63 86 90
64 64 86 90
65 65 87 91
66 66 87 91
67 67 88 92
68 68 88 92
163 163 171 172
164 164 173 174
165 165 183 186
166 166 177 180
142 142 163 164
261 261 163 164
167 167 195 198
168 168 189 192
169 169 203 206
-1 267 264 265
170 170 201 217
-1 217 264 265
143 143 166 165
262 262 166 165
144 144 168 167
263 263 168 167
266 266 170 169
264 264 263 266
265 265 261 262
145 145 170 169
269 269 118 119
270 270 120 121
-1 219 73 271
69 69 -1 93
93 93 116 117
70 70 -1 93
116 116 144 145
117 117 142 143
71 71 94 95
94 94 -1 116
95 95 -1 117
72 72 94 95
118 118 -1 144
119 119 -1 145
96 96 118 119
120 120 -1 142
121 121 -1 143
97 97 120 121
-1 271 96 97
73 73 96 97
