49 49 -1 74
74 74 99 100
50 50 -1 74
99 99 125 126
100 100 127 128
51 51 75 76
75 75 -1 99
76 76 -1 100
52 52 75 76
125 125 153 154
126 126 155 156
127 127 157 158
128 128 159 160
77 77 101 102
101 101 -1 125
102 102 -1 126
78 78 101 102
153 153 163 165
154 154 167 169
155 155 173 171
156 156 175 161
79 79 103 104
103 103 -1 127
104 104 -1 128
80 80 103 104
157 157 177 179
158 158 181 183
159 159 185 187
160 160 189 191
53 53 77 79
54 54 77 79
55 55 78 80
56 56 78 80
-1 275 153 157
-1 276 154 158
163 163 196 197
165 165 198 199
129 129 163 165
167 167 200 201
169 169 202 203
130 130 167 169
-1 277 155 159
-1 278 156 160
173 173 207 216
171 171 195 204
131 131 173 171
175 175 205 206
161 161 193 194
132 132 175 161
177 177 208 209
179 179 210 211
133 133 177 179
181 181 212 213
183 183 214 215
134 134 181 183
185 185 217 224
187 187 218 219
135 135 185 187
189 189 220 221
191 191 222 223
136 136 189 191
193 193 275 276
194 194 277 278
162 162 194 193
195 195 129 130
105 105 129 130
196 196 263 264
197 197 261 262
164 164 197 196
198 198 267 268
199 199 265 266
166 166 199 198
200 200 271 272
201 201 269 270
168 168 201 200
202 202 -1 226
203 203 273 274
170 170 203 202
204 204 131 132
172 172 195 204
81 81 105 106
106 106 131 132
82 82 105 106
207 207 133 134
216 216 135 136
174 174 207 216
205 205 229 230
206 206 227 228
176 176 206 205
107 107 133 134
208 208 233 234
209 209 231 232
178 178 209 208
210 210 237 238
211 211 235 236
180 180 211 210
212 212 241 242
213 213 239 240
182 182 213 212
214 214 245 246
215 215 243 244
184 184 215 214
83 83 107 108
108 108 135 136
84 84 107 108
217 217 247 248
-1 224 279 280
186 186 217 225
-1 225 279 280
218 218 251 252
219 219 249 250
188 188 219 218
220 220 255 256
221 221 253 254
190 190 221 220
222 222 259 260
223 223 257 258
192 192 223 222
137 137 162 176
138 138 162 176
109 109 137 139
139 139 174 172
110 110 137 139
111 111 138 140
140 140 174 172
112 112 138 140
85 85 109 113
113 113 141 143
86 86 109 113
87 87 110 114
114 114 141 143
88 88 110 114
89 89 111 115
115 115 142 144
90 90 111 115
279 279 112 116
116 116 142 144
91 91 112 116
57 57 83 81
58 58 83 81
59 59 84 82
60 60 84 82
61 61 85 92
92 92 117 121
62 62 85 92
63 63 86 93
93 93 117 121
64 64 86 93
141 141 190 192
143 143 186 188
142 142 190 192
144 144 186 188
65 65 87 94
94 94 118 122
66 66 87 94
67 67 88 95
95 95 118 122
68 68 88 95
69 69 89 96
96 96 119 123
70 70 89 96
71 71 90 97
97 97 119 123
72 72 90 97
280 280 120 124
-1 283 91 98
98 98 120 124
73 73 91 98
145 145 178 180
146 146 178 180
117 117 145 147
147 147 182 184
118 118 145 147
119 119 146 148
148 148 182 184
120 120 146 148
149 149 164 166
150 150 164 166
121 121 149 151
151 151 168 170
122 122 149 151
123 123 150 152
152 152 168 170
124 124 150 152
-1 226 281 282
281 281 -1 283
-1 282 281 73
