49 49 74 76
74 74 100 102
76 76 104 106
50 50 74 76
100 100 128 130
102 102 132 134
75 75 100 102
104 104 136 138
106 106 140 142
77 77 104 106
51 51 75 77
52 52 75 77
128 128 168 170
130 130 172 174
101 101 128 130
132 132 176 178
134 134 180 182
103 103 132 134
136 136 160 163
138 138 167 162
105 105 136 138
140 140 184 186
142 142 188 190
107 107 140 142
78 78 101 103
79 79 101 103
168 168 200 201
170 170 202 203
129 129 168 170
172 172 204 205
174 174 206 207
131 131 172 174
176 176 208 209
178 178 210 211
133 133 176 178
180 180 212 213
182 182 214 215
135 135 180 182
53 53 78 80
80 80 105 107
54 54 78 80
55 55 79 81
81 81 105 107
56 56 79 81
160 160 192 193
163 163 194 195
137 137 160 163
167 167 199 198
162 162 196 197
139 139 167 162
184 184 216 217
186 186 218 219
141 141 184 186
188 188 220 221
190 190 222 223
143 143 188 190
57 57 82 84
82 82 108 109
84 84 110 111
58 58 82 84
108 108 129 131
109 109 141 143
83 83 108 109
110 110 133 135
111 111 137 139
85 85 110 111
59 59 83 85
60 60 83 85
192 192 129 131
193 193 141 143
194 194 133 135
195 195 137 139
196 196 192 193
161 161 196 197
197 197 194 195
61 61 86 88
86 86 112 114
88 88 116 118
62 62 86 88
112 112 144 146
114 114 148 150
87 87 112 114
116 116 152 154
118 118 156 158
89 89 116 118
63 63 87 89
64 64 87 89
144 144 181 183
146 146 185 187
113 113 144 146
148 148 173 175
150 150 177 179
115 115 148 150
152 152 169 171
154 154 189 191
117 117 152 154
156 156 164 165
158 158 166 161
119 119 156 158
90 90 113 115
91 91 113 115
181 181 213 212
183 183 215 214
145 145 181 183
185 185 217 216
187 187 219 218
147 147 185 187
173 173 205 204
175 175 207 206
149 149 173 175
177 177 209 208
179 179 211 210
151 151 177 179
65 65 90 92
92 92 117 119
66 66 90 92
67 67 91 93
93 93 117 119
68 68 91 93
169 169 201 200
171 171 203 202
153 153 169 171
189 189 221 220
191 191 223 222
155 155 189 191
164 164 121 123
165 165 125 127
157 157 164 165
166 166 198 199
159 159 166 161
69 69 94 96
94 94 120 122
96 96 124 126
70 70 94 96
120 120 149 151
122 122 153 155
95 95 120 122
124 124 145 147
126 126 157 159
97 97 124 126
71 71 95 97
72 72 95 97
121 121 149 151
123 123 153 155
125 125 145 147
127 127 157 159
98 98 121 123
-1 276 98 99
99 99 125 127
73 73 98 99
198 198 259 260
199 199 257 258
200 200 227 228
201 201 225 226
202 202 231 232
203 203 229 230
204 204 235 236
205 205 233 234
206 206 239 240
207 207 237 238
208 208 243 244
209 209 241 242
210 210 247 248
211 211 245 246
212 212 251 252
213 213 249 250
214 214 255 256
215 215 253 254
216 216 263 264
217 217 261 262
218 218 267 268
219 219 265 266
220 220 271 272
221 221 269 270
222 222 275 224
223 223 273 274
-1 224 73 276
