49 49 74 76
74 74 100 102
76 76 104 106
50 50 74 76
100 100 128 130
102 102 132 134
75 75 100 102
104 104 136 138
106 106 140 142
77 77 104 106
51 51 75 77
52 52 75 77
128 128 174 176
130 130 178 180
101 101 128 130
132 132 182 184
134 134 173 171
103 103 132 134
136 136 160 161
138 138 162 164
105 105 136 138
140 140 186 188
142 142 168 190
107 107 140 142
78 78 101 103
79 79 101 103
174 174 206 207
176 176 208 209
129 129 174 176
178 178 210 211
180 180 212 213
131 131 178 180
182 182 214 215
184 184 216 217
133 133 182 184
173 173 205 204
171 171 203 202
135 135 173 171
53 53 78 80
80 80 105 107
54 54 78 80
55 55 79 81
81 81 105 107
56 56 79 81
160 160 110 112
161 161 114 108
137 137 160 161
162 162 192 193
164 164 194 195
139 139 162 164
186 186 218 219
188 188 220 221
141 141 186 188
168 168 200 201
190 190 222 223
143 143 168 190
108 108 137 139
109 109 137 139
110 110 133 135
112 112 141 143
82 82 110 112
114 114 129 131
83 83 114 108
57 57 82 83
58 58 82 83
111 111 133 135
113 113 141 143
115 115 129 131
192 192 259 260
193 193 257 258
163 163 193 192
194 194 263 264
195 195 261 262
165 165 195 194
84 84 109 115
85 85 109 115
86 86 111 113
87 87 111 113
59 59 86 84
60 60 86 84
61 61 87 85
62 62 87 85
63 63 88 90
88 88 116 118
90 90 120 122
64 64 88 90
116 116 144 146
118 118 148 150
89 89 116 118
120 120 152 154
122 122 156 158
91 91 120 122
65 65 89 91
66 66 89 91
144 144 163 165
146 146 187 189
117 117 144 146
148 148 175 177
150 150 179 181
119 119 148 150
152 152 166 167
154 154 170 172
121 121 152 154
156 156 183 185
158 158 169 191
123 123 156 158
92 92 117 119
93 93 117 119
145 145 163 165
187 187 219 218
189 189 221 220
147 147 187 189
175 175 207 206
177 177 209 208
149 149 175 177
179 179 211 210
181 181 213 212
151 151 179 181
67 67 92 94
94 94 121 123
68 68 92 94
69 69 93 95
95 95 121 123
70 70 93 95
166 166 196 197
167 167 198 199
153 153 166 167
170 170 202 203
172 172 204 205
155 155 170 172
183 183 215 214
185 185 217 216
157 157 183 185
169 169 201 200
191 191 223 222
159 159 169 191
71 71 96 98
96 96 124 125
98 98 126 127
72 72 96 98
124 124 149 151
125 125 157 159
97 97 124 125
126 126 145 147
127 127 153 155
99 99 126 127
-1 280 97 99
73 73 97 99
196 196 149 151
197 197 157 159
198 198 145 147
199 199 153 155
-1 278 196 198
-1 279 197 199
200 200 278 279
201 201 273 274
202 202 255 256
203 203 253 254
204 204 251 252
205 205 249 250
206 206 227 228
207 207 225 226
208 208 231 232
209 209 229 230
210 210 235 236
211 211 233 234
212 212 239 240
213 213 237 238
214 214 243 244
215 215 241 242
216 216 247 248
217 217 245 246
218 218 267 268
219 219 265 266
220 220 271 272
221 221 269 270
222 222 277 224
223 223 275 276
-1 224 73 280
