4 4 6 8
-1 6 10 12
-1 8 14 15
5 5 7 9
-1 7 11 13
-1 9 14 16
-1 10 19 20
-1 12 21 22
-1 11 19 20
-1 13 21 22
14 14 17 18
-1 15 23 24
-1 16 23 24
19 19 29 30
20 20 31 32
21 21 33 34
22 22 35 36
-1 17 25 26
-1 18 27 28
23 23 37 38
24 24 39 40
25 25 41 42
-1 26 69 70
-1 73 25 81
-1 81 82 83
-1 69 78 77
-1 70 80 79
-1 82 78 77
-1 83 80 79
78 78 32 31
77 77 30 29
80 80 36 35
79 79 34 33
27 27 71 72
28 28 43 44
-1 74 28 27
-1 71 73 75
-1 75 38 40
-1 72 74 76
-1 76 37 39
38 38 61 62
40 40 65 66
37 37 63 64
39 39 67 68
29 29 47 48
30 30 45 46
31 31 51 52
32 32 49 50
33 33 55 56
34 34 53 54
35 35 59 60
36 36 57 58
