-1 4 8 10
-1 8 16 18
-1 10 20 22
-1 5 9 11
-1 9 17 19
-1 11 21 23
-1 16 32 34
-1 18 36 38
-1 17 32 34
-1 19 36 38
-1 20 40 42
-1 22 44 46
-1 21 40 42
-1 23 44 46
32 32 48 49
34 34 50 51
36 36 52 53
38 38 54 55
40 40 56 57
42 42 58 59
44 44 60 61
46 46 62 63
-1 6 12 14
-1 12 24 26
-1 14 28 30
-1 7 13 15
-1 13 25 27
-1 15 29 31
-1 24 35 33
-1 26 39 37
-1 25 35 33
-1 27 39 37
-1 28 43 41
-1 30 47 45
-1 29 43 41
-1 31 47 45
35 35 51 50
33 33 49 48
39 39 55 54
37 37 53 52
43 43 59 58
41 41 57 56
47 47 63 62
45 45 61 60
48 48 66 67
49 49 64 65
50 50 70 71
51 51 68 69
52 52 74 75
53 53 72 73
54 54 78 79
55 55 76 77
56 56 82 83
57 57 80 81
58 58 86 87
59 59 84 85
60 60 90 91
61 61 88 89
62 62 94 95
63 63 92 93
