-1 115 100 101
100 100 8 116
101 101 117 118
-1 36 100 101
8 8 13 14
-1 116 15 123
6 6 8 9
-1 9 15 16
-1 117 124 125
-1 118 12 126
7 7 10 11
-1 10 17 18
-1 11 12 19
4 4 6 7
5 5 6 7
13 13 20 22
14 14 26 27
20 20 13 14
15 15 21 25
-1 123 28 29
-1 16 28 29
-1 124 30 31
-1 125 32 33
-1 17 30 31
-1 18 32 33
12 12 23 24
-1 126 34 35
-1 19 34 35
-1 22 38 42
-1 26 47 48
-1 27 46 49
21 21 39 40
25 25 43 44
38 38 21 25
28 28 50 51
29 29 41 45
39 39 -1 20
40 40 -1 102
-1 102 38 119
41 41 39 40
-1 42 107 108
-1 119 107 108
107 107 51 50
108 108 41 45
30 30 52 53
31 31 54 55
32 32 56 57
33 33 58 59
34 34 60 61
35 35 62 63
-1 23 36 64
64 64 98 99
-1 24 37 65
37 37 94 95
65 65 96 97
43 43 -1 103
44 44 -1 104
-1 103 120 121
-1 104 46 122
45 45 43 44
-1 47 110 109
-1 48 112 111
-1 120 110 109
-1 121 112 111
46 46 105 106
-1 49 114 113
-1 122 114 113
110 110 55 54
109 109 53 52
112 112 59 58
111 111 57 56
114 114 63 62
113 113 61 60
-1 105 37 65
-1 106 115 64
50 50 68 69
51 51 66 67
52 52 72 73
53 53 70 71
54 54 76 77
55 55 74 75
56 56 80 81
57 57 78 79
58 58 84 85
59 59 82 83
60 60 88 89
61 61 86 87
62 62 92 93
63 63 90 91
