4 4 6 7
6 6 10 9
-1 7 11 12
5 5 6 8
-1 8 11 12
-1 10 15 14
-1 9 13 16
13 13 22 21
-1 22 15 37
-1 21 13 16
11 11 17 18
12 12 19 20
16 16 27 28
15 15 25 26
-1 14 23 24
-1 37 23 24
17 17 33 32
18 18 34 30
23 23 17 18
19 19 35 31
20 20 29 36
24 24 19 20
25 25 38 39
26 26 40 41
-1 122 25 35
35 35 56 57
-1 123 26 31
31 31 49 48
38 38 100 101
39 39 98 99
40 40 68 69
41 41 66 67
27 27 42 43
-1 28 60 61
-1 124 27 29
29 29 45 44
-1 125 146 36
-1 146 60 61
36 36 58 59
42 42 102 103
-1 43 104 105
126 126 42 147
-1 147 104 154
60 60 107 106
61 61 108 109
33 33 52 53
32 32 51 50
34 34 54 55
30 30 47 46
104 104 110 111
-1 105 112 113
-1 154 112 113
110 110 127 128
-1 111 130 129
112 112 131 132
113 113 133 126
-1 127 41 110
-1 128 40 148
-1 148 130 155
130 130 44 45
-1 129 149 150
-1 155 149 150
131 131 46 47
132 132 48 49
149 149 131 132
133 133 50 51
150 150 133 126
44 44 64 65
45 45 62 63
46 46 84 85
47 47 82 83
48 48 92 93
49 49 90 91
50 50 76 77
51 51 74 75
-1 134 33 116
116 116 122 123
-1 135 32 117
117 117 124 125
52 52 72 73
53 53 70 71
-1 136 34 114
114 114 134 135
-1 137 30 115
115 115 136 137
54 54 80 81
55 55 78 79
56 56 88 89
57 57 86 87
58 58 96 97
59 59 94 95
106 106 115 114
107 107 117 116
-1 138 53 120
120 120 142 143
-1 139 52 119
119 119 140 141
-1 140 55 59
-1 141 54 58
-1 142 39 57
-1 143 38 56
108 108 118 121
109 109 119 120
-1 151 107 108
-1 152 106 109
118 118 138 139
-1 121 145 144
144 144 118 153
-1 153 145 144
145 145 151 152
