4 4 6 7
6 6 8 9
7 7 10 11
5 5 6 7
-1 8 12 13
-1 9 14 15
-1 10 16 17
-1 11 18 19
-1 129 165 113
-1 165 12 13
113 113 -1 150
-1 130 166 114
-1 166 14 15
114 114 -1 149
12 12 21 22
13 13 23 24
14 14 25 26
15 15 27 28
-1 131 167 163
-1 167 16 17
163 163 -1 177
-1 132 168 164
-1 168 18 169
164 164 -1 176
16 16 29 30
17 17 31 32
18 18 33 34
19 19 -1 20
169 169 -1 20
111 111 129 130
-1 150 171 173
-1 149 170 172
-1 35 111 113
-1 36 112 114
112 112 131 132
-1 177 171 173
-1 176 170 172
-1 174 112 163
-1 175 111 164
21 21 37 38
22 22 39 40
23 23 41 42
24 24 43 44
25 25 45 46
26 26 47 48
27 27 49 50
28 28 51 52
-1 133 125 127
125 125 153 154
127 127 157 158
-1 134 126 128
126 126 155 156
128 128 159 160
-1 65 126 128
-1 153 21 23
-1 154 22 24
-1 155 25 27
-1 156 26 28
29 29 53 54
30 30 55 56
31 31 61 62
32 32 63 64
33 33 57 58
34 34 59 60
20 20 35 36
-1 157 29 31
-1 158 30 32
-1 159 33 161
161 161 -1 174
-1 160 34 162
162 162 -1 175
-1 115 133 125
-1 116 134 127
37 37 68 69
38 38 66 67
39 39 72 73
40 40 70 71
41 41 76 77
42 42 74 75
43 43 80 81
44 44 78 79
45 45 84 85
46 46 82 83
47 47 88 89
48 48 86 87
49 49 92 93
50 50 90 91
51 51 96 97
52 52 94 95
53 53 100 101
54 54 98 99
55 55 104 105
56 56 102 103
61 61 117 118
62 62 119 120
63 63 121 122
64 64 123 124
57 57 115 116
58 58 106 107
59 59 110 65
60 60 108 109
-1 135 19 60
-1 136 169 59
-1 137 161 58
-1 138 162 57
-1 139 38 42
-1 140 37 41
-1 141 40 44
-1 142 39 43
-1 143 46 50
-1 144 45 49
-1 145 48 52
-1 146 47 51
-1 147 56 61
-1 148 55 62
117 117 141 142
118 118 139 140
170 170 118 117
119 119 145 146
120 120 143 144
171 171 120 119
172 172 122 121
173 173 124 123
-1 151 54 63
-1 152 53 64
121 121 147 148
122 122 151 152
123 123 135 136
124 124 137 138
