-1 134 142 144
-1 142 158 160
-1 144 162 164
-1 135 143 145
-1 143 159 161
-1 145 163 165
-1 130 134 138
-1 138 150 152
-1 131 135 139
-1 139 151 153
-1 158 40 42
-1 160 44 46
-1 159 41 43
-1 161 45 47
-1 162 56 58
-1 164 39 60
-1 163 57 59
-1 165 174 61
40 40 72 73
42 42 76 77
41 41 70 71
43 43 74 75
44 44 88 89
46 46 92 93
45 45 86 87
47 47 90 91
56 56 104 105
58 58 108 109
57 57 102 103
59 59 106 107
39 39 130 131
60 60 120 121
-1 174 175 176
61 61 118 119
-1 132 136 137
-1 136 146 147
-1 137 148 149
-1 175 177 178
-1 177 181 182
-1 178 183 184
-1 38 132 133
-1 133 140 141
-1 176 179 180
-1 146 166 167
-1 147 168 169
-1 181 166 167
-1 182 168 169
-1 148 170 171
-1 149 172 173
-1 183 170 171
-1 184 172 173
166 166 48 49
167 167 50 51
168 168 52 53
169 169 54 55
170 170 62 63
171 171 64 65
172 172 66 67
173 173 68 69
22 22 39 38
-1 150 23 24
-1 152 25 26
-1 151 27 28
-1 153 29 30
23 23 41 40
24 24 43 42
27 27 49 48
28 28 51 50
25 25 45 44
26 26 47 46
29 29 53 52
30 30 55 54
-1 140 155 154
-1 141 157 156
-1 179 155 154
-1 180 157 156
155 155 32 35
154 154 31 34
157 157 33 37
156 156 22 36
48 48 80 81
49 49 78 79
50 50 84 85
51 51 82 83
52 52 96 97
53 53 94 95
54 54 100 101
55 55 98 99
31 31 57 56
32 32 59 58
33 33 61 60
62 62 112 113
63 63 110 111
34 34 63 62
64 64 116 117
65 65 114 115
35 35 65 64
66 66 124 125
67 67 122 123
36 36 67 66
68 68 128 129
69 69 126 127
37 37 69 68
4 4 6 8
-1 6 10 11
-1 8 12 13
5 5 7 9
-1 7 11 10
-1 9 13 12
10 10 14 15
11 11 16 17
12 12 18 19
13 13 20 21
-1 14 23 24
-1 15 27 28
-1 16 25 26
-1 17 29 30
-1 18 31 32
-1 19 34 35
-1 20 22 33
-1 21 36 37
