50 50 -1 75
75 75 96 97
51 51 -1 75
96 96 115 116
97 97 117 118
52 52 76 77
76 76 -1 96
77 77 -1 97
53 53 76 77
115 115 133 134
116 116 135 136
117 117 137 138
118 118 139 140
78 78 98 99
98 98 -1 115
99 99 -1 116
79 79 98 99
133 133 145 146
134 134 148 149
135 135 151 152
136 136 154 155
80 80 100 101
100 100 -1 117
101 101 -1 118
81 81 100 101
137 137 157 158
138 138 160 164
139 139 165 166
140 140 167 168
54 54 78 80
55 55 78 80
56 56 79 81
57 57 79 81
102 102 119 120
119 119 -1 133
120 120 -1 134
145 145 172 173
146 146 170 171
147 147 146 145
148 148 176 177
149 149 174 175
150 150 149 148
103 103 121 122
121 121 -1 135
122 122 -1 136
151 151 180 181
152 152 178 179
153 153 152 151
154 154 184 185
155 155 182 183
156 156 155 154
104 104 123 124
123 123 -1 137
124 124 -1 138
157 157 188 189
158 158 190 191
159 159 158 157
160 160 186 169
-1 164 187 193
161 161 160 192
-1 192 187 193
105 105 125 126
125 125 -1 139
126 126 -1 140
165 165 147 150
166 166 153 156
162 162 165 166
167 167 159 161
168 168 162 163
163 163 167 168
187 187 102 103
82 82 102 103
-1 188 119 123
-1 189 120 124
-1 190 121 125
-1 191 122 126
193 193 104 105
-1 169 82 83
83 83 104 105
58 58 82 83
141 141 147 150
127 127 141 142
142 142 153 156
143 143 159 161
128 128 143 144
144 144 162 163
59 59 -1 84
84 84 -1 106
60 60 -1 85
85 85 -1 106
106 106 127 128
61 61 -1 84
62 62 -1 85
63 63 -1 86
86 86 107 108
64 64 -1 86
107 107 -1 127
108 108 -1 128
65 65 87 88
87 87 -1 107
88 88 -1 108
66 66 87 88
109 109 129 130
129 129 -1 141
130 130 -1 142
110 110 131 132
131 131 -1 143
132 132 -1 144
67 67 -1 89
89 89 109 110
68 68 -1 89
69 69 90 91
90 90 -1 109
91 91 -1 110
70 70 90 91
92 92 111 112
111 111 -1 129
112 112 -1 130
93 93 111 112
94 94 113 114
113 113 -1 131
114 114 -1 132
95 95 113 114
71 71 92 94
72 72 92 94
73 73 93 95
74 74 93 95
