50 50 -1 76
76 76 99 100
51 51 -1 76
99 99 121 123
100 100 125 127
52 52 77 78
77 77 -1 99
78 78 -1 100
53 53 77 78
121 121 132 133
123 123 134 135
125 125 136 139
127 127 137 138
79 79 101 102
101 101 -1 121
102 102 -1 123
80 80 101 102
132 132 144 145
133 133 142 143
122 122 133 132
134 134 148 149
135 135 146 147
124 124 135 134
81 81 103 104
103 103 -1 125
104 104 -1 127
82 82 103 104
136 136 150 151
-1 139 113 115
126 126 136 140
-1 140 114 116
137 137 154 141
138 138 152 153
128 128 138 137
54 54 79 81
55 55 79 81
56 56 80 82
57 57 80 82
83 83 105 106
105 105 -1 122
106 106 -1 124
84 84 105 106
129 129 107 108
107 107 -1 122
108 108 -1 124
85 85 107 108
113 113 -1 95
115 115 -1 131
114 114 -1 96
116 116 -1 131
-1 141 75 74
86 86 109 110
109 109 -1 126
110 110 -1 128
87 87 109 110
130 130 111 112
111 111 -1 126
112 112 -1 128
88 88 111 112
95 95 -1 114
96 96 -1 116
131 131 119 120
58 58 83 86
59 59 83 86
60 60 84 87
61 61 84 87
117 117 -1 129
118 118 -1 130
119 119 -1 129
120 120 -1 130
62 62 85 88
63 63 85 88
64 64 89 90
89 89 -1 117
90 90 -1 118
65 65 89 90
66 66 91 92
91 91 -1 117
92 92 -1 118
67 67 91 92
68 68 -1 93
93 93 -1 113
69 69 -1 94
94 94 -1 115
70 70 -1 93
71 71 -1 94
72 72 97 98
97 97 -1 119
98 98 -1 120
73 73 97 98
74 74 -1 95
75 75 -1 96
