50 50 75 77
75 75 -1 105
77 77 -1 106
51 51 76 78
76 76 -1 105
78 78 -1 106
105 105 129 131
106 106 133 135
52 52 75 89
89 89 -1 117
53 53 76 90
90 90 -1 117
129 129 149 151
131 131 153 155
-1 145 77 83
83 83 -1 111
-1 146 78 84
84 84 -1 111
133 133 157 159
135 135 161 145
54 54 79 81
79 79 107 108
81 81 109 110
55 55 79 81
107 107 -1 129
108 108 -1 131
80 80 107 108
109 109 -1 133
110 110 -1 135
82 82 109 110
56 56 80 94
94 94 119 120
57 57 80 94
58 58 82 96
96 96 121 122
149 149 163 164
151 151 165 166
130 130 149 151
153 153 167 168
155 155 169 170
132 132 153 155
157 157 171 172
159 159 173 174
134 134 157 159
161 161 175 176
136 136 161 146
59 59 83 85
85 85 -1 112
60 60 84 86
86 86 -1 112
111 111 137 139
112 112 141 143
137 137 150 152
139 139 154 156
-1 147 85 91
91 91 -1 118
-1 148 86 92
92 92 -1 118
141 141 158 160
143 143 162 147
61 61 87 88
87 87 113 114
88 88 115 116
62 62 87 88
113 113 -1 137
114 114 -1 139
115 115 -1 141
116 116 -1 143
-1 205 113 115
-1 206 114 116
150 150 164 163
152 152 166 165
138 138 150 152
154 154 168 167
156 156 170 169
140 140 154 156
158 158 172 171
160 160 174 173
142 142 158 160
162 162 176 175
144 144 162 148
63 63 89 91
64 64 90 92
117 117 142 144
118 118 138 140
65 65 93 95
93 93 119 120
95 95 121 122
66 66 93 95
119 119 -1 142
120 120 -1 144
121 121 -1 138
122 122 -1 140
67 67 97 99
97 97 -1 123
99 99 -1 124
68 68 98 100
98 98 -1 123
100 100 -1 124
123 123 134 136
124 124 130 132
69 69 97 99
70 70 98 100
71 71 101 103
101 101 125 126
103 103 127 128
72 72 101 103
125 125 -1 134
126 126 -1 136
102 102 125 126
127 127 -1 130
128 128 -1 132
104 104 127 128
73 73 102 104
74 74 102 104
-1 203 82 205
-1 204 96 206
163 163 179 180
164 164 177 178
165 165 183 184
166 166 181 182
167 167 187 188
168 168 185 186
169 169 191 192
170 170 189 190
171 171 195 196
172 172 193 194
173 173 199 200
174 174 197 198
175 175 203 204
176 176 201 202
