50 50 -1 75
75 75 -1 97
51 51 -1 76
76 76 -1 97
97 97 118 119
52 52 -1 75
53 53 -1 76
118 118 140 141
119 119 142 143
54 54 -1 77
77 77 98 99
55 55 -1 77
98 98 -1 118
99 99 -1 119
56 56 78 79
78 78 -1 98
79 79 -1 99
57 57 78 79
140 140 176 177
141 141 178 179
142 142 180 181
143 143 182 183
100 100 120 121
120 120 -1 140
121 121 -1 141
176 176 162 164
177 177 148 166
178 178 168 170
179 179 172 174
101 101 122 123
122 122 -1 142
123 123 -1 143
180 180 144 146
181 181 150 152
182 182 154 156
183 183 158 160
58 58 -1 80
80 80 100 101
59 59 -1 80
60 60 81 82
81 81 -1 100
82 82 -1 101
61 61 81 82
102 102 -1 120
103 103 -1 121
83 83 102 103
104 104 -1 122
105 105 -1 123
84 84 104 105
-1 256 102 104
-1 257 103 105
-1 250 256 83
-1 251 257 84
62 62 83 84
-1 252 176 180
-1 253 177 181
162 162 194 213
164 164 214 215
124 124 162 164
148 148 185 193
166 166 211 212
125 125 148 166
-1 254 178 182
-1 255 179 183
168 168 203 204
170 170 205 206
126 126 168 170
172 172 207 208
174 174 209 210
127 127 172 174
144 144 186 184
146 146 187 188
128 128 144 146
150 150 189 190
152 152 191 192
129 129 150 152
154 154 195 196
156 156 197 198
130 130 154 156
158 158 199 200
160 160 201 202
131 131 158 160
184 184 128 129
106 106 128 129
186 186 130 131
145 145 186 184
187 187 124 125
188 188 126 127
147 147 187 188
132 132 145 147
185 185 145 147
107 107 130 131
108 108 124 125
109 109 126 127
110 110 132 133
133 133 153 151
111 111 132 133
193 193 153 151
149 149 185 193
85 85 106 107
86 86 106 107
189 189 252 253
190 190 254 255
151 151 190 189
191 191 218 219
192 192 216 217
153 153 192 191
87 87 110 112
112 112 135 136
88 88 110 112
89 89 111 113
113 113 135 136
90 90 111 113
134 134 149 167
167 167 211 212
194 194 149 167
63 63 85 91
91 91 108 109
64 64 85 91
65 65 86 92
92 92 108 109
66 66 86 92
195 195 222 223
196 196 220 221
155 155 196 195
197 197 226 227
198 198 224 225
157 157 198 197
199 199 250 251
200 200 228 229
159 159 200 199
201 201 232 233
202 202 230 231
161 161 202 201
213 213 163 165
163 163 194 213
214 214 173 175
215 215 169 171
165 165 214 215
211 211 159 161
212 212 155 157
203 203 236 237
204 204 234 235
169 169 204 203
205 205 240 241
206 206 238 239
171 171 206 205
207 207 244 245
208 208 242 243
173 173 208 207
209 209 248 249
210 210 246 247
175 175 210 209
67 67 87 93
93 93 114 116
68 68 87 93
69 69 88 94
94 94 114 116
70 70 88 94
135 135 159 161
136 136 155 157
71 71 89 95
95 95 115 117
72 72 89 95
73 73 90 96
96 96 115 117
74 74 90 96
114 114 134 137
137 137 163 165
115 115 134 137
138 138 173 175
139 139 169 171
116 116 139 138
117 117 139 138
