50 50 -1 75
75 75 99 100
51 51 -1 75
99 99 123 124
100 100 125 126
52 52 76 77
76 76 -1 99
77 77 -1 100
53 53 76 77
123 123 149 150
124 124 151 152
125 125 156 157
126 126 153 158
78 78 101 102
101 101 -1 123
102 102 -1 124
79 79 101 102
149 149 161 163
150 150 165 159
187 187 149 150
151 151 167 169
152 152 171 173
188 188 151 152
80 80 103 104
103 103 -1 125
104 104 -1 126
81 81 103 104
156 156 175 177
157 157 179 181
189 189 156 157
153 153 147 154
158 158 183 185
190 190 153 158
54 54 78 80
55 55 78 80
56 56 79 81
57 57 79 81
147 147 187 188
148 148 187 188
161 161 212 213
163 163 214 215
127 127 161 163
165 165 216 217
159 159 191 211
128 128 165 159
167 167 192 193
169 169 194 195
129 129 167 169
171 171 196 197
173 173 198 199
130 130 171 173
154 154 189 190
131 131 147 154
132 132 148 155
155 155 189 190
191 191 148 155
175 175 200 201
177 177 202 203
133 133 175 177
179 179 204 218
181 181 205 206
134 134 179 181
183 183 207 208
185 185 209 210
135 135 183 185
105 105 131 135
106 106 131 135
136 136 132 137
137 137 186 184
107 107 132 137
211 211 186 184
160 160 191 211
108 108 127 128
109 109 127 128
212 212 160 166
213 213 162 164
162 162 212 213
214 214 172 174
215 215 168 170
164 164 214 215
216 216 180 182
217 217 176 178
166 166 216 217
82 82 108 110
110 110 129 130
83 83 108 110
84 84 109 111
111 111 129 130
85 85 109 111
192 192 222 223
193 193 220 221
168 168 193 192
194 194 226 227
195 195 224 225
170 170 195 194
196 196 230 231
197 197 228 229
172 172 197 196
198 198 234 235
199 199 232 233
174 174 199 198
112 112 133 134
113 113 133 134
200 200 238 239
201 201 236 237
176 176 201 200
202 202 242 243
203 203 240 241
178 178 203 202
204 204 244 245
-1 218 258 259
180 180 204 219
-1 219 258 259
205 205 248 249
206 206 246 247
182 182 206 205
86 86 112 105
87 87 112 105
88 88 113 106
89 89 113 106
207 207 252 253
208 208 250 251
184 184 208 207
209 209 256 257
210 210 254 255
186 186 210 209
114 114 136 146
146 146 144 143
90 90 107 117
117 117 144 143
138 138 160 166
58 58 82 86
59 59 82 86
60 60 83 87
61 61 83 87
62 62 84 88
63 63 84 88
64 64 85 89
65 65 85 89
139 139 162 164
140 140 172 174
141 141 168 170
142 142 139 138
115 115 139 138
143 143 180 182
144 144 176 178
145 145 141 140
116 116 141 140
258 258 260 261
259 259 90 98
66 66 -1 91
91 91 114 118
67 67 -1 91
118 118 142 145
68 68 92 93
92 92 -1 114
93 93 -1 118
69 69 92 93
94 94 119 120
119 119 -1 136
120 120 -1 146
95 95 119 120
96 96 121 122
121 121 -1 142
122 122 -1 145
97 97 121 122
70 70 94 96
71 71 94 96
72 72 95 97
73 73 95 97
-1 260 107 115
-1 261 117 116
98 98 115 116
74 74 90 98
