50 50 -1 79
79 79 -1 54
51 51 -1 80
80 80 -1 55
54 54 -1 83
55 55 -1 84
52 52 -1 79
53 53 -1 80
83 83 -1 96
84 84 -1 97
56 56 -1 81
81 81 -1 60
57 57 -1 82
82 82 -1 61
60 60 -1 85
61 61 -1 86
58 58 -1 81
59 59 -1 82
85 85 -1 98
86 86 -1 98
96 96 -1 103
97 97 -1 104
98 98 101 102
62 62 -1 83
63 63 -1 84
-1 103 111 109
-1 104 111 110
64 64 -1 85
65 65 -1 86
101 101 107 108
102 102 105 106
66 66 -1 87
87 87 -1 70
67 67 -1 88
88 88 -1 71
70 70 -1 91
71 71 -1 91
68 68 -1 87
69 69 -1 88
91 91 99 100
72 72 -1 89
89 89 -1 76
73 73 -1 90
90 90 -1 77
76 76 -1 92
77 77 -1 93
74 74 -1 89
75 75 -1 90
92 92 -1 96
93 93 -1 97
99 99 -1 102
100 100 -1 101
94 94 -1 99
95 95 -1 100
78 78 94 95
109 109 -1 92
110 110 -1 93
111 111 112 113
-1 112 94 109
-1 113 95 110
