50 50 -1 75
75 75 100 101
51 51 -1 75
100 100 126 127
101 101 128 129
52 52 76 77
76 76 -1 100
77 77 -1 101
53 53 76 77
126 126 154 155
127 127 156 157
128 128 158 159
129 129 160 161
78 78 102 103
102 102 -1 126
103 103 -1 127
79 79 102 103
154 154 164 166
155 155 168 170
156 156 174 172
157 157 176 162
80 80 104 105
104 104 -1 128
105 105 -1 129
81 81 104 105
158 158 178 180
159 159 182 184
160 160 186 188
161 161 190 192
54 54 78 80
55 55 78 80
56 56 79 81
57 57 79 81
-1 277 154 158
-1 278 155 159
164 164 197 198
166 166 199 200
130 130 164 166
168 168 201 202
170 170 203 204
131 131 168 170
-1 279 156 160
-1 280 157 161
174 174 208 217
172 172 196 205
132 132 174 172
176 176 206 207
162 162 194 195
133 133 176 162
178 178 209 210
180 180 211 212
134 134 178 180
182 182 213 214
184 184 215 216
135 135 182 184
186 186 218 225
188 188 219 220
136 136 186 188
190 190 221 222
192 192 223 224
137 137 190 192
194 194 277 278
195 195 279 280
163 163 195 194
196 196 130 131
106 106 130 131
197 197 264 265
198 198 262 263
165 165 198 197
199 199 268 269
200 200 266 267
167 167 200 199
201 201 272 273
202 202 270 271
169 169 202 201
203 203 276 227
204 204 274 275
171 171 204 203
205 205 132 133
173 173 196 205
82 82 106 107
107 107 132 133
83 83 106 107
208 208 134 135
217 217 136 137
175 175 208 217
206 206 230 231
207 207 228 229
177 177 207 206
108 108 134 135
209 209 234 235
210 210 232 233
179 179 210 209
211 211 238 239
212 212 236 237
181 181 212 211
213 213 242 243
214 214 240 241
183 183 214 213
215 215 246 247
216 216 244 245
185 185 216 215
84 84 108 109
109 109 136 137
85 85 108 109
218 218 248 249
-1 225 281 282
187 187 218 226
-1 226 281 282
219 219 252 253
220 220 250 251
189 189 220 219
221 221 256 257
222 222 254 255
191 191 222 221
223 223 260 261
224 224 258 259
193 193 224 223
138 138 163 177
139 139 163 177
110 110 138 140
140 140 175 173
111 111 138 140
112 112 139 141
141 141 175 173
113 113 139 141
86 86 110 114
114 114 142 144
87 87 110 114
88 88 111 115
115 115 142 144
89 89 111 115
90 90 112 116
116 116 143 145
91 91 112 116
281 281 113 117
117 117 143 145
92 92 113 117
58 58 84 82
59 59 84 82
60 60 85 83
61 61 85 83
62 62 86 93
93 93 118 122
63 63 86 93
64 64 87 94
94 94 118 122
65 65 87 94
142 142 191 193
144 144 187 189
143 143 191 193
145 145 187 189
66 66 88 95
95 95 119 123
67 67 88 95
68 68 89 96
96 96 119 123
69 69 89 96
70 70 90 97
97 97 120 124
71 71 90 97
72 72 91 98
98 98 120 124
73 73 91 98
282 282 121 125
-1 227 92 99
99 99 121 125
74 74 92 99
146 146 179 181
147 147 179 181
118 118 146 148
148 148 183 185
119 119 146 148
120 120 147 149
149 149 183 185
121 121 147 149
150 150 165 167
151 151 165 167
122 122 150 152
152 152 169 171
123 123 150 152
124 124 151 153
153 153 169 171
125 125 151 153
