50 50 75 77
75 75 101 103
77 77 105 107
51 51 75 77
101 101 129 131
103 103 133 135
76 76 101 103
105 105 137 139
107 107 141 143
78 78 105 107
52 52 76 78
53 53 76 78
129 129 175 177
131 131 179 181
102 102 129 131
133 133 183 185
135 135 174 172
104 104 133 135
137 137 161 162
139 139 163 165
106 106 137 139
141 141 187 189
143 143 169 191
108 108 141 143
79 79 102 104
80 80 102 104
175 175 207 208
177 177 209 210
130 130 175 177
179 179 211 212
181 181 213 214
132 132 179 181
183 183 215 216
185 185 217 218
134 134 183 185
174 174 206 205
172 172 204 203
136 136 174 172
54 54 79 81
81 81 106 108
55 55 79 81
56 56 80 82
82 82 106 108
57 57 80 82
161 161 111 113
162 162 115 109
138 138 161 162
163 163 193 194
165 165 195 196
140 140 163 165
187 187 219 220
189 189 221 222
142 142 187 189
169 169 201 202
191 191 223 224
144 144 169 191
109 109 138 140
110 110 138 140
111 111 134 136
113 113 142 144
83 83 111 113
115 115 130 132
84 84 115 109
58 58 83 84
59 59 83 84
112 112 134 136
114 114 142 144
116 116 130 132
193 193 260 261
194 194 258 259
164 164 194 193
195 195 264 265
196 196 262 263
166 166 196 195
85 85 110 116
86 86 110 116
87 87 112 114
88 88 112 114
60 60 87 85
61 61 87 85
62 62 88 86
63 63 88 86
64 64 89 91
89 89 117 119
91 91 121 123
65 65 89 91
117 117 145 147
119 119 149 151
90 90 117 119
121 121 153 155
123 123 157 159
92 92 121 123
66 66 90 92
67 67 90 92
145 145 164 166
147 147 188 190
118 118 145 147
149 149 176 178
151 151 180 182
120 120 149 151
153 153 167 168
155 155 171 173
122 122 153 155
157 157 184 186
159 159 170 192
124 124 157 159
93 93 118 120
94 94 118 120
146 146 164 166
188 188 220 219
190 190 222 221
148 148 188 190
176 176 208 207
178 178 210 209
150 150 176 178
180 180 212 211
182 182 214 213
152 152 180 182
68 68 93 95
95 95 122 124
69 69 93 95
70 70 94 96
96 96 122 124
71 71 94 96
167 167 197 198
168 168 199 200
154 154 167 168
171 171 203 204
173 173 205 206
156 156 171 173
184 184 216 215
186 186 218 217
158 158 184 186
170 170 202 201
192 192 224 223
160 160 170 192
72 72 97 99
97 97 125 126
99 99 127 128
73 73 97 99
125 125 150 152
126 126 158 160
98 98 125 126
127 127 146 148
128 128 154 156
100 100 127 128
-1 225 98 100
74 74 98 100
197 197 150 152
198 198 158 160
199 199 146 148
200 200 154 156
-1 279 197 199
-1 280 198 200
201 201 279 280
202 202 274 275
203 203 256 257
204 204 254 255
205 205 252 253
206 206 250 251
207 207 228 229
208 208 226 227
209 209 232 233
210 210 230 231
211 211 236 237
212 212 234 235
213 213 240 241
214 214 238 239
215 215 244 245
216 216 242 243
217 217 248 249
218 218 246 247
219 219 268 269
220 220 266 267
221 221 272 273
222 222 270 271
223 223 278 225
224 224 276 277
