50 50 75 77
75 75 101 103
77 77 105 107
51 51 75 77
101 101 129 131
103 103 133 135
76 76 101 103
105 105 137 139
107 107 141 143
78 78 105 107
52 52 76 78
53 53 76 78
129 129 163 165
131 131 167 169
102 102 129 131
133 133 171 173
135 135 175 177
104 104 133 135
137 137 179 181
139 139 183 185
106 106 137 139
141 141 187 189
143 143 161 191
108 108 141 143
79 79 102 104
80 80 102 104
163 163 195 196
165 165 197 198
130 130 163 165
167 167 199 200
169 169 201 202
132 132 167 169
171 171 203 204
173 173 205 206
134 134 171 173
175 175 207 208
177 177 209 210
136 136 175 177
54 54 79 81
81 81 106 108
55 55 79 81
56 56 80 82
82 82 106 108
57 57 80 82
179 179 211 212
181 181 213 214
138 138 179 181
183 183 215 216
185 185 217 218
140 140 183 185
187 187 219 220
189 189 221 222
142 142 187 189
161 161 193 194
191 191 223 224
144 144 161 191
58 58 83 85
83 83 109 111
85 85 113 115
59 59 83 85
109 109 138 140
111 111 142 144
84 84 109 111
113 113 130 132
115 115 134 136
86 86 113 115
60 60 84 86
61 61 84 86
110 110 138 140
112 112 142 144
114 114 130 132
116 116 134 136
87 87 110 112
88 88 110 112
62 62 87 89
89 89 114 116
63 63 87 89
64 64 88 90
90 90 114 116
65 65 88 90
66 66 91 93
91 91 117 119
93 93 121 123
67 67 91 93
117 117 145 147
119 119 149 151
92 92 117 119
121 121 153 155
123 123 157 159
94 94 121 123
68 68 92 94
69 69 92 94
145 145 164 166
147 147 168 170
118 118 145 147
149 149 172 174
151 151 188 190
120 120 149 151
153 153 180 182
155 155 184 186
122 122 153 155
157 157 176 178
159 159 162 192
124 124 157 159
95 95 118 120
96 96 118 120
164 164 196 195
166 166 198 197
146 146 164 166
168 168 200 199
170 170 202 201
148 148 168 170
172 172 204 203
174 174 206 205
150 150 172 174
188 188 220 219
190 190 222 221
152 152 188 190
70 70 95 97
97 97 122 124
71 71 95 97
72 72 96 98
98 98 122 124
73 73 96 98
180 180 212 211
182 182 214 213
154 154 180 182
184 184 216 215
186 186 218 217
156 156 184 186
176 176 208 207
178 178 210 209
158 158 176 178
162 162 194 193
192 192 224 223
160 160 162 192
-1 225 99 100
99 99 125 126
100 100 127 128
74 74 99 100
125 125 154 156
126 126 158 160
127 127 146 148
128 128 150 152
-1 285 125 289
-1 289 154 146
-1 286 126 290
-1 290 156 148
-1 287 127 291
-1 291 158 150
-1 288 128 292
-1 292 160 152
193 193 285 286
194 194 287 288
195 195 228 229
196 196 226 227
197 197 232 233
198 198 230 231
199 199 236 237
200 200 234 235
201 201 240 241
202 202 238 239
203 203 244 245
204 204 242 243
205 205 248 249
206 206 246 247
207 207 252 253
208 208 250 251
209 209 256 257
210 210 254 255
211 211 260 261
212 212 258 259
213 213 264 265
214 214 262 263
215 215 268 269
216 216 266 267
217 217 272 273
218 218 270 271
219 219 276 277
220 220 274 275
221 221 280 281
222 222 278 279
223 223 284 225
224 224 282 283
