50 50 -1 76
76 76 -1 95
51 51 -1 77
77 77 -1 96
95 95 -1 110
96 96 -1 111
52 52 -1 76
53 53 -1 77
-1 110 120 122
-1 111 121 123
54 54 -1 78
78 78 -1 97
55 55 -1 79
79 79 -1 98
97 97 -1 112
98 98 -1 113
56 56 -1 78
57 57 -1 79
-1 112 124 126
-1 113 125 127
80 80 -1 95
81 81 -1 96
-1 120 140 122
122 122 -1 80
-1 121 140 123
123 123 -1 81
82 82 -1 97
83 83 -1 98
-1 124 141 126
126 126 -1 82
-1 125 141 127
127 127 -1 83
140 140 142 143
141 141 142 143
58 58 -1 84
84 84 -1 99
59 59 -1 85
85 85 -1 99
99 99 114 115
60 60 -1 84
61 61 -1 85
114 114 128 129
115 115 130 131
62 62 -1 86
86 86 100 101
63 63 -1 86
100 100 -1 114
101 101 -1 115
64 64 87 88
87 87 -1 100
88 88 -1 101
65 65 87 88
128 128 135 136
129 129 133 134
130 130 139 132
131 131 137 138
116 116 -1 129
117 117 -1 128
118 118 -1 131
119 119 -1 130
-1 132 69 68
66 66 -1 80
67 67 -1 81
68 68 -1 82
69 69 -1 83
142 142 104 105
143 143 108 109
89 89 102 103
102 102 -1 118
103 103 -1 119
90 90 102 103
104 104 -1 118
105 105 -1 119
91 91 104 105
92 92 106 107
106 106 -1 116
107 107 -1 117
93 93 106 107
108 108 -1 116
109 109 -1 117
94 94 108 109
70 70 89 92
71 71 89 92
72 72 90 93
73 73 90 93
74 74 91 94
75 75 91 94
