51 51 -1 77
77 77 -1 98
52 52 -1 78
78 78 -1 98
98 98 115 116
53 53 -1 77
54 54 -1 78
115 115 129 130
116 116 131 132
55 55 -1 79
79 79 99 100
56 56 -1 79
99 99 -1 115
100 100 -1 116
57 57 80 81
80 80 -1 99
81 81 -1 100
58 58 80 81
129 129 154 157
130 130 153 160
131 131 161 164
132 132 165 139
101 101 117 118
117 117 -1 129
118 118 -1 130
154 154 155 156
157 157 158 159
149 149 154 157
153 153 149 150
160 160 151 152
150 150 153 160
102 102 119 120
119 119 -1 131
120 120 -1 132
161 161 162 163
-1 164 194 195
151 151 161 188
-1 188 194 195
165 165 166 167
139 139 -1 170
152 152 165 168
168 168 -1 191
59 59 -1 82
82 82 101 102
60 60 -1 82
61 61 83 84
83 83 -1 101
84 84 -1 102
62 62 83 84
85 85 103 104
103 103 -1 117
104 104 -1 118
86 86 103 104
87 87 105 106
105 105 -1 119
106 106 -1 120
88 88 105 106
63 63 85 87
64 64 85 87
65 65 86 88
66 66 86 88
133 133 149 150
155 155 180 181
156 156 178 179
134 134 156 155
158 158 176 177
159 159 174 175
135 135 159 158
136 136 151 152
121 121 133 136
162 162 -1 173
163 163 186 187
137 137 163 162
194 194 193 192
195 195 189 190
166 166 184 185
167 167 182 183
138 138 167 166
-1 170 196 197
-1 191 209 210
67 67 -1 89
89 89 107 108
68 68 -1 89
107 107 122 121
108 108 123 124
69 69 90 91
90 90 -1 107
91 91 -1 108
70 70 90 91
122 122 135 134
123 123 138 139
124 124 137 148
92 92 109 110
109 109 -1 122
110 110 -1 121
93 93 109 110
94 94 111 112
111 111 -1 123
112 112 -1 124
95 95 111 112
-1 148 171 172
71 71 92 94
72 72 92 94
73 73 93 95
74 74 93 95
125 125 140 141
140 140 -1 135
141 141 -1 134
126 126 142 143
142 142 -1 133
143 143 -1 136
127 127 144 145
144 144 -1 138
145 145 -1 168
128 128 146 147
146 146 -1 137
147 147 -1 169
-1 169 171 172
171 171 192 193
172 172 189 190
113 113 125 126
189 189 200 201
200 200 -1 125
201 201 -1 126
-1 202 140 144
-1 203 141 145
-1 204 142 146
-1 205 143 147
114 114 127 128
190 190 206 207
206 206 -1 127
207 207 -1 128
-1 196 208 197
197 197 -1 211
-1 209 208 210
210 210 -1 211
-1 173 198 199
192 192 202 203
193 193 204 205
75 75 96 97
96 96 -1 113
97 97 -1 114
76 76 96 97
208 208 213 214
213 213 -1 113
214 214 -1 114
-1 212 213 214
-1 215 200 206
-1 216 201 207
211 211 215 216
198 198 -1 212
-1 199 198 75
