51 51 -1 77
77 77 -1 98
52 52 -1 78
78 78 -1 98
98 98 115 116
53 53 -1 77
54 54 -1 78
115 115 130 131
116 116 132 121
55 55 -1 79
79 79 99 100
56 56 -1 79
99 99 -1 115
100 100 -1 116
57 57 80 81
80 80 -1 99
81 81 -1 100
58 58 80 81
130 130 152 155
131 131 151 158
132 132 159 138
121 121 -1 139
101 101 117 118
117 117 -1 130
118 118 -1 131
152 152 153 154
155 155 156 157
148 148 152 155
151 151 148 149
158 158 150 141
149 149 151 158
102 102 119 120
119 119 -1 132
120 120 -1 122
122 122 -1 140
159 159 160 161
138 138 -1 165
150 150 159 162
162 162 -1 182
-1 139 166 167
-1 140 166 168
59 59 -1 82
82 82 101 102
60 60 -1 82
61 61 83 84
83 83 -1 101
84 84 -1 102
62 62 83 84
85 85 103 104
103 103 -1 117
104 104 -1 118
86 86 103 104
87 87 105 106
105 105 -1 119
106 106 -1 120
88 88 105 106
63 63 85 87
64 64 85 87
65 65 86 88
66 66 86 88
133 133 148 149
153 153 176 177
154 154 174 175
134 134 154 153
156 156 172 173
157 157 170 171
135 135 157 156
141 141 -1 164
136 136 150 163
163 163 -1 181
123 123 133 136
160 160 180 169
161 161 178 179
137 137 161 160
-1 165 188 189
-1 182 196 202
107 107 126 121
126 126 137 138
166 166 183 184
167 167 -1 186
168 168 -1 186
-1 164 185 187
-1 181 185 193
124 124 -1 141
212 212 -1 163
185 185 184 183
187 187 -1 194
193 193 -1 194
67 67 -1 89
89 89 108 107
68 68 -1 89
108 108 125 123
69 69 90 91
90 90 -1 108
91 91 -1 107
70 70 90 91
125 125 135 134
92 92 109 110
109 109 -1 125
110 110 -1 123
93 93 109 110
94 94 111 112
111 111 -1 126
112 112 -1 122
95 95 111 112
71 71 92 94
72 72 92 94
73 73 93 95
74 74 93 95
127 127 142 143
142 142 -1 135
143 143 -1 134
128 128 144 145
144 144 -1 133
145 145 -1 136
129 129 146 147
146 146 -1 137
147 147 -1 162
113 113 127 128
205 205 -1 127
206 206 -1 128
-1 191 142 146
-1 192 143 147
-1 207 124 144
-1 208 212 145
114 114 129 124
209 209 -1 129
210 210 -1 212
-1 188 195 189
189 189 -1 197
-1 196 195 202
202 202 -1 211
-1 169 75 190
183 183 198 199
184 184 200 201
186 186 191 192
194 194 207 208
75 75 96 97
96 96 -1 113
97 97 -1 114
76 76 96 97
195 195 203 204
203 203 -1 113
204 204 -1 114
-1 190 203 204
-1 197 205 209
-1 211 206 210
-1 198 205 167
-1 199 206 168
-1 200 209 187
-1 201 210 193
