51 51 -1 82
82 82 -1 113
52 52 -1 83
83 83 -1 114
-1 111 51 82
-1 112 52 83
-1 113 55 90
-1 114 56 91
55 55 -1 90
90 90 -1 119
56 56 -1 91
91 91 -1 119
53 53 -1 84
84 84 -1 117
54 54 -1 85
85 85 -1 118
-1 115 53 84
-1 116 54 85
-1 117 57 92
-1 118 58 93
57 57 -1 92
92 92 -1 120
58 58 -1 93
93 93 -1 120
86 86 -1 111
87 87 -1 112
88 88 -1 115
89 89 -1 116
119 119 143 144
120 120 143 144
143 143 121 123
144 144 125 127
121 121 147 148
123 123 149 150
94 94 121 123
125 125 151 152
127 127 155 153
95 95 125 127
59 59 94 95
60 60 94 95
147 147 173 174
148 148 176 177
122 122 147 148
149 149 179 180
150 150 182 183
124 124 149 150
151 151 185 186
152 152 188 189
126 126 151 152
155 155 191 192
153 153 -1 198
128 128 155 154
154 154 -1 199
61 61 -1 86
62 62 -1 87
145 145 -1 86
146 146 -1 87
63 63 -1 88
64 64 -1 89
203 203 -1 88
204 204 -1 89
96 96 122 124
97 97 122 124
173 173 207 208
174 174 205 206
175 175 174 173
176 176 211 212
177 177 209 210
178 178 177 176
179 179 215 216
180 180 213 214
181 181 180 179
182 182 219 220
183 183 217 218
184 184 183 182
65 65 96 98
98 98 126 128
66 66 96 98
67 67 97 99
99 99 126 128
68 68 97 99
185 185 223 224
186 186 221 222
187 187 186 185
188 188 227 228
189 189 225 226
190 190 189 188
-1 198 232 203
-1 199 232 204
191 191 231 202
192 192 229 230
193 193 192 191
69 69 -1 100
100 100 -1 129
70 70 -1 101
101 101 -1 129
129 129 156 157
71 71 -1 100
72 72 -1 101
156 156 132 133
157 157 134 135
73 73 -1 102
102 102 130 131
74 74 -1 102
130 130 -1 156
131 131 -1 157
103 103 -1 130
104 104 -1 131
75 75 103 104
132 132 160 161
133 133 162 164
105 105 132 133
134 134 168 170
135 135 159 166
106 106 134 135
-1 240 145 103
-1 241 146 104
76 76 105 106
77 77 105 106
160 160 139 138
161 161 140 80
194 194 160 161
162 162 181 184
164 164 175 178
195 195 162 164
168 168 193 153
170 170 187 190
196 196 168 170
159 159 194 195
166 166 196 197
197 197 159 166
-1 136 145 141
141 141 -1 172
-1 137 146 142
142 142 -1 172
-1 244 203 246
246 246 -1 201
-1 245 204 247
247 247 -1 200
232 232 240 241
158 158 194 195
139 139 169 171
138 138 158 167
107 107 139 138
140 140 163 165
80 80 -1 109
108 108 140 81
81 81 -1 110
163 163 181 184
165 165 175 178
167 167 196 197
169 169 193 154
171 171 187 190
78 78 107 108
79 79 107 108
-1 109 136 141
-1 110 137 142
-1 233 169 238
238 238 -1 242
-1 234 171 239
239 239 -1 243
-1 235 158 163
-1 236 167 165
-1 202 67 237
172 172 200 201
-1 242 244 246
-1 243 245 247
201 201 235 236
200 200 233 234
-1 237 239 238
