51 51 77 79
77 77 104 106
79 79 108 110
52 52 77 79
104 104 133 135
106 106 137 139
78 78 104 106
108 108 141 142
110 110 143 144
80 80 108 110
53 53 78 80
54 54 78 80
133 133 164 166
135 135 168 170
105 105 133 135
137 137 172 174
139 139 176 178
107 107 137 139
141 141 181 183
142 142 185 187
109 109 141 142
143 143 190 192
144 144 193 195
111 111 143 144
81 81 105 107
82 82 105 107
164 164 205 206
166 166 207 208
134 134 164 166
168 168 209 210
170 170 211 212
136 136 168 170
172 172 213 214
174 174 215 216
138 138 172 174
176 176 217 218
178 178 219 220
140 140 176 178
55 55 81 83
83 83 109 111
56 56 81 83
57 57 82 84
84 84 109 111
58 58 82 84
181 181 222 223
183 183 224 225
201 201 181 183
185 185 221 226
187 187 233 236
202 202 185 187
190 190 227 228
-1 192 238 240
203 203 190 294
-1 294 238 240
193 193 229 242
195 195 230 231
204 204 193 195
112 112 134 136
113 113 134 136
205 205 247 248
206 206 245 246
165 165 206 205
207 207 251 252
208 208 249 250
167 167 208 207
209 209 255 256
210 210 253 254
169 169 210 209
211 211 259 260
212 212 257 258
171 171 212 211
85 85 112 114
114 114 138 140
86 86 112 114
87 87 113 115
115 115 138 140
88 88 113 115
213 213 263 264
214 214 261 262
173 173 214 213
215 215 267 268
216 216 265 266
175 175 216 215
217 217 271 272
218 218 269 270
177 177 218 217
219 219 275 276
220 220 273 274
179 179 220 219
180 180 201 202
221 221 201 202
222 222 279 280
223 223 277 278
182 182 223 222
224 224 283 284
225 225 281 282
184 184 225 224
226 226 203 204
186 186 221 226
233 233 232 234
236 236 235 237
188 188 233 236
189 189 203 204
227 227 287 288
228 228 285 286
191 191 228 227
238 238 295 301
240 240 296 300
229 229 289 290
-1 242 299 297
194 194 229 243
-1 243 299 298
230 230 293 244
231 231 291 292
196 196 231 230
59 59 85 89
89 89 120 122
60 60 85 89
61 61 86 90
90 90 120 122
62 62 86 90
63 63 87 91
91 91 121 123
64 64 87 91
65 65 88 92
92 92 121 123
66 66 88 92
145 145 165 167
232 232 165 167
116 116 145 146
146 146 169 171
117 117 145 146
234 234 169 171
197 197 232 234
147 147 173 175
235 235 173 175
118 118 147 148
148 148 177 179
119 119 147 148
237 237 177 179
198 198 235 237
120 120 155 153
122 122 157 159
155 155 182 184
153 153 186 188
121 121 155 153
157 157 191 199
159 159 194 196
123 123 157 159
124 124 149 150
149 149 -1 180
150 150 -1 189
151 151 -1 180
152 152 -1 189
125 125 151 152
154 154 186 188
156 156 182 184
126 126 156 154
127 127 156 154
-1 199 239 241
158 158 191 200
-1 200 239 241
295 295 306 307
-1 301 308 130
239 239 295 302
-1 302 308 131
296 296 126 128
300 300 116 118
241 241 296 300
128 128 158 160
160 160 194 196
129 129 158 160
299 299 94 96
-1 297 304 305
-1 298 304 305
-1 244 76 303
93 93 126 128
304 304 127 129
94 94 127 129
67 67 93 95
95 95 116 118
68 68 93 95
305 305 117 119
96 96 117 119
69 69 94 96
70 70 -1 97
97 97 124 130
71 71 -1 97
130 130 -1 161
72 72 98 99
98 98 -1 124
99 99 -1 131
131 131 -1 161
73 73 98 99
161 161 197 198
-1 306 149 151
-1 307 150 152
308 308 162 163
162 162 -1 197
163 163 -1 198
132 132 162 163
74 74 100 101
100 100 -1 125
101 101 -1 132
75 75 100 101
-1 303 102 103
102 102 -1 125
103 103 -1 132
76 76 102 103
