52 52 -1 82
82 82 -1 84
53 53 -1 83
83 83 -1 85
84 84 -1 111
85 85 -1 104
54 54 -1 82
55 55 -1 83
-1 104 113 112
56 56 -1 86
86 86 -1 88
57 57 -1 87
87 87 -1 89
88 88 -1 105
89 89 -1 106
58 58 -1 86
59 59 -1 87
-1 105 114 112
-1 106 115 113
60 60 -1 84
61 61 -1 85
62 62 -1 88
63 63 -1 89
-1 114 126 128
112 112 -1 124
-1 115 127 129
113 113 -1 125
124 124 -1 74
125 125 -1 75
126 126 -1 98
128 128 -1 100
127 127 -1 99
129 129 -1 101
64 64 -1 90
90 90 -1 92
65 65 -1 91
91 91 -1 93
92 92 -1 107
93 93 -1 108
66 66 -1 90
67 67 -1 91
-1 107 116 118
-1 108 117 119
68 68 -1 94
94 94 -1 96
69 69 -1 95
95 95 -1 97
96 96 -1 109
97 97 -1 110
70 70 -1 94
71 71 -1 95
-1 109 120 122
-1 110 121 123
72 72 -1 92
73 73 -1 93
-1 116 118 126
118 118 -1 102
-1 117 119 127
119 119 -1 103
74 74 -1 96
75 75 -1 97
-1 120 122 128
122 122 -1 124
-1 121 123 129
123 123 -1 125
102 102 -1 72
103 103 -1 73
98 98 -1 60
99 99 -1 61
100 100 -1 62
101 101 -1 63
76 76 -1 98
77 77 -1 99
78 78 -1 100
79 79 -1 101
80 80 -1 102
81 81 -1 103
