52 52 -1 78
78 78 -1 99
53 53 -1 79
79 79 -1 99
99 99 114 115
54 54 -1 78
55 55 -1 79
114 114 126 128
115 115 130 132
56 56 -1 80
80 80 100 101
57 57 -1 80
100 100 -1 114
101 101 -1 115
58 58 81 82
81 81 -1 100
82 82 -1 101
59 59 81 82
126 126 136 137
-1 128 142 144
130 130 138 139
132 132 140 141
102 102 116 117
116 116 -1 126
117 117 -1 129
-1 129 142 144
136 136 148 149
137 137 146 147
127 127 137 136
142 142 158 160
144 144 162 163
103 103 118 119
118 118 -1 130
119 119 -1 132
138 138 152 153
139 139 150 151
131 131 139 138
140 140 156 157
141 141 154 155
133 133 141 140
60 60 -1 83
83 83 102 103
61 61 -1 83
62 62 84 85
84 84 -1 102
85 85 -1 103
63 63 84 85
86 86 104 105
104 104 -1 116
105 105 -1 117
87 87 104 105
88 88 106 107
106 106 -1 118
107 107 -1 119
89 89 106 107
64 64 86 88
65 65 86 88
66 66 87 89
67 67 87 89
120 120 127 134
-1 134 143 145
-1 158 164 168
-1 160 165 171
143 143 159 161
-1 159 164 168
-1 161 165 171
162 162 166 167
163 163 169 170
145 145 162 163
108 108 121 122
121 121 -1 127
122 122 -1 135
-1 135 143 145
123 123 131 133
109 109 124 125
124 124 -1 131
125 125 -1 133
68 68 -1 90
90 90 110 111
69 69 -1 90
110 110 -1 120
111 111 -1 123
164 164 91 92
91 91 -1 110
92 92 -1 111
70 70 91 92
71 71 -1 93
93 93 112 113
72 72 -1 93
112 112 -1 120
113 113 -1 123
165 165 94 95
94 94 -1 112
95 95 -1 113
73 73 94 95
168 168 166 167
171 171 169 170
74 74 -1 96
96 96 109 108
75 75 -1 96
76 76 97 98
97 97 -1 109
98 98 -1 108
77 77 97 98
166 166 -1 124
167 167 -1 125
169 169 -1 121
170 170 -1 122
