52 52 -1 83
83 83 -1 114
53 53 -1 84
84 84 -1 115
-1 112 52 83
-1 113 53 84
-1 114 56 91
-1 115 57 92
56 56 -1 91
91 91 -1 120
57 57 -1 92
92 92 -1 120
54 54 -1 85
85 85 -1 118
55 55 -1 86
86 86 -1 119
-1 116 54 85
-1 117 55 86
-1 118 58 93
-1 119 59 94
58 58 -1 93
93 93 -1 121
59 59 -1 94
94 94 -1 121
87 87 -1 112
88 88 -1 113
89 89 -1 116
90 90 -1 117
120 120 144 145
121 121 144 145
144 144 122 124
145 145 126 128
122 122 148 149
124 124 150 151
95 95 122 124
126 126 152 153
128 128 156 154
96 96 126 128
60 60 95 96
61 61 95 96
148 148 174 175
149 149 177 178
123 123 148 149
150 150 180 181
151 151 183 184
125 125 150 151
152 152 186 187
153 153 189 190
127 127 152 153
156 156 192 193
154 154 -1 199
129 129 156 155
155 155 -1 200
62 62 -1 87
63 63 -1 88
146 146 -1 87
147 147 -1 88
64 64 -1 89
65 65 -1 90
204 204 -1 89
205 205 -1 90
97 97 123 125
98 98 123 125
174 174 208 209
175 175 206 207
176 176 175 174
177 177 212 213
178 178 210 211
179 179 178 177
180 180 216 217
181 181 214 215
182 182 181 180
183 183 220 221
184 184 218 219
185 185 184 183
66 66 97 99
99 99 127 129
67 67 97 99
68 68 98 100
100 100 127 129
69 69 98 100
186 186 224 225
187 187 222 223
188 188 187 186
189 189 228 229
190 190 226 227
191 191 190 189
-1 199 233 204
-1 200 233 205
192 192 232 203
193 193 230 231
194 194 193 192
70 70 -1 101
101 101 -1 130
71 71 -1 102
102 102 -1 130
130 130 157 158
72 72 -1 101
73 73 -1 102
157 157 133 134
158 158 135 136
74 74 -1 103
103 103 131 132
75 75 -1 103
131 131 -1 157
132 132 -1 158
104 104 -1 131
105 105 -1 132
76 76 104 105
133 133 161 162
134 134 163 165
106 106 133 134
135 135 169 171
136 136 160 167
107 107 135 136
-1 240 146 104
-1 241 147 105
77 77 106 107
78 78 106 107
161 161 140 139
162 162 141 81
195 195 161 162
163 163 182 185
165 165 176 179
196 196 163 165
169 169 194 154
171 171 188 191
197 197 169 171
160 160 195 196
167 167 197 198
198 198 160 167
-1 137 146 142
142 142 -1 173
-1 138 147 143
143 143 -1 173
-1 244 204 246
246 246 -1 202
-1 245 205 247
247 247 -1 201
233 233 240 241
159 159 195 196
140 140 170 172
139 139 159 168
108 108 140 139
141 141 164 166
81 81 -1 110
109 109 141 82
82 82 -1 111
164 164 182 185
166 166 176 179
168 168 197 198
170 170 194 155
172 172 188 191
79 79 108 109
80 80 108 109
-1 110 137 142
-1 111 138 143
-1 234 170 238
238 238 -1 242
-1 235 172 239
239 239 -1 243
-1 236 159 164
-1 237 168 166
-1 203 239 238
173 173 201 202
-1 242 244 246
-1 243 245 247
202 202 236 237
201 201 234 235
