52 52 -1 78
78 78 -1 100
53 53 -1 79
79 79 -1 100
100 100 121 122
54 54 -1 78
55 55 -1 79
121 121 143 144
122 122 145 146
56 56 -1 80
80 80 101 102
57 57 -1 80
101 101 -1 121
102 102 -1 122
58 58 81 82
81 81 -1 101
82 82 -1 102
59 59 81 82
143 143 129 131
144 144 133 135
145 145 137 139
146 146 141 127
103 103 123 124
123 123 -1 143
124 124 -1 144
129 129 149 150
131 131 151 152
104 104 129 131
133 133 153 154
135 135 155 156
105 105 133 135
106 106 125 126
125 125 -1 145
126 126 -1 146
137 137 157 158
139 139 159 160
107 107 137 139
141 141 161 162
127 127 147 148
108 108 141 127
60 60 -1 83
83 83 103 106
61 61 -1 83
62 62 84 85
84 84 -1 103
85 85 -1 106
63 63 84 85
109 109 -1 123
110 110 -1 124
86 86 109 110
111 111 -1 125
112 112 -1 126
87 87 111 112
-1 193 109 111
-1 194 110 112
147 147 193 194
148 148 187 188
128 128 148 147
64 64 86 87
65 65 86 87
88 88 104 105
89 89 104 105
149 149 169 170
150 150 167 168
130 130 150 149
151 151 165 166
152 152 163 164
132 132 152 151
153 153 177 178
154 154 175 176
134 134 154 153
155 155 173 174
156 156 171 172
136 136 156 155
66 66 88 90
90 90 107 108
67 67 88 90
68 68 89 91
91 91 107 108
69 69 89 91
157 157 185 186
158 158 183 184
138 138 158 157
159 159 181 182
160 160 179 180
140 140 160 159
161 161 191 192
162 162 189 190
142 142 162 161
70 70 92 94
92 92 113 115
94 94 117 119
71 71 92 94
113 113 132 130
115 115 136 134
93 93 113 115
117 117 140 138
119 119 128 142
95 95 117 119
72 72 93 95
73 73 93 95
114 114 132 130
116 116 136 134
118 118 140 138
120 120 128 142
96 96 114 116
97 97 114 116
74 74 96 98
98 98 118 120
75 75 96 98
76 76 97 99
99 99 118 120
77 77 97 99
