52 52 -1 78
78 78 -1 100
53 53 -1 79
79 79 -1 100
100 100 121 122
54 54 -1 78
55 55 -1 79
121 121 143 144
122 122 145 146
56 56 -1 80
80 80 101 102
57 57 -1 80
101 101 -1 121
102 102 -1 122
58 58 81 82
81 81 -1 101
82 82 -1 102
59 59 81 82
143 143 181 182
144 144 183 184
145 145 185 186
146 146 187 188
103 103 123 124
123 123 -1 143
124 124 -1 144
181 181 165 167
182 182 153 169
183 183 171 173
184 184 175 177
104 104 125 126
125 125 -1 145
126 126 -1 146
185 185 149 151
186 186 155 157
187 187 159 161
188 188 147 163
60 60 -1 83
83 83 103 104
61 61 -1 83
62 62 84 85
84 84 -1 103
85 85 -1 104
63 63 84 85
105 105 -1 123
106 106 -1 124
86 86 105 106
107 107 -1 125
108 108 -1 126
87 87 107 108
-1 253 105 107
-1 254 106 108
147 147 179 180
179 179 253 254
180 180 231 232
148 148 180 179
64 64 86 87
65 65 86 87
-1 255 181 185
-1 256 182 186
165 165 199 216
167 167 217 218
127 127 165 167
153 153 190 198
169 169 214 215
128 128 153 169
-1 257 183 187
-1 258 184 188
171 171 206 207
173 173 208 209
129 129 171 173
175 175 210 211
177 177 212 213
130 130 175 177
149 149 191 189
151 151 192 193
131 131 149 151
155 155 194 195
157 157 196 197
132 132 155 157
159 159 200 201
161 161 202 203
133 133 159 161
163 163 204 205
134 134 147 163
189 189 131 132
109 109 131 132
191 191 133 134
150 150 191 189
192 192 127 128
193 193 129 130
152 152 192 193
135 135 150 152
190 190 150 152
110 110 133 134
111 111 127 128
112 112 129 130
113 113 135 136
136 136 158 156
114 114 135 136
198 198 158 156
154 154 190 198
88 88 109 110
89 89 109 110
194 194 255 256
195 195 257 258
156 156 195 194
196 196 221 222
197 197 219 220
158 158 197 196
90 90 113 115
115 115 138 139
91 91 113 115
92 92 114 116
116 116 138 139
93 93 114 116
137 137 154 170
170 170 214 215
199 199 154 170
66 66 88 94
94 94 111 112
67 67 88 94
68 68 89 95
95 95 111 112
69 69 89 95
200 200 225 226
201 201 223 224
160 160 201 200
202 202 229 230
203 203 227 228
162 162 203 202
204 204 235 236
205 205 233 234
164 164 205 204
216 216 166 168
166 166 199 216
217 217 176 178
218 218 172 174
168 168 217 218
214 214 148 164
215 215 160 162
206 206 239 240
207 207 237 238
172 172 207 206
208 208 243 244
209 209 241 242
174 174 209 208
210 210 247 248
211 211 245 246
176 176 211 210
212 212 251 252
213 213 249 250
178 178 213 212
70 70 90 96
96 96 117 119
71 71 90 96
72 72 91 97
97 97 117 119
73 73 91 97
138 138 148 164
139 139 160 162
74 74 92 98
98 98 118 120
75 75 92 98
76 76 93 99
99 99 118 120
77 77 93 99
117 117 137 140
140 140 166 168
118 118 137 140
141 141 176 178
142 142 172 174
119 119 142 141
120 120 142 141
