52 52 -1 80
80 80 -1 96
53 53 -1 81
81 81 -1 97
96 96 -1 104
97 97 -1 104
54 54 -1 80
55 55 -1 81
104 104 110 111
56 56 -1 82
82 82 -1 98
57 57 -1 83
83 83 -1 99
98 98 -1 105
99 99 -1 105
58 58 -1 82
59 59 -1 83
105 105 111 110
84 84 -1 96
85 85 -1 97
110 110 122 123
111 111 120 121
86 86 -1 98
87 87 -1 99
60 60 -1 88
88 88 -1 100
61 61 -1 89
89 89 -1 101
100 100 -1 106
101 101 -1 107
62 62 -1 88
63 63 -1 89
-1 106 112 114
-1 107 113 115
64 64 -1 90
90 90 -1 102
65 65 -1 91
91 91 -1 103
102 102 -1 108
103 103 -1 109
66 66 -1 90
67 67 -1 91
-1 108 116 118
-1 109 117 119
92 92 -1 100
93 93 -1 101
-1 112 114 70
114 114 -1 92
-1 113 115 71
115 115 -1 93
94 94 -1 102
95 95 -1 103
-1 116 118 74
118 118 -1 94
-1 117 119 75
119 119 -1 95
70 70 -1 84
71 71 -1 85
74 74 -1 86
75 75 -1 87
68 68 -1 84
69 69 -1 85
72 72 -1 86
73 73 -1 87
76 76 -1 92
77 77 -1 93
78 78 -1 94
79 79 -1 95
