53 53 -1 80
80 80 -1 103
54 54 -1 81
81 81 -1 103
103 103 120 121
55 55 -1 80
56 56 -1 81
120 120 134 135
121 121 136 137
57 57 -1 82
82 82 104 105
58 58 -1 82
104 104 -1 120
105 105 -1 121
59 59 83 84
83 83 -1 104
84 84 -1 105
60 60 83 84
134 134 159 162
135 135 158 165
136 136 166 169
137 137 170 173
106 106 122 123
122 122 -1 134
123 123 -1 135
159 159 160 161
162 162 163 164
154 154 159 162
158 158 154 155
165 165 156 157
155 155 158 165
107 107 124 125
124 124 -1 136
125 125 -1 137
166 166 167 168
-1 169 204 205
156 156 166 196
-1 196 204 205
170 170 171 172
173 173 174 201
157 157 170 173
61 61 -1 85
85 85 106 107
62 62 -1 85
63 63 86 87
86 86 -1 106
87 87 -1 107
64 64 86 87
88 88 108 109
108 108 -1 122
109 109 -1 123
89 89 108 109
90 90 110 111
110 110 -1 124
111 111 -1 125
91 91 110 111
65 65 88 90
66 66 88 90
67 67 89 91
68 68 89 91
138 138 154 155
160 160 186 187
161 161 184 185
139 139 161 160
163 163 182 183
164 164 180 181
140 140 164 163
141 141 156 157
126 126 138 141
167 167 -1 179
168 168 194 195
142 142 168 167
204 204 203 202
205 205 197 199
171 171 192 193
172 172 190 191
143 143 172 171
174 174 188 189
-1 201 198 200
144 144 174 176
-1 176 198 200
69 69 -1 92
92 92 112 113
70 70 -1 92
112 112 127 126
113 113 128 129
71 71 93 94
93 93 -1 112
94 94 -1 113
72 72 93 94
127 127 140 139
128 128 144 143
129 129 142 153
95 95 114 115
114 114 -1 127
115 115 -1 126
96 96 114 115
97 97 116 117
116 116 -1 128
117 117 -1 129
98 98 116 117
-1 153 177 178
73 73 95 97
74 74 95 97
75 75 96 98
76 76 96 98
130 130 145 146
145 145 -1 140
146 146 -1 139
131 131 147 148
147 147 -1 138
148 148 -1 141
132 132 149 150
149 149 -1 144
150 150 -1 143
133 133 151 152
151 151 -1 142
152 152 -1 175
-1 175 177 178
177 177 202 203
178 178 197 199
118 118 130 131
197 197 208 209
208 208 -1 130
209 209 -1 131
198 198 208 209
-1 210 145 149
-1 211 146 150
-1 212 147 151
-1 213 148 152
119 119 132 133
199 199 214 215
214 214 -1 132
215 215 -1 133
200 200 214 215
-1 179 206 207
202 202 210 211
203 203 212 213
77 77 99 100
99 99 -1 118
100 100 -1 119
78 78 99 100
-1 216 101 102
101 101 -1 118
102 102 -1 119
79 79 101 102
206 206 -1 216
-1 207 206 79
