53 53 -1 82
82 82 -1 103
54 54 -1 83
83 83 -1 103
103 103 122 123
55 55 -1 82
56 56 -1 83
122 122 134 136
123 123 138 140
57 57 -1 84
84 84 104 105
58 58 -1 84
104 104 -1 122
105 105 -1 123
59 59 85 86
85 85 -1 104
86 86 -1 105
60 60 85 86
134 134 144 145
-1 136 150 69
138 138 146 147
140 140 148 149
106 106 124 125
124 124 -1 134
125 125 -1 137
-1 137 150 70
144 144 155 156
145 145 153 154
135 135 145 144
150 150 164 165
69 69 -1 95
70 70 -1 95
107 107 126 127
126 126 -1 138
127 127 -1 140
146 146 159 160
147 147 157 158
139 139 147 146
148 148 163 152
149 149 161 162
141 141 149 148
61 61 -1 87
87 87 106 107
62 62 -1 87
63 63 88 89
88 88 -1 106
89 89 -1 107
64 64 88 89
90 90 108 109
108 108 -1 124
109 109 -1 125
91 91 108 109
92 92 110 111
110 110 -1 126
111 111 -1 127
93 93 110 111
65 65 90 92
66 66 90 92
67 67 91 93
68 68 91 93
128 128 135 142
-1 142 151 71
164 164 118 119
165 165 120 121
151 151 164 165
95 95 114 115
112 112 129 130
129 129 -1 135
130 130 -1 143
-1 143 151 72
71 71 -1 97
72 72 -1 97
97 97 116 117
131 131 139 141
-1 152 81 166
113 113 132 133
132 132 -1 139
133 133 -1 141
73 73 -1 94
94 94 114 115
74 74 -1 94
114 114 -1 128
115 115 -1 131
75 75 -1 96
96 96 116 117
76 76 -1 96
116 116 -1 128
117 117 -1 131
77 77 -1 98
98 98 113 112
78 78 -1 98
79 79 99 100
99 99 -1 113
100 100 -1 112
80 80 99 100
118 118 -1 132
119 119 -1 133
101 101 118 119
120 120 -1 129
121 121 -1 130
102 102 120 121
-1 166 101 102
81 81 101 102
