53 53 -1 84
84 84 -1 100
54 54 -1 85
85 85 -1 101
100 100 -1 112
101 101 -1 113
55 55 -1 84
56 56 -1 85
112 112 -1 114
113 113 115 116
57 57 -1 86
86 86 -1 102
58 58 -1 87
87 87 -1 103
102 102 -1 113
103 103 -1 112
59 59 -1 86
60 60 -1 87
88 88 -1 100
89 89 -1 101
90 90 -1 102
91 91 -1 103
-1 114 117 118
61 61 -1 92
92 92 -1 104
62 62 -1 93
93 93 -1 105
104 104 -1 108
105 105 -1 109
63 63 -1 92
64 64 -1 93
-1 108 69 71
-1 109 70 72
65 65 -1 94
94 94 -1 106
66 66 -1 95
95 95 -1 107
106 106 -1 110
107 107 -1 111
67 67 -1 94
68 68 -1 95
-1 110 73 75
-1 111 74 76
96 96 -1 104
97 97 -1 105
69 69 -1 88
71 71 -1 96
70 70 -1 89
72 72 -1 97
98 98 -1 106
99 99 -1 107
73 73 -1 90
75 75 -1 98
74 74 -1 91
76 76 -1 99
77 77 -1 88
78 78 -1 89
79 79 -1 90
80 80 -1 91
81 81 -1 96
82 82 -1 97
83 83 -1 98
117 117 -1 99
-1 118 83 117
