53 53 80 82
80 80 107 108
82 82 109 111
54 54 80 82
107 107 137 139
108 108 141 143
81 81 107 108
109 109 145 147
111 111 149 151
83 83 109 111
55 55 81 83
56 56 81 83
137 137 181 183
139 139 185 187
135 135 137 139
141 141 189 191
143 143 172 173
136 136 141 143
145 145 193 195
147 147 175 176
110 110 145 147
149 149 177 178
151 151 179 197
112 112 149 151
113 113 135 136
181 181 201 202
183 183 203 204
138 138 181 183
185 185 205 206
187 187 207 208
140 140 185 187
189 189 209 210
191 191 211 212
142 142 189 191
172 172 186 188
173 173 171 174
144 144 172 173
-1 257 135 165
165 165 146 148
-1 258 136 166
166 166 150 152
84 84 110 112
85 85 110 112
193 193 213 214
195 195 215 216
146 146 193 195
175 175 190 192
176 176 194 196
148 148 175 176
177 177 182 184
178 178 198 180
150 150 177 178
179 179 199 200
197 197 217 218
152 152 179 197
57 57 84 97
97 97 128 130
58 58 84 97
59 59 85 98
98 98 128 130
60 60 85 98
61 61 86 87
86 86 116 117
87 87 120 121
62 62 86 87
116 116 158 159
117 117 157 160
120 120 161 162
121 121 163 164
88 88 114 115
114 114 -1 116
115 115 -1 117
158 158 186 188
159 159 171 174
167 167 158 159
157 157 167 168
160 160 169 170
168 168 157 160
89 89 118 119
118 118 -1 120
119 119 -1 121
161 161 190 192
162 162 194 196
169 169 161 162
163 163 182 184
164 164 198 180
170 170 163 164
63 63 88 89
64 64 88 89
122 122 153 154
153 153 -1 114
154 154 -1 115
123 123 155 156
155 155 -1 118
156 156 -1 119
171 171 167 168
186 186 206 205
188 188 208 207
174 174 169 170
190 190 210 209
192 192 212 211
194 194 214 213
196 196 216 215
182 182 202 201
184 184 204 203
198 198 218 217
180 180 200 199
65 65 -1 90
90 90 122 123
66 66 -1 90
67 67 91 92
91 91 -1 122
92 92 -1 123
68 68 91 92
93 93 124 125
124 124 -1 153
125 125 -1 154
94 94 124 125
95 95 126 127
126 126 -1 155
127 127 -1 156
96 96 126 127
128 128 138 140
130 130 142 144
129 129 138 140
131 131 142 144
99 99 129 131
100 100 129 131
69 69 99 105
105 105 133 134
70 70 99 105
71 71 100 106
106 106 133 134
72 72 100 106
73 73 101 102
101 101 -1 113
102 102 -1 132
132 132 165 166
74 74 101 102
75 75 103 104
103 103 -1 113
104 104 -1 132
76 76 103 104
133 133 146 148
134 134 150 152
199 199 257 258
200 200 252 253
77 77 93 95
78 78 93 95
-1 259 94 96
79 79 94 96
201 201 222 223
202 202 220 221
203 203 226 227
204 204 224 225
205 205 230 231
206 206 228 229
207 207 234 235
208 208 232 233
209 209 238 239
210 210 236 237
211 211 242 243
212 212 240 241
213 213 246 247
214 214 244 245
215 215 250 251
216 216 248 249
217 217 256 219
218 218 254 255
-1 219 79 259
