53 53 -1 84
84 84 -1 113
54 54 -1 85
85 85 -1 114
-1 111 53 84
-1 112 54 85
113 113 -1 134
114 114 -1 135
-1 134 146 148
-1 135 147 149
55 55 -1 86
86 86 -1 117
56 56 -1 87
87 87 -1 118
-1 115 55 86
-1 116 56 87
117 117 -1 136
118 118 -1 137
-1 136 150 152
-1 137 151 153
88 88 -1 111
89 89 -1 112
90 90 -1 115
91 91 -1 116
92 92 -1 113
93 93 -1 114
-1 146 148 165
148 148 -1 99
-1 147 149 166
149 149 -1 100
94 94 -1 117
95 95 -1 118
-1 150 152 167
152 152 -1 164
-1 151 153 168
153 153 -1 164
165 165 -1 88
166 166 -1 89
99 99 -1 119
100 100 -1 120
167 167 -1 90
168 168 -1 91
164 164 124 125
57 57 -1 96
96 96 -1 121
58 58 -1 97
97 97 -1 121
-1 119 57 96
-1 120 58 97
121 121 140 141
140 140 154 157
141 141 155 156
59 59 -1 98
98 98 122 123
60 60 -1 98
-1 138 59 122
122 122 -1 140
-1 139 60 123
123 123 -1 141
124 124 -1 138
125 125 -1 139
154 154 160 161
-1 157 165 167
155 155 -1 159
156 156 162 163
142 142 -1 154
143 143 -1 158
-1 158 166 168
144 144 -1 156
145 145 -1 155
-1 159 169 170
61 61 -1 88
62 62 -1 89
63 63 -1 90
64 64 -1 91
65 65 -1 99
66 66 -1 100
-1 171 101 102
101 101 -1 124
102 102 -1 125
67 67 101 102
68 68 -1 92
69 69 -1 93
70 70 -1 92
71 71 -1 93
72 72 -1 94
73 73 -1 95
74 74 -1 94
75 75 -1 95
103 103 126 127
126 126 -1 144
127 127 -1 145
104 104 126 127
105 105 128 129
128 128 -1 144
129 129 -1 145
106 106 128 129
107 107 130 131
130 130 -1 142
131 131 -1 143
108 108 130 131
109 109 132 133
132 132 -1 142
133 133 -1 143
110 110 132 133
76 76 103 107
77 77 103 107
78 78 104 108
79 79 104 108
80 80 105 109
81 81 105 109
82 82 106 110
83 83 106 110
169 169 -1 171
-1 170 169 67
