53 53 80 82
80 80 108 110
82 82 112 114
54 54 80 82
108 108 136 138
110 110 140 142
81 81 108 110
112 112 144 146
114 114 148 150
83 83 112 114
55 55 81 83
56 56 81 83
136 136 174 176
138 138 178 180
109 109 136 138
140 140 182 184
142 142 186 188
111 111 140 142
144 144 190 192
146 146 194 196
113 113 144 146
148 148 168 172
150 150 170 198
115 115 148 150
84 84 109 111
85 85 109 111
174 174 206 207
176 176 208 209
137 137 174 176
178 178 210 211
180 180 212 213
139 139 178 180
182 182 214 215
184 184 216 217
141 141 182 184
186 186 218 219
188 188 220 221
143 143 186 188
57 57 84 86
86 86 113 115
58 58 84 86
59 59 85 87
87 87 113 115
60 60 85 87
190 190 222 223
192 192 224 225
145 145 190 192
194 194 226 227
196 196 228 229
147 147 194 196
168 168 200 201
172 172 204 205
149 149 168 172
170 170 202 203
198 198 230 231
151 151 170 198
61 61 88 90
88 88 116 118
90 90 120 122
62 62 88 90
116 116 145 147
118 118 149 151
89 89 116 118
120 120 137 139
122 122 141 143
91 91 120 122
63 63 89 91
64 64 89 91
117 117 145 147
119 119 149 151
121 121 137 139
123 123 141 143
92 92 117 119
93 93 117 119
65 65 92 94
94 94 121 123
66 66 92 94
67 67 93 95
95 95 121 123
68 68 93 95
69 69 96 98
96 96 124 126
98 98 128 130
70 70 96 98
124 124 152 154
126 126 156 158
97 97 124 126
128 128 160 162
130 130 164 166
99 99 128 130
71 71 97 99
72 72 97 99
152 152 183 185
154 154 171 199
125 125 152 154
156 156 175 177
158 158 179 181
127 127 156 158
160 160 187 189
162 162 169 173
129 129 160 162
164 164 191 193
166 166 195 197
131 131 164 166
100 100 125 127
101 101 125 127
183 183 215 214
185 185 217 216
153 153 183 185
171 171 203 202
199 199 231 230
155 155 171 199
175 175 207 206
177 177 209 208
157 157 175 177
179 179 211 210
181 181 213 212
159 159 179 181
73 73 100 102
102 102 129 131
74 74 100 102
75 75 101 103
103 103 129 131
76 76 101 103
187 187 219 218
189 189 221 220
161 161 187 189
169 169 200 201
173 173 205 204
163 163 169 173
191 191 223 222
193 193 225 224
165 165 191 193
195 195 227 226
197 197 229 228
167 167 195 197
77 77 104 106
104 104 132 133
106 106 134 135
78 78 104 106
132 132 161 163
133 133 165 167
105 105 132 133
134 134 153 155
135 135 157 159
107 107 134 135
-1 296 105 107
79 79 105 107
290 290 161 163
291 291 165 167
292 292 153 155
293 293 157 159
200 200 290 291
201 201 292 293
-1 294 290 292
-1 295 291 293
202 202 294 295
203 203 285 286
204 204 235 236
205 205 233 234
206 206 239 240
207 207 237 238
208 208 243 244
209 209 241 242
210 210 247 248
211 211 245 246
212 212 251 252
213 213 249 250
214 214 255 256
215 215 253 254
216 216 259 260
217 217 257 258
218 218 263 264
219 219 261 262
220 220 267 268
221 221 265 266
222 222 271 272
223 223 269 270
224 224 275 276
225 225 273 274
226 226 279 280
227 227 277 278
228 228 283 284
229 229 281 282
230 230 289 232
231 231 287 288
-1 232 79 296
