54 54 -1 81
81 81 -1 104
55 55 -1 82
82 82 -1 104
104 104 121 122
56 56 -1 81
57 57 -1 82
121 121 136 137
122 122 138 127
58 58 -1 83
83 83 105 106
59 59 -1 83
105 105 -1 121
106 106 -1 122
60 60 84 85
84 84 -1 105
85 85 -1 106
61 61 84 85
136 136 158 161
137 137 157 164
138 138 165 168
127 127 -1 145
107 107 123 124
123 123 -1 136
124 124 -1 137
158 158 159 160
161 161 162 163
154 154 158 161
157 157 154 155
164 164 156 147
155 155 157 164
108 108 125 126
125 125 -1 138
126 126 -1 128
128 128 -1 146
165 165 166 167
168 168 169 193
156 156 165 168
-1 145 173 174
-1 146 173 175
62 62 -1 86
86 86 107 108
63 63 -1 86
64 64 87 88
87 87 -1 107
88 88 -1 108
65 65 87 88
89 89 109 110
109 109 -1 123
110 110 -1 124
90 90 109 110
91 91 111 112
111 111 -1 125
112 112 -1 126
92 92 111 112
66 66 89 91
67 67 89 91
68 68 90 92
69 69 90 92
139 139 154 155
159 159 183 184
160 160 181 182
140 140 160 159
162 162 179 180
163 163 177 178
141 141 163 162
147 147 -1 171
142 142 156 170
170 170 -1 190
129 129 139 142
166 166 189 176
167 167 187 188
143 143 167 166
169 169 185 186
-1 193 191 192
144 144 169 172
-1 172 191 192
113 113 132 127
132 132 144 143
173 173 194 195
174 174 -1 197
175 175 -1 197
-1 171 196 198
-1 190 196 205
130 130 -1 147
211 211 -1 170
196 196 195 194
198 198 -1 206
205 205 -1 206
70 70 -1 93
93 93 114 113
71 71 -1 93
114 114 131 129
72 72 94 95
94 94 -1 114
95 95 -1 113
73 73 94 95
131 131 141 140
96 96 115 116
115 115 -1 131
116 116 -1 129
97 97 115 116
98 98 117 118
117 117 -1 132
118 118 -1 128
99 99 117 118
74 74 96 98
75 75 96 98
76 76 97 99
77 77 97 99
133 133 148 149
148 148 -1 141
149 149 -1 140
134 134 150 151
150 150 -1 139
151 151 -1 142
135 135 152 153
152 152 -1 144
153 153 -1 143
119 119 133 134
191 191 199 200
199 199 -1 133
200 200 -1 134
-1 201 148 152
-1 202 149 153
-1 212 130 150
-1 213 211 151
120 120 135 130
192 192 203 204
203 203 -1 135
204 204 -1 211
-1 176 102 103
194 194 207 208
195 195 209 210
197 197 201 202
206 206 212 213
78 78 100 101
100 100 -1 119
101 101 -1 120
79 79 100 101
102 102 -1 119
103 103 -1 120
80 80 102 103
-1 207 199 174
-1 208 200 175
-1 209 203 198
-1 210 204 205
