54 54 -1 81
81 81 -1 104
55 55 -1 82
82 82 -1 104
104 104 121 122
56 56 -1 81
57 57 -1 82
121 121 135 136
122 122 137 138
58 58 -1 83
83 83 105 106
59 59 -1 83
105 105 -1 121
106 106 -1 122
60 60 84 85
84 84 -1 105
85 85 -1 106
61 61 84 85
135 135 160 163
136 136 159 166
137 137 167 170
138 138 171 145
107 107 123 124
123 123 -1 135
124 124 -1 136
160 160 161 162
163 163 164 165
155 155 160 163
159 159 155 156
166 166 157 158
156 156 159 166
108 108 125 126
125 125 -1 137
126 126 -1 138
167 167 168 169
-1 170 201 202
157 157 167 195
-1 195 201 202
171 171 172 173
145 145 -1 176
158 158 171 174
174 174 -1 198
62 62 -1 86
86 86 107 108
63 63 -1 86
64 64 87 88
87 87 -1 107
88 88 -1 108
65 65 87 88
89 89 109 110
109 109 -1 123
110 110 -1 124
90 90 109 110
91 91 111 112
111 111 -1 125
112 112 -1 126
92 92 111 112
66 66 89 91
67 67 89 91
68 68 90 92
69 69 90 92
139 139 155 156
161 161 185 186
162 162 183 184
140 140 162 161
164 164 181 182
165 165 179 180
141 141 165 164
142 142 157 158
127 127 139 142
168 168 193 194
169 169 191 192
143 143 169 168
201 201 200 199
202 202 196 197
172 172 189 190
173 173 187 188
144 144 173 172
-1 176 203 204
-1 198 214 215
70 70 -1 93
93 93 113 114
71 71 -1 93
113 113 128 127
114 114 129 130
72 72 94 95
94 94 -1 113
95 95 -1 114
73 73 94 95
128 128 141 140
129 129 144 145
130 130 143 154
96 96 115 116
115 115 -1 128
116 116 -1 127
97 97 115 116
98 98 117 118
117 117 -1 129
118 118 -1 130
99 99 117 118
-1 154 177 178
74 74 96 98
75 75 96 98
76 76 97 99
77 77 97 99
131 131 146 147
146 146 -1 141
147 147 -1 140
132 132 148 149
148 148 -1 139
149 149 -1 142
133 133 150 151
150 150 -1 144
151 151 -1 174
134 134 152 153
152 152 -1 143
153 153 -1 175
-1 175 177 178
177 177 199 200
178 178 196 197
119 119 131 132
196 196 205 206
205 205 -1 131
206 206 -1 132
-1 207 146 150
-1 208 147 151
-1 209 148 152
-1 210 149 153
120 120 133 134
197 197 211 212
211 211 -1 133
212 212 -1 134
-1 203 213 204
204 204 -1 216
-1 214 213 215
215 215 -1 216
199 199 207 208
200 200 209 210
78 78 100 101
100 100 -1 119
101 101 -1 120
79 79 100 101
213 213 102 103
102 102 -1 119
103 103 -1 120
80 80 102 103
-1 217 205 211
-1 218 206 212
216 216 217 218
