54 54 81 83
81 81 109 111
83 83 113 115
55 55 81 83
109 109 137 139
111 111 141 143
82 82 109 111
113 113 145 147
115 115 149 151
84 84 113 115
56 56 82 84
57 57 82 84
137 137 169 171
139 139 173 175
110 110 137 139
141 141 179 181
143 143 183 185
112 112 141 143
145 145 189 191
147 147 193 195
114 114 145 147
149 149 197 199
151 151 177 187
116 116 149 151
85 85 110 112
86 86 110 112
169 169 201 202
171 171 203 204
138 138 169 171
173 173 205 206
175 175 207 208
140 140 173 175
179 179 211 212
181 181 213 214
142 142 179 181
183 183 215 216
185 185 217 218
144 144 183 185
58 58 85 87
87 87 114 116
59 59 85 87
60 60 86 88
88 88 114 116
61 61 86 88
189 189 221 222
191 191 223 224
146 146 189 191
193 193 225 226
195 195 227 228
148 148 193 195
197 197 229 230
199 199 231 232
150 150 197 199
177 177 209 210
187 187 219 220
152 152 177 187
117 117 138 140
201 201 236 237
202 202 234 235
170 170 202 201
203 203 240 241
204 204 238 239
172 172 204 203
205 205 244 245
206 206 242 243
174 174 206 205
207 207 248 249
208 208 246 247
176 176 208 207
89 89 117 118
118 118 142 144
90 90 117 118
209 209 -1 138
210 210 -1 140
178 178 209 210
211 211 252 253
212 212 250 251
180 180 212 211
213 213 256 257
214 214 254 255
182 182 214 213
215 215 260 261
216 216 258 259
184 184 216 215
217 217 264 265
218 218 262 263
186 186 218 217
219 219 -1 142
220 220 -1 144
188 188 219 220
119 119 146 148
221 221 268 269
222 222 266 267
190 190 222 221
223 223 272 273
224 224 270 271
192 192 224 223
225 225 276 277
226 226 274 275
194 194 226 225
227 227 280 233
228 228 278 279
196 196 228 227
91 91 119 120
120 120 150 152
92 92 119 120
229 229 -1 146
230 230 -1 148
198 198 229 230
231 231 -1 150
232 232 -1 152
200 200 231 232
62 62 89 91
63 63 89 91
64 64 90 92
65 65 90 92
153 153 170 172
154 154 170 172
121 121 153 155
155 155 174 176
122 122 153 155
123 123 154 156
156 156 174 176
124 124 154 156
157 157 180 182
158 158 180 182
125 125 157 159
159 159 184 186
126 126 157 159
127 127 158 160
160 160 184 186
128 128 158 160
161 161 178 188
162 162 178 188
129 129 161 167
167 167 198 200
130 130 161 167
131 131 162 168
168 168 198 200
132 132 162 168
163 163 190 192
164 164 190 192
133 133 163 165
165 165 194 196
134 134 163 165
135 135 164 166
166 166 194 196
136 136 164 166
-1 233 100 108
93 93 129 133
94 94 129 133
95 95 130 134
96 96 130 134
97 97 131 135
98 98 131 135
99 99 132 136
100 100 132 136
66 66 93 101
101 101 121 125
67 67 93 101
68 68 94 102
102 102 121 125
69 69 94 102
70 70 95 103
103 103 122 126
71 71 95 103
72 72 96 104
104 104 122 126
73 73 96 104
74 74 97 105
105 105 123 127
75 75 97 105
76 76 98 106
106 106 123 127
77 77 98 106
78 78 99 107
107 107 124 128
79 79 99 107
108 108 124 128
80 80 100 108
