54 54 81 83
81 81 107 109
83 83 111 113
55 55 81 83
107 107 136 138
109 109 140 142
82 82 107 109
111 111 144 145
113 113 146 147
84 84 111 113
56 56 82 84
57 57 82 84
136 136 168 170
138 138 172 174
108 108 136 138
140 140 176 178
142 142 180 182
110 110 140 142
144 144 185 187
145 145 189 191
112 112 144 145
146 146 194 196
147 147 -1 198
114 114 146 148
148 148 -1 199
85 85 108 110
86 86 108 110
168 168 207 208
170 170 209 210
137 137 168 170
172 172 211 212
174 174 213 214
139 139 172 174
176 176 215 216
178 178 217 218
141 141 176 178
180 180 219 220
182 182 221 222
143 143 180 182
58 58 85 87
87 87 112 114
59 59 85 87
60 60 86 88
88 88 112 114
61 61 86 88
185 185 224 225
187 187 226 227
204 204 185 187
189 189 223 228
191 191 233 236
205 205 189 191
194 194 229 242
196 196 230 231
206 206 194 196
-1 198 238 240
-1 199 238 240
115 115 137 139
116 116 137 139
207 207 247 248
208 208 245 246
169 169 208 207
209 209 251 252
210 210 249 250
171 171 210 209
211 211 255 256
212 212 253 254
173 173 212 211
213 213 259 260
214 214 257 258
175 175 214 213
89 89 115 117
117 117 141 143
90 90 115 117
91 91 116 118
118 118 141 143
92 92 116 118
215 215 263 264
216 216 261 262
177 177 216 215
217 217 267 268
218 218 265 266
179 179 218 217
219 219 271 272
220 220 269 270
181 181 220 219
221 221 275 276
222 222 273 274
183 183 222 221
184 184 204 205
223 223 204 205
224 224 279 280
225 225 277 278
186 186 225 224
226 226 283 284
227 227 281 282
188 188 227 226
228 228 206 150
190 190 223 228
233 233 232 234
236 236 235 237
192 192 233 236
193 193 206 149
149 149 -1 200
150 150 -1 201
229 229 285 286
-1 242 292 295
195 195 229 243
-1 243 292 295
230 230 289 244
231 231 287 288
197 197 231 230
119 119 163 147
163 163 195 197
120 120 163 148
238 238 291 293
240 240 290 296
-1 200 239 241
-1 201 239 241
121 121 164 149
164 164 195 197
122 122 164 150
239 239 291 294
241 241 290 296
62 62 89 93
93 93 127 119
63 63 89 93
64 64 90 94
94 94 127 119
65 65 90 94
66 66 91 95
95 95 128 120
67 67 91 95
68 68 92 96
96 96 128 120
69 69 92 96
151 151 169 171
232 232 169 171
123 123 151 152
152 152 173 175
124 124 151 152
234 234 173 175
202 202 232 234
153 153 177 179
235 235 177 179
125 125 153 154
154 154 181 183
126 126 153 154
237 237 181 183
203 203 235 237
127 127 161 159
161 161 186 188
159 159 190 192
128 128 161 159
129 129 155 156
155 155 -1 184
156 156 -1 193
130 130 157 158
157 157 -1 184
158 158 -1 193
290 290 157 158
160 160 190 192
162 162 186 188
131 131 162 160
132 132 162 160
291 291 297 298
-1 293 299 133
-1 294 299 134
296 296 166 167
292 292 132 122
295 295 124 126
-1 244 105 106
97 97 131 121
98 98 132 122
70 70 97 99
99 99 123 125
71 71 97 99
-1 297 155 131
-1 298 156 121
72 72 98 100
100 100 124 126
73 73 98 100
299 299 123 125
133 133 -1 165
134 134 -1 165
74 74 -1 101
101 101 129 133
75 75 -1 101
76 76 102 103
102 102 -1 129
103 103 -1 134
77 77 102 103
165 165 202 203
135 135 166 167
166 166 -1 202
167 167 -1 203
78 78 -1 104
104 104 130 135
79 79 -1 104
105 105 -1 130
106 106 -1 135
80 80 105 106
