54 54 81 83
81 81 108 110
83 83 112 114
55 55 81 83
108 108 137 139
110 110 141 143
82 82 108 110
112 112 145 146
114 114 147 148
84 84 112 114
56 56 82 84
57 57 82 84
137 137 168 170
139 139 172 174
109 109 137 139
141 141 176 178
143 143 180 182
111 111 141 143
145 145 185 187
146 146 189 191
113 113 145 146
147 147 194 196
148 148 197 199
115 115 147 148
85 85 109 111
86 86 109 111
168 168 209 210
170 170 211 212
138 138 168 170
172 172 213 214
174 174 215 216
140 140 172 174
176 176 217 218
178 178 219 220
142 142 176 178
180 180 221 222
182 182 223 224
144 144 180 182
58 58 85 87
87 87 113 115
59 59 85 87
60 60 86 88
88 88 113 115
61 61 86 88
185 185 226 227
187 187 228 229
205 205 185 187
189 189 225 230
191 191 237 240
206 206 189 191
194 194 231 232
-1 196 242 244
207 207 194 298
-1 298 242 244
197 197 233 246
199 199 234 235
208 208 197 199
116 116 138 140
117 117 138 140
209 209 250 251
210 210 248 249
169 169 210 209
211 211 254 255
212 212 252 253
171 171 212 211
213 213 258 259
214 214 256 257
173 173 214 213
215 215 262 263
216 216 260 261
175 175 216 215
89 89 116 118
118 118 142 144
90 90 116 118
91 91 117 119
119 119 142 144
92 92 117 119
217 217 266 267
218 218 264 265
177 177 218 217
219 219 270 271
220 220 268 269
179 179 220 219
221 221 274 275
222 222 272 273
181 181 222 221
223 223 278 279
224 224 276 277
183 183 224 223
184 184 205 206
225 225 205 206
226 226 282 283
227 227 280 281
186 186 227 226
228 228 286 287
229 229 284 285
188 188 229 228
230 230 207 208
190 190 225 230
237 237 236 238
240 240 239 241
192 192 237 240
193 193 207 208
231 231 290 291
232 232 288 289
195 195 232 231
242 242 299 305
244 244 300 304
233 233 292 293
-1 246 303 301
198 198 233 247
-1 247 303 302
234 234 296 297
235 235 294 295
200 200 235 234
62 62 89 93
93 93 124 126
63 63 89 93
64 64 90 94
94 94 124 126
65 65 90 94
66 66 91 95
95 95 125 127
67 67 91 95
68 68 92 96
96 96 125 127
69 69 92 96
149 149 169 171
236 236 169 171
120 120 149 150
150 150 173 175
121 121 149 150
238 238 173 175
201 201 236 238
151 151 177 179
239 239 177 179
122 122 151 152
152 152 181 183
123 123 151 152
241 241 181 183
202 202 239 241
124 124 159 157
126 126 161 163
159 159 186 188
157 157 190 192
125 125 159 157
161 161 195 203
163 163 198 200
127 127 161 163
128 128 153 154
153 153 -1 184
154 154 -1 193
155 155 -1 184
156 156 -1 193
129 129 155 156
158 158 190 192
160 160 186 188
130 130 160 158
131 131 160 158
-1 203 243 245
162 162 195 204
-1 204 243 245
299 299 309 310
-1 305 311 134
243 243 299 306
-1 306 311 135
300 300 130 132
304 304 120 122
245 245 300 304
132 132 162 164
164 164 198 200
133 133 162 164
303 303 98 100
-1 301 307 308
-1 302 307 308
97 97 130 132
307 307 131 133
98 98 131 133
70 70 97 99
99 99 120 122
71 71 97 99
308 308 121 123
100 100 121 123
72 72 98 100
73 73 -1 101
101 101 128 134
74 74 -1 101
134 134 -1 165
75 75 102 103
102 102 -1 128
103 103 -1 135
135 135 -1 165
76 76 102 103
165 165 201 202
-1 309 153 155
-1 310 154 156
311 311 166 167
166 166 -1 201
167 167 -1 202
136 136 166 167
77 77 104 105
104 104 -1 129
105 105 -1 136
78 78 104 105
79 79 106 107
106 106 -1 129
107 107 -1 136
80 80 106 107
