54 54 81 83
81 81 109 111
83 83 113 115
55 55 81 83
109 109 137 139
111 111 141 143
82 82 109 111
113 113 145 147
115 115 149 151
84 84 113 115
56 56 82 84
57 57 82 84
137 137 175 177
139 139 179 181
110 110 137 139
141 141 183 185
143 143 187 189
112 112 141 143
145 145 191 193
147 147 195 197
114 114 145 147
149 149 169 173
151 151 171 199
116 116 149 151
85 85 110 112
86 86 110 112
175 175 207 208
177 177 209 210
138 138 175 177
179 179 211 212
181 181 213 214
140 140 179 181
183 183 215 216
185 185 217 218
142 142 183 185
187 187 219 220
189 189 221 222
144 144 187 189
58 58 85 87
87 87 114 116
59 59 85 87
60 60 86 88
88 88 114 116
61 61 86 88
191 191 223 224
193 193 225 226
146 146 191 193
195 195 227 228
197 197 229 230
148 148 195 197
169 169 201 202
173 173 205 206
150 150 169 173
171 171 203 204
199 199 231 232
152 152 171 199
62 62 89 91
89 89 117 119
91 91 121 123
63 63 89 91
117 117 146 148
119 119 150 152
90 90 117 119
121 121 138 140
123 123 142 144
92 92 121 123
64 64 90 92
65 65 90 92
118 118 146 148
120 120 150 152
122 122 138 140
124 124 142 144
93 93 118 120
94 94 118 120
66 66 93 95
95 95 122 124
67 67 93 95
68 68 94 96
96 96 122 124
69 69 94 96
70 70 97 99
97 97 125 127
99 99 129 131
71 71 97 99
125 125 153 155
127 127 157 159
98 98 125 127
129 129 161 163
131 131 165 167
100 100 129 131
72 72 98 100
73 73 98 100
153 153 184 186
155 155 172 200
126 126 153 155
157 157 176 178
159 159 180 182
128 128 157 159
161 161 188 190
163 163 170 174
130 130 161 163
165 165 192 194
167 167 196 198
132 132 165 167
101 101 126 128
102 102 126 128
184 184 216 215
186 186 218 217
154 154 184 186
172 172 204 203
200 200 232 231
156 156 172 200
176 176 208 207
178 178 210 209
158 158 176 178
180 180 212 211
182 182 214 213
160 160 180 182
74 74 101 103
103 103 130 132
75 75 101 103
76 76 102 104
104 104 130 132
77 77 102 104
188 188 220 219
190 190 222 221
162 162 188 190
170 170 201 202
174 174 206 205
164 164 170 174
192 192 224 223
194 194 226 225
166 166 192 194
196 196 228 227
198 198 230 229
168 168 196 198
78 78 105 107
105 105 133 134
107 107 135 136
79 79 105 107
133 133 162 164
134 134 166 168
106 106 133 134
135 135 154 156
136 136 158 160
108 108 135 136
-1 233 106 108
80 80 106 108
291 291 162 164
292 292 166 168
293 293 154 156
294 294 158 160
201 201 291 292
202 202 293 294
-1 295 291 293
-1 296 292 294
203 203 295 296
204 204 286 287
205 205 236 237
206 206 234 235
207 207 240 241
208 208 238 239
209 209 244 245
210 210 242 243
211 211 248 249
212 212 246 247
213 213 252 253
214 214 250 251
215 215 256 257
216 216 254 255
217 217 260 261
218 218 258 259
219 219 264 265
220 220 262 263
221 221 268 269
222 222 266 267
223 223 272 273
224 224 270 271
225 225 276 277
226 226 274 275
227 227 280 281
228 228 278 279
229 229 284 285
230 230 282 283
231 231 290 233
232 232 288 289
