54 54 -1 81
81 81 108 109
55 55 -1 81
108 108 134 135
109 109 136 137
56 56 82 83
82 82 -1 108
83 83 -1 109
57 57 82 83
134 134 162 163
135 135 164 165
136 136 166 167
137 137 168 169
84 84 110 111
110 110 -1 134
111 111 -1 135
85 85 110 111
162 162 172 174
163 163 176 178
164 164 182 180
165 165 184 170
86 86 112 113
112 112 -1 136
113 113 -1 137
87 87 112 113
166 166 186 188
167 167 190 192
168 168 194 196
169 169 198 200
58 58 84 86
59 59 84 86
60 60 85 87
61 61 85 87
-1 286 162 166
-1 287 163 167
172 172 205 206
174 174 207 208
138 138 172 174
176 176 209 210
178 178 211 212
139 139 176 178
-1 288 164 168
-1 289 165 169
182 182 216 225
180 180 204 213
140 140 182 180
184 184 214 215
170 170 202 203
141 141 184 170
186 186 217 218
188 188 219 220
142 142 186 188
190 190 221 222
192 192 223 224
143 143 190 192
194 194 226 227
196 196 228 229
144 144 194 196
198 198 230 231
200 200 232 233
145 145 198 200
202 202 286 287
203 203 288 289
171 171 203 202
204 204 138 139
114 114 138 139
205 205 273 274
206 206 271 272
173 173 206 205
207 207 277 278
208 208 275 276
175 175 208 207
209 209 281 282
210 210 279 280
177 177 210 209
211 211 285 234
212 212 283 284
179 179 212 211
213 213 140 141
181 181 204 213
88 88 114 115
115 115 140 141
89 89 114 115
216 216 142 143
225 225 144 145
183 183 216 225
214 214 237 238
215 215 235 236
185 185 215 214
116 116 142 143
217 217 241 242
218 218 239 240
187 187 218 217
219 219 245 246
220 220 243 244
189 189 220 219
221 221 249 250
222 222 247 248
191 191 222 221
223 223 253 254
224 224 251 252
193 193 224 223
90 90 116 117
117 117 144 145
91 91 116 117
226 226 257 258
227 227 255 256
195 195 227 226
228 228 261 262
229 229 259 260
197 197 229 228
230 230 265 266
231 231 263 264
199 199 231 230
232 232 269 270
233 233 267 268
201 201 233 232
146 146 171 185
147 147 171 185
118 118 146 148
148 148 183 181
119 119 146 148
120 120 147 149
149 149 183 181
121 121 147 149
92 92 118 122
122 122 150 152
93 93 118 122
94 94 119 123
123 123 150 152
95 95 119 123
96 96 120 124
124 124 151 153
97 97 120 124
98 98 121 125
125 125 151 153
99 99 121 125
62 62 90 88
63 63 90 88
64 64 91 89
65 65 91 89
66 66 92 100
100 100 126 130
67 67 92 100
68 68 93 101
101 101 126 130
69 69 93 101
150 150 199 201
152 152 195 197
151 151 199 201
153 153 195 197
70 70 94 102
102 102 127 131
71 71 94 102
72 72 95 103
103 103 127 131
73 73 95 103
74 74 96 104
104 104 128 132
75 75 96 104
76 76 97 105
105 105 128 132
77 77 97 105
78 78 98 106
106 106 129 133
79 79 98 106
-1 234 99 107
107 107 129 133
80 80 99 107
154 154 187 189
155 155 187 189
126 126 154 156
156 156 191 193
127 127 154 156
128 128 155 157
157 157 191 193
129 129 155 157
158 158 173 175
159 159 173 175
130 130 158 160
160 160 177 179
131 131 158 160
132 132 159 161
161 161 177 179
133 133 159 161
