54 54 81 83
81 81 109 111
83 83 113 115
55 55 81 83
109 109 137 138
111 111 139 140
82 82 109 111
113 113 141 142
115 115 144 145
84 84 113 115
56 56 82 84
57 57 82 84
137 137 169 171
138 138 173 175
110 110 137 138
139 139 177 179
140 140 181 183
112 112 139 140
141 141 185 187
142 142 -1 189
114 114 141 143
143 143 -1 190
144 144 193 195
145 145 197 199
116 116 144 145
85 85 110 112
86 86 110 112
169 169 201 202
171 171 203 204
296 296 169 171
173 173 205 206
175 175 207 208
297 297 173 175
177 177 209 210
179 179 211 212
305 305 177 179
181 181 213 214
183 183 215 216
306 306 181 183
58 58 85 87
87 87 114 116
59 59 85 87
60 60 86 88
88 88 114 116
61 61 86 88
185 185 217 218
187 187 219 220
298 298 185 187
-1 189 230 232
-1 190 230 232
193 193 222 223
195 195 224 225
307 307 193 195
197 197 226 227
199 199 228 229
308 308 197 199
201 201 237 238
202 202 235 236
170 170 202 201
203 203 241 242
204 204 239 240
172 172 204 203
205 205 245 246
206 206 243 244
174 174 206 205
207 207 249 250
208 208 247 248
176 176 208 207
-1 309 296 298
-1 310 297 146
146 146 -1 192
-1 288 296 298
-1 289 297 191
191 191 -1 221
209 209 253 254
210 210 251 252
178 178 210 209
211 211 257 258
212 212 255 256
180 180 212 211
213 213 261 262
214 214 259 260
182 182 214 213
215 215 265 266
216 216 263 264
184 184 216 215
-1 311 305 307
-1 312 306 308
-1 299 305 292
292 292 -1 303
-1 300 306 293
293 293 -1 304
217 217 269 270
218 218 267 268
186 186 218 217
219 219 273 274
220 220 271 272
188 188 220 219
117 117 155 142
155 155 186 188
118 118 155 143
230 230 290 291
232 232 292 293
-1 192 231 233
-1 221 231 233
119 119 156 146
156 156 186 188
231 231 291 290
233 233 294 295
222 222 277 278
223 223 275 276
194 194 223 222
224 224 281 282
225 225 279 280
196 196 225 224
226 226 288 289
227 227 283 284
198 198 227 226
228 228 287 234
229 229 285 286
200 200 229 228
-1 301 307 294
294 294 -1 304
-1 302 308 295
295 295 -1 303
147 147 170 172
148 148 170 172
120 120 147 149
149 149 174 176
121 121 147 149
122 122 148 150
150 150 174 176
151 151 178 180
152 152 178 180
123 123 151 153
153 153 182 184
124 124 151 153
125 125 152 154
154 154 182 184
303 303 309 310
304 304 311 312
290 290 299 300
291 291 301 302
157 157 194 196
158 158 194 196
126 126 157 159
159 159 198 200
127 127 157 159
128 128 158 160
160 160 198 200
-1 234 104 108
62 62 89 91
89 89 120 126
91 91 123 117
63 63 89 91
90 90 120 126
92 92 123 117
64 64 90 92
65 65 90 92
93 93 121 127
94 94 121 127
66 66 93 95
95 95 124 118
67 67 93 95
68 68 94 96
96 96 124 118
69 69 94 96
97 97 122 128
98 98 122 128
129 129 161 162
161 161 -1 148
162 162 -1 150
130 130 161 162
131 131 163 164
163 163 -1 158
164 164 -1 160
132 132 163 164
99 99 125 119
100 100 125 119
133 133 165 166
165 165 -1 152
166 166 -1 154
134 134 165 166
135 135 167 168
167 167 -1 156
168 168 -1 191
136 136 167 168
70 70 97 99
71 71 97 99
72 72 98 100
73 73 98 100
101 101 129 131
102 102 129 131
74 74 101 105
105 105 133 135
75 75 101 105
76 76 102 106
106 106 133 135
77 77 102 106
103 103 130 132
104 104 130 132
78 78 103 107
107 107 134 136
79 79 103 107
108 108 134 136
80 80 104 108
