55 55 -1 83
83 83 -1 104
56 56 -1 84
84 84 -1 104
104 104 119 120
57 57 -1 83
58 58 -1 84
119 119 131 133
120 120 137 135
59 59 -1 85
85 85 105 106
60 60 -1 85
105 105 -1 119
106 106 -1 120
61 61 86 87
86 86 -1 105
87 87 -1 106
62 62 86 87
131 131 139 140
133 133 141 142
137 137 143 144
135 135 -1 145
107 107 121 122
121 121 -1 131
122 122 -1 133
139 139 150 151
140 140 148 149
132 132 140 139
141 141 154 155
142 142 152 153
134 134 142 141
108 108 123 124
123 123 -1 136
124 124 -1 137
136 136 -1 146
-1 145 160 158
-1 146 161 159
143 143 -1 147
144 144 156 157
138 138 144 143
63 63 -1 88
88 88 107 108
64 64 -1 88
65 65 89 90
89 89 -1 107
90 90 -1 108
66 66 89 90
91 91 109 110
109 109 -1 121
110 110 -1 122
92 92 109 110
93 93 111 112
111 111 -1 123
112 112 -1 124
94 94 111 112
67 67 91 93
68 68 91 93
69 69 92 94
70 70 92 94
125 125 132 134
113 113 126 127
126 126 -1 132
127 127 -1 134
128 128 138 135
-1 160 165 158
158 158 -1 164
-1 161 165 159
159 159 -1 164
-1 147 162 163
114 114 129 130
129 129 -1 138
130 130 -1 136
71 71 -1 95
95 95 115 116
72 72 -1 95
115 115 -1 125
116 116 -1 128
73 73 96 97
96 96 -1 115
97 97 -1 116
74 74 96 97
75 75 -1 98
98 98 117 118
76 76 -1 98
117 117 -1 125
118 118 -1 128
77 77 99 100
99 99 -1 117
100 100 -1 118
78 78 99 100
79 79 -1 101
101 101 114 113
80 80 -1 101
81 81 102 103
102 102 -1 114
103 103 -1 113
82 82 102 103
171 171 -1 129
172 172 -1 130
167 167 171 172
173 173 -1 126
174 174 -1 127
168 168 173 174
-1 169 171 173
-1 170 172 174
164 164 169 170
165 165 167 168
-1 166 167 168
162 162 -1 166
-1 163 162 81
