55 55 -1 83
83 83 -1 106
56 56 -1 84
84 84 -1 106
106 106 123 124
57 57 -1 83
58 58 -1 84
123 123 137 138
124 124 139 140
59 59 -1 85
85 85 107 108
60 60 -1 85
107 107 -1 123
108 108 -1 124
61 61 86 87
86 86 -1 107
87 87 -1 108
62 62 86 87
137 137 162 165
138 138 161 168
139 139 169 172
140 140 173 148
109 109 125 126
125 125 -1 137
126 126 -1 138
162 162 163 164
165 165 166 167
157 157 162 165
161 161 157 158
168 168 159 160
158 158 161 168
110 110 127 128
127 127 -1 139
128 128 -1 140
169 169 170 171
172 172 200 201
159 159 169 172
173 173 174 175
148 148 -1 179
160 160 173 176
176 176 -1 202
63 63 -1 88
88 88 109 110
64 64 -1 88
65 65 89 90
89 89 -1 109
90 90 -1 110
66 66 89 90
91 91 111 112
111 111 -1 125
112 112 -1 126
92 92 111 112
93 93 113 114
113 113 -1 127
114 114 -1 128
94 94 113 114
67 67 91 93
68 68 91 93
69 69 92 94
70 70 92 94
141 141 157 158
163 163 187 188
164 164 185 186
142 142 164 163
166 166 183 184
167 167 181 182
143 143 167 166
144 144 159 160
129 129 141 144
170 170 195 180
171 171 193 194
145 145 171 170
-1 200 196 198
-1 201 197 199
146 146 177 178
-1 177 196 198
-1 178 197 199
174 174 191 192
175 175 189 190
147 147 175 174
-1 179 204 203
-1 202 209 206
71 71 -1 95
95 95 115 116
72 72 -1 95
115 115 130 129
116 116 131 132
73 73 96 97
96 96 -1 115
97 97 -1 116
74 74 96 97
130 130 143 142
131 131 147 148
132 132 146 145
98 98 117 118
117 117 -1 130
118 118 -1 129
99 99 117 118
100 100 119 120
119 119 -1 131
120 120 -1 132
101 101 119 120
75 75 98 100
76 76 98 100
77 77 99 101
78 78 99 101
133 133 149 150
149 149 -1 143
150 150 -1 142
196 196 149 150
134 134 151 152
151 151 -1 141
152 152 -1 144
197 197 151 152
135 135 153 154
153 153 -1 147
154 154 -1 176
198 198 153 154
136 136 155 156
155 155 -1 146
156 156 -1 145
199 199 155 156
121 121 133 134
214 214 -1 133
215 215 -1 134
210 210 214 215
122 122 135 136
216 216 -1 135
217 217 -1 136
211 211 216 217
-1 204 208 203
203 203 -1 207
-1 209 208 206
206 206 -1 207
-1 180 81 205
79 79 102 103
102 102 -1 121
103 103 -1 122
80 80 102 103
81 81 104 105
104 104 -1 121
105 105 -1 122
82 82 104 105
-1 212 214 216
-1 213 215 217
207 207 212 213
208 208 210 211
-1 205 210 211
