55 55 -1 83
83 83 106 107
56 56 -1 83
106 106 125 126
107 107 127 128
57 57 84 85
84 84 -1 106
85 85 -1 107
58 58 84 85
125 125 143 144
126 126 145 146
127 127 147 148
128 128 149 150
86 86 108 109
108 108 -1 125
109 109 -1 126
87 87 108 109
143 143 155 156
144 144 158 159
145 145 161 162
146 146 164 165
88 88 110 111
110 110 -1 127
111 111 -1 128
89 89 110 111
147 147 167 177
148 148 169 170
149 149 174 175
150 150 176 178
59 59 86 88
60 60 86 88
61 61 87 89
62 62 87 89
112 112 129 130
129 129 -1 143
130 130 -1 144
209 209 129 130
155 155 182 183
156 156 180 181
157 157 156 155
158 158 186 187
159 159 184 185
160 160 159 158
113 113 131 132
131 131 -1 145
132 132 -1 146
210 210 131 132
161 161 190 191
162 162 188 189
163 163 162 161
164 164 194 195
165 165 192 193
166 166 165 164
114 114 133 134
133 133 -1 147
134 134 -1 148
211 211 133 134
167 167 196 197
-1 177 202 201
168 168 167 203
-1 203 202 201
169 169 200 179
170 170 198 199
171 171 170 169
115 115 135 136
135 135 -1 149
136 136 -1 150
212 212 135 136
174 174 157 160
175 175 163 166
172 172 174 175
176 176 168 171
178 178 172 173
173 173 176 178
90 90 112 113
91 91 112 113
63 63 90 92
92 92 114 115
64 64 90 92
65 65 91 93
93 93 114 115
66 66 91 93
205 205 209 210
-1 207 209 211
-1 208 210 212
201 201 205 206
206 206 211 212
-1 204 205 206
151 151 157 160
137 137 151 152
152 152 163 166
153 153 168 171
202 202 207 208
-1 179 65 204
138 138 153 154
154 154 172 173
67 67 -1 94
94 94 -1 116
68 68 -1 95
95 95 -1 116
116 116 137 138
69 69 -1 94
70 70 -1 95
71 71 -1 96
96 96 117 118
72 72 -1 96
117 117 -1 137
118 118 -1 138
73 73 97 98
97 97 -1 117
98 98 -1 118
74 74 97 98
119 119 139 140
139 139 -1 151
140 140 -1 152
120 120 141 142
141 141 -1 153
142 142 -1 154
75 75 -1 99
99 99 119 120
76 76 -1 99
77 77 100 101
100 100 -1 119
101 101 -1 120
78 78 100 101
102 102 121 122
121 121 -1 139
122 122 -1 140
103 103 121 122
104 104 123 124
123 123 -1 141
124 124 -1 142
105 105 123 124
79 79 102 104
80 80 102 104
81 81 103 105
82 82 103 105
