55 55 -1 88
88 88 -1 122
56 56 -1 89
89 89 -1 123
-1 120 55 88
-1 121 56 89
-1 122 59 96
-1 123 60 97
59 59 -1 96
96 96 -1 128
60 60 -1 97
97 97 -1 128
57 57 -1 90
90 90 -1 126
58 58 -1 91
91 91 -1 127
-1 124 57 90
-1 125 58 91
-1 126 61 98
-1 127 62 99
61 61 -1 98
98 98 -1 129
62 62 -1 99
99 99 -1 129
92 92 -1 120
93 93 -1 121
94 94 -1 124
95 95 -1 125
128 128 150 151
129 129 150 151
150 150 172 173
151 151 174 175
172 172 156 158
173 173 160 162
174 174 164 166
175 175 168 170
152 152 -1 172
153 153 -1 173
156 156 176 177
158 158 178 179
130 130 156 158
160 160 180 181
162 162 184 182
131 131 160 162
154 154 -1 174
155 155 -1 175
164 164 185 186
166 166 188 189
132 132 164 166
168 168 190 191
170 170 192 193
133 133 168 170
63 63 -1 92
64 64 -1 93
65 65 -1 92
66 66 -1 93
67 67 -1 94
68 68 -1 95
257 257 -1 94
258 258 -1 95
100 100 134 135
134 134 -1 152
135 135 -1 153
101 101 134 135
102 102 136 137
136 136 -1 152
137 137 -1 153
103 103 136 137
104 104 138 139
138 138 -1 154
139 139 -1 155
105 105 138 139
106 106 140 141
140 140 -1 154
141 141 -1 155
107 107 140 141
108 108 130 131
109 109 130 131
176 176 196 197
177 177 198 199
157 157 176 177
178 178 200 201
179 179 202 203
159 159 178 179
180 180 204 205
181 181 206 207
161 161 180 181
184 184 208 209
182 182 -1 194
163 163 184 183
183 183 -1 195
69 69 108 110
110 110 132 133
70 70 108 110
71 71 109 111
111 111 132 133
72 72 109 111
185 185 210 211
-1 186 219 220
165 165 185 187
-1 187 219 220
188 188 216 223
189 189 213 221
167 167 188 189
190 190 218 222
191 191 212 214
169 169 190 191
192 192 215 217
193 193 224 225
171 171 192 193
73 73 100 104
74 74 100 104
75 75 101 105
76 76 101 105
77 77 102 106
78 78 102 106
79 79 103 107
80 80 103 107
-1 259 65 257
-1 260 66 258
-1 194 257 259
-1 195 258 260
142 142 157 159
143 143 157 159
196 196 229 230
197 197 227 228
261 261 197 196
198 198 233 234
199 199 231 232
262 262 199 198
200 200 237 238
201 201 235 236
263 263 201 200
202 202 241 242
203 203 239 240
264 264 203 202
112 112 142 144
144 144 161 163
113 113 142 144
114 114 143 145
145 145 161 163
115 115 143 145
204 204 245 246
205 205 243 244
265 265 205 204
206 206 249 250
207 207 247 248
266 266 207 206
208 208 253 254
209 209 251 252
267 267 209 208
146 146 165 167
147 147 165 167
210 210 -1 226
211 211 255 256
268 268 211 210
219 219 279 285
220 220 282 276
216 216 278 280
223 223 286 287
269 269 216 223
213 213 275 277
221 221 281 284
270 270 213 221
116 116 146 148
148 148 169 171
117 117 146 148
118 118 147 149
149 149 169 171
119 119 147 149
218 218 268 283
222 222 269 270
271 271 218 222
212 212 261 262
214 214 263 264
272 272 212 214
215 215 265 266
217 217 267 183
273 273 215 217
224 224 271 272
225 225 273 274
274 274 224 225
81 81 112 116
82 82 112 116
83 83 113 117
84 84 113 117
85 85 114 118
86 86 114 118
-1 293 115 119
87 87 115 119
275 275 261 262
277 277 263 264
276 276 275 277
278 278 265 266
280 280 267 182
279 279 278 280
281 281 268 292
-1 292 290 291
-1 283 290 291
-1 226 288 289
285 285 286 287
290 290 279 285
282 282 281 284
291 291 282 276
284 284 269 270
286 286 271 272
287 287 273 274
288 288 -1 293
-1 289 288 87
