55 55 -1 83
83 83 -1 109
56 56 -1 84
84 84 -1 109
109 109 134 135
57 57 -1 83
58 58 -1 84
134 134 164 165
135 135 166 167
59 59 -1 85
85 85 110 111
60 60 -1 85
110 110 -1 134
111 111 -1 135
61 61 86 87
86 86 -1 110
87 87 -1 111
62 62 86 87
164 164 140 142
165 165 144 146
166 166 148 150
167 167 152 154
112 112 136 137
136 136 -1 164
137 137 -1 165
140 140 186 188
142 142 172 190
113 113 140 142
144 144 192 194
146 146 196 198
114 114 144 146
115 115 138 139
138 138 -1 166
139 139 -1 167
148 148 168 170
150 150 174 176
116 116 148 150
152 152 178 180
154 154 182 184
117 117 152 154
63 63 -1 88
88 88 112 115
64 64 -1 88
65 65 89 90
89 89 -1 112
90 90 -1 115
66 66 89 90
91 91 118 119
118 118 -1 136
119 119 -1 137
92 92 118 119
93 93 120 121
120 120 -1 138
121 121 -1 139
94 94 120 121
67 67 91 93
68 68 91 93
69 69 92 94
70 70 92 94
95 95 113 114
186 186 210 229
188 188 230 231
141 141 186 188
172 172 201 209
190 190 227 228
143 143 172 190
192 192 219 220
194 194 221 222
145 145 192 194
196 196 223 224
198 198 225 226
147 147 196 198
-1 273 113 116
-1 274 114 117
71 71 95 96
96 96 116 117
168 168 202 200
170 170 203 204
149 149 168 170
174 174 205 206
176 176 207 208
151 151 174 176
178 178 211 212
180 180 213 214
153 153 178 180
182 182 215 216
184 184 217 218
155 155 182 184
200 200 149 151
122 122 149 151
202 202 153 155
169 169 202 200
203 203 141 143
204 204 145 147
171 171 203 204
156 156 169 171
201 201 169 171
123 123 153 155
124 124 141 143
125 125 145 147
126 126 156 157
157 157 177 175
127 127 156 157
209 209 177 175
173 173 201 209
97 97 122 123
98 98 122 123
205 205 235 236
206 206 233 234
175 175 206 205
207 207 239 240
208 208 237 238
177 177 208 207
99 99 126 128
128 128 159 160
100 100 126 128
101 101 127 129
129 129 159 160
102 102 127 129
158 158 173 191
191 191 227 228
210 210 173 191
72 72 97 103
103 103 124 125
73 73 97 103
74 74 98 104
104 104 124 125
75 75 98 104
211 211 243 244
212 212 241 242
179 179 212 211
213 213 247 248
214 214 245 246
181 181 214 213
215 215 269 270
216 216 249 250
183 183 216 215
217 217 253 254
218 218 251 252
185 185 218 217
229 229 187 189
187 187 210 229
230 230 197 199
231 231 193 195
189 189 230 231
227 227 183 185
228 228 179 181
219 219 257 258
220 220 255 256
193 193 220 219
221 221 261 262
222 222 259 260
195 195 222 221
223 223 265 266
224 224 263 264
197 197 224 223
225 225 -1 232
226 226 267 268
199 199 226 225
76 76 99 105
105 105 130 132
77 77 99 105
78 78 100 106
106 106 130 132
79 79 100 106
159 159 183 185
160 160 179 181
80 80 101 107
107 107 131 133
81 81 101 107
-1 275 102 108
108 108 131 133
82 82 102 108
130 130 158 161
161 161 187 189
131 131 158 161
-1 269 95 273
-1 270 96 274
162 162 197 199
163 163 193 195
132 132 163 162
133 133 163 162
-1 232 271 272
271 271 -1 275
-1 272 271 82
