55 55 -1 83
83 83 109 110
56 56 -1 83
109 109 133 134
110 110 135 136
57 57 84 85
84 84 -1 109
85 85 -1 110
58 58 84 85
133 133 137 139
134 134 141 143
135 135 145 147
136 136 149 151
86 86 111 112
111 111 -1 133
112 112 -1 134
87 87 111 112
137 137 165 166
139 139 167 168
113 113 137 139
141 141 169 170
143 143 171 172
114 114 141 143
88 88 115 116
115 115 -1 135
116 116 -1 136
89 89 115 116
145 145 173 174
147 147 175 176
117 117 145 147
149 149 177 178
151 151 179 180
118 118 149 151
59 59 86 88
60 60 86 88
61 61 87 89
62 62 87 89
90 90 113 114
91 91 113 114
165 165 221 220
166 166 222 223
138 138 165 166
167 167 224 225
168 168 226 227
140 140 167 168
169 169 197 198
170 170 199 200
142 142 169 170
171 171 201 202
172 172 203 204
144 144 171 172
63 63 90 92
92 92 117 118
64 64 90 92
65 65 91 93
93 93 117 118
66 66 91 93
173 173 205 206
174 174 207 208
146 146 173 174
175 175 209 210
176 176 211 212
148 148 175 176
177 177 213 214
178 178 215 216
150 150 177 178
179 179 217 228
180 180 218 219
152 152 179 180
119 119 138 140
120 120 138 140
221 221 183 184
220 220 181 182
181 181 221 220
222 222 187 188
223 223 185 186
182 182 222 223
224 224 191 192
225 225 189 190
183 183 224 225
226 226 195 196
227 227 193 194
184 184 226 227
94 94 119 121
121 121 142 144
95 95 119 121
96 96 120 122
122 122 142 144
97 97 120 122
197 197 233 234
198 198 231 232
185 185 198 197
199 199 237 238
200 200 235 236
186 186 200 199
201 201 241 242
202 202 239 240
187 187 202 201
203 203 245 246
204 204 243 244
188 188 204 203
123 123 146 148
124 124 146 148
205 205 249 250
206 206 247 248
189 189 206 205
207 207 253 254
208 208 251 252
190 190 208 207
209 209 257 258
210 210 255 256
191 191 210 209
211 211 261 262
212 212 259 260
192 192 212 211
98 98 123 125
125 125 150 152
99 99 123 125
100 100 124 126
126 126 150 152
101 101 124 126
213 213 265 266
214 214 263 264
193 193 214 213
215 215 269 270
216 216 267 268
194 194 216 215
217 217 271 272
-1 228 276 275
195 195 217 230
-1 230 276 281
218 218 -1 229
219 219 273 274
196 196 219 218
67 67 94 98
68 68 94 98
69 69 95 99
70 70 95 99
71 71 96 100
72 72 96 100
73 73 97 101
74 74 97 101
157 157 181 182
158 158 183 184
159 159 187 188
160 160 185 186
153 153 157 158
285 285 157 158
161 161 191 192
162 162 189 190
163 163 195 196
164 164 193 194
154 154 160 159
286 286 160 159
155 155 162 161
287 287 162 161
156 156 164 163
288 288 164 163
276 276 278 279
-1 275 282 283
-1 281 282 283
-1 229 277 280
75 75 -1 102
102 102 127 128
76 76 -1 102
127 127 155 156
128 128 153 154
77 77 103 104
103 103 -1 127
104 104 -1 128
78 78 103 104
105 105 129 130
129 129 -1 155
130 130 -1 156
106 106 129 130
107 107 131 132
131 131 -1 153
132 132 -1 154
108 108 131 132
79 79 105 107
80 80 105 107
81 81 106 108
82 82 106 108
282 282 287 288
278 278 287 288
283 283 285 286
279 279 285 286
-1 284 278 279
277 277 -1 284
-1 280 277 81
