56 56 -1 84
84 84 -1 105
57 57 -1 85
85 85 -1 105
105 105 120 121
58 58 -1 84
59 59 -1 85
120 120 132 134
121 121 138 136
60 60 -1 86
86 86 106 107
61 61 -1 86
106 106 -1 120
107 107 -1 121
62 62 87 88
87 87 -1 106
88 88 -1 107
63 63 87 88
132 132 140 141
134 134 142 143
138 138 144 145
136 136 -1 146
108 108 122 123
122 122 -1 132
123 123 -1 134
140 140 151 152
141 141 149 150
133 133 141 140
142 142 155 156
143 143 153 154
135 135 143 142
109 109 124 125
124 124 -1 137
125 125 -1 138
137 137 -1 147
-1 146 162 160
-1 147 163 161
144 144 159 148
145 145 157 158
139 139 145 144
64 64 -1 89
89 89 108 109
65 65 -1 89
66 66 90 91
90 90 -1 108
91 91 -1 109
67 67 90 91
92 92 110 111
110 110 -1 122
111 111 -1 123
93 93 110 111
94 94 112 113
112 112 -1 124
113 113 -1 125
95 95 112 113
68 68 92 94
69 69 92 94
70 70 93 95
71 71 93 95
126 126 133 135
114 114 127 128
127 127 -1 133
128 128 -1 135
129 129 139 136
-1 162 167 160
160 160 -1 166
-1 163 167 161
161 161 -1 166
-1 148 164 165
115 115 130 131
130 130 -1 139
131 131 -1 137
72 72 -1 96
96 96 116 117
73 73 -1 96
116 116 -1 126
117 117 -1 129
74 74 97 98
97 97 -1 116
98 98 -1 117
75 75 97 98
76 76 -1 99
99 99 118 119
77 77 -1 99
118 118 -1 126
119 119 -1 129
78 78 100 101
100 100 -1 118
101 101 -1 119
79 79 100 101
80 80 -1 102
102 102 115 114
81 81 -1 102
82 82 103 104
103 103 -1 115
104 104 -1 114
83 83 103 104
168 168 -1 130
164 164 -1 131
169 169 -1 127
165 165 -1 128
-1 170 168 169
-1 171 164 165
166 166 170 171
167 167 168 169
