56 56 -1 87
87 87 -1 116
57 57 -1 88
88 88 -1 116
-1 114 56 87
-1 115 57 88
116 116 139 140
139 139 155 157
140 140 159 161
58 58 -1 89
89 89 117 118
59 59 -1 89
-1 137 58 117
117 117 -1 139
-1 138 59 118
118 118 -1 140
90 90 -1 114
91 91 -1 115
119 119 -1 137
120 120 -1 138
155 155 169 170
-1 157 174 176
159 159 171 178
161 161 172 173
121 121 141 142
141 141 -1 155
142 142 -1 158
-1 158 174 176
169 169 182 183
170 170 180 181
156 156 170 169
174 174 195 196
176 176 193 194
122 122 143 144
143 143 -1 159
144 144 -1 161
171 171 184 185
-1 178 192 190
160 160 171 179
-1 179 192 191
172 172 188 189
173 173 186 187
162 162 173 172
60 60 -1 92
92 92 121 122
61 61 -1 92
-1 163 141 60
-1 164 142 61
93 93 -1 121
94 94 -1 122
62 62 93 94
-1 165 143 93
-1 166 144 94
145 145 -1 163
146 146 -1 164
147 147 -1 165
148 148 -1 166
63 63 -1 90
64 64 -1 91
190 190 -1 90
191 191 -1 91
65 65 95 96
95 95 -1 119
96 96 -1 120
66 66 95 96
197 197 -1 119
198 198 -1 120
192 192 197 198
97 97 123 124
123 123 -1 145
124 124 -1 146
98 98 123 124
193 193 199 200
199 199 -1 145
200 200 -1 146
99 99 125 126
125 125 -1 147
126 126 -1 148
100 100 125 126
194 194 201 202
201 201 -1 147
202 202 -1 148
149 149 156 167
-1 167 175 177
195 195 203 204
196 196 205 206
175 175 196 195
177 177 193 194
127 127 150 151
150 150 -1 156
151 151 -1 168
-1 168 175 177
152 152 160 162
128 128 153 154
153 153 -1 160
154 154 -1 162
67 67 -1 101
101 101 129 130
68 68 -1 101
129 129 -1 149
130 130 -1 152
69 69 102 103
102 102 -1 129
103 103 -1 130
70 70 102 103
71 71 -1 104
104 104 131 132
72 72 -1 104
131 131 -1 149
132 132 -1 152
73 73 105 106
105 105 -1 131
106 106 -1 132
74 74 105 106
75 75 -1 107
107 107 128 127
76 76 -1 107
77 77 108 109
108 108 -1 128
109 109 -1 127
78 78 108 109
110 110 133 134
133 133 -1 153
134 134 -1 154
111 111 133 134
112 112 135 136
135 135 -1 150
136 136 -1 151
113 113 135 136
79 79 110 112
80 80 110 112
81 81 111 113
82 82 111 113
-1 203 190 199
-1 204 191 200
-1 205 197 201
-1 206 198 202
83 83 97 99
84 84 97 99
85 85 98 100
86 86 98 100
