56 56 -1 85
85 85 110 111
57 57 -1 85
110 110 130 132
111 111 134 136
58 58 86 87
86 86 -1 110
87 87 -1 111
59 59 86 87
130 130 140 141
132 132 142 143
134 134 144 145
136 136 146 147
88 88 112 113
112 112 -1 130
113 113 -1 132
89 89 112 113
140 140 150 151
141 141 148 149
131 131 141 140
142 142 154 155
143 143 152 153
133 133 143 142
90 90 114 115
114 114 -1 134
115 115 -1 136
91 91 114 115
144 144 158 159
145 145 156 157
135 135 145 144
146 146 162 163
147 147 160 161
137 137 147 146
60 60 88 90
61 61 88 90
62 62 89 91
63 63 89 91
92 92 116 117
116 116 -1 131
117 117 -1 133
93 93 116 117
138 138 118 119
118 118 -1 131
119 119 -1 133
94 94 118 119
95 95 120 121
120 120 -1 135
121 121 -1 137
96 96 120 121
139 139 122 123
122 122 -1 135
123 123 -1 137
97 97 122 123
64 64 92 95
65 65 92 95
66 66 93 96
67 67 93 96
124 124 -1 138
125 125 -1 139
126 126 -1 138
127 127 -1 139
68 68 94 97
69 69 94 97
70 70 98 99
98 98 -1 124
99 99 -1 125
71 71 98 99
72 72 100 101
100 100 -1 124
101 101 -1 125
73 73 100 101
74 74 -1 102
102 102 -1 128
75 75 -1 103
103 103 -1 129
128 128 106 107
129 129 79 80
76 76 -1 102
77 77 -1 103
104 104 -1 128
105 105 -1 129
106 106 -1 126
107 107 -1 127
78 78 106 107
79 79 -1 104
80 80 -1 105
81 81 108 109
108 108 -1 126
109 109 -1 127
82 82 108 109
83 83 -1 104
84 84 -1 105
