56 56 -1 90
90 90 -1 92
57 57 -1 91
91 91 -1 93
92 92 -1 121
93 93 -1 114
58 58 -1 90
59 59 -1 91
-1 114 89 88
60 60 -1 94
94 94 -1 96
61 61 -1 95
95 95 -1 97
96 96 -1 115
97 97 -1 116
62 62 -1 94
63 63 -1 95
-1 115 124 122
-1 116 125 123
64 64 -1 92
65 65 -1 93
66 66 -1 96
67 67 -1 97
-1 124 126 128
122 122 -1 108
-1 125 127 129
123 123 -1 109
108 108 -1 66
109 109 -1 67
126 126 -1 110
128 128 -1 112
127 127 -1 111
129 129 -1 113
68 68 -1 98
98 98 -1 100
69 69 -1 99
99 99 -1 101
100 100 -1 117
101 101 -1 118
70 70 -1 98
71 71 -1 99
-1 117 80 126
-1 118 81 127
72 72 -1 102
102 102 -1 104
73 73 -1 103
103 103 -1 105
104 104 -1 119
105 105 -1 120
74 74 -1 102
75 75 -1 103
-1 119 122 128
-1 120 123 129
76 76 -1 100
77 77 -1 101
80 80 -1 106
81 81 -1 107
78 78 -1 104
79 79 -1 105
106 106 -1 64
107 107 -1 65
110 110 -1 76
111 111 -1 77
112 112 -1 78
113 113 -1 79
82 82 -1 106
83 83 -1 107
84 84 -1 108
85 85 -1 109
86 86 -1 110
87 87 -1 111
88 88 -1 112
89 89 -1 113
