56 56 -1 88
88 88 -1 117
57 57 -1 89
89 89 -1 118
-1 115 56 88
-1 116 57 89
117 117 -1 138
118 118 -1 139
-1 138 150 152
-1 139 151 153
58 58 -1 90
90 90 -1 121
59 59 -1 91
91 91 -1 122
-1 119 58 90
-1 120 59 91
121 121 -1 140
122 122 -1 141
-1 140 154 156
-1 141 155 157
92 92 -1 115
93 93 -1 116
94 94 -1 119
95 95 -1 120
96 96 -1 117
97 97 -1 118
-1 150 152 170
152 152 -1 103
-1 151 153 171
153 153 -1 104
98 98 -1 121
99 99 -1 122
-1 154 156 172
156 156 -1 169
-1 155 157 173
157 157 -1 169
170 170 -1 92
171 171 -1 93
103 103 -1 123
104 104 -1 124
172 172 -1 94
173 173 -1 95
169 169 128 129
60 60 -1 100
100 100 -1 125
61 61 -1 101
101 101 -1 125
-1 123 60 100
-1 124 61 101
125 125 144 145
144 144 158 161
145 145 159 160
62 62 -1 102
102 102 126 127
63 63 -1 102
-1 142 62 126
126 126 -1 144
-1 143 63 127
127 127 -1 145
128 128 -1 142
129 129 -1 143
158 158 163 164
-1 161 170 172
159 159 167 168
160 160 165 166
146 146 -1 158
147 147 -1 162
-1 162 171 173
148 148 -1 160
149 149 -1 159
64 64 -1 92
65 65 -1 93
66 66 -1 94
67 67 -1 95
68 68 -1 103
69 69 -1 104
70 70 105 106
105 105 -1 128
106 106 -1 129
71 71 105 106
72 72 -1 96
73 73 -1 97
74 74 -1 96
75 75 -1 97
76 76 -1 98
77 77 -1 99
78 78 -1 98
79 79 -1 99
107 107 130 131
130 130 -1 148
131 131 -1 149
108 108 130 131
109 109 132 133
132 132 -1 148
133 133 -1 149
110 110 132 133
111 111 134 135
134 134 -1 146
135 135 -1 147
112 112 134 135
113 113 136 137
136 136 -1 146
137 137 -1 147
114 114 136 137
80 80 107 111
81 81 107 111
82 82 108 112
83 83 108 112
84 84 109 113
85 85 109 113
86 86 110 114
87 87 110 114
