56 56 -1 88
88 88 -1 60
57 57 -1 89
89 89 -1 61
60 60 -1 92
61 61 -1 93
58 58 -1 88
59 59 -1 89
92 92 -1 104
93 93 -1 104
62 62 -1 90
90 90 -1 66
63 63 -1 91
91 91 -1 67
66 66 -1 94
67 67 -1 95
64 64 -1 90
65 65 -1 91
94 94 -1 105
95 95 -1 105
104 104 108 110
105 105 108 110
68 68 -1 92
69 69 -1 93
108 108 112 113
110 110 114 115
70 70 -1 94
71 71 -1 95
72 72 -1 96
96 96 -1 76
73 73 -1 97
97 97 -1 77
76 76 -1 100
77 77 -1 101
74 74 -1 96
75 75 -1 97
100 100 -1 106
101 101 -1 106
78 78 -1 98
98 98 -1 82
79 79 -1 99
99 99 -1 83
82 82 -1 102
83 83 -1 103
80 80 -1 98
81 81 -1 99
102 102 -1 107
103 103 -1 107
106 106 111 109
107 107 111 109
84 84 -1 100
85 85 -1 101
111 111 115 114
109 109 113 112
86 86 -1 102
87 87 -1 103
112 112 118 119
113 113 116 117
114 114 122 123
115 115 120 121
