57 57 -1 86
86 86 -1 111
58 58 -1 87
87 87 -1 111
111 111 132 133
59 59 -1 86
60 60 -1 87
132 132 148 149
133 133 150 138
61 61 -1 88
88 88 112 113
62 62 -1 88
112 112 -1 132
113 113 -1 133
63 63 89 90
89 89 -1 112
90 90 -1 113
64 64 89 90
148 148 171 174
149 149 170 177
150 150 178 181
138 138 -1 157
114 114 134 135
134 134 -1 148
135 135 -1 149
171 171 172 173
174 174 175 176
167 167 171 174
170 170 167 168
177 177 169 159
168 168 170 177
115 115 136 137
136 136 -1 150
137 137 -1 139
139 139 -1 158
178 178 179 180
181 181 182 183
169 169 178 181
-1 157 186 187
-1 158 186 188
65 65 -1 91
91 91 114 115
66 66 -1 91
67 67 92 93
92 92 -1 114
93 93 -1 115
68 68 92 93
94 94 116 117
116 116 -1 134
117 117 -1 135
95 95 116 117
96 96 118 119
118 118 -1 136
119 119 -1 137
97 97 118 119
69 69 94 96
70 70 94 96
71 71 95 97
72 72 95 97
151 151 167 168
172 172 196 197
173 173 194 195
152 152 173 172
175 175 192 193
176 176 190 191
153 153 176 175
159 159 -1 184
154 154 169 160
160 160 -1 185
140 140 151 154
179 179 204 189
180 180 202 203
155 155 180 179
182 182 200 201
183 183 198 199
156 156 183 182
120 120 144 138
144 144 156 155
186 186 205 206
187 187 -1 208
188 188 -1 208
-1 184 207 209
-1 185 207 210
141 141 -1 159
142 142 -1 160
207 207 206 205
209 209 -1 214
210 210 -1 214
73 73 -1 98
98 98 121 120
74 74 -1 98
121 121 143 140
75 75 99 100
99 99 -1 121
100 100 -1 120
76 76 99 100
143 143 153 152
101 101 122 123
122 122 -1 143
123 123 -1 140
102 102 122 123
103 103 124 125
124 124 -1 144
125 125 -1 139
104 104 124 125
77 77 101 103
78 78 101 103
79 79 102 104
80 80 102 104
145 145 161 162
161 161 -1 153
162 162 -1 152
146 146 163 164
163 163 -1 151
164 164 -1 154
147 147 165 166
165 165 -1 156
166 166 -1 155
126 126 145 146
105 105 127 128
127 127 -1 145
128 128 -1 146
-1 212 161 165
-1 213 162 166
-1 219 141 163
-1 220 142 164
129 129 147 141
106 106 130 131
130 130 -1 147
131 131 -1 142
-1 189 85 211
205 205 215 216
206 206 217 218
208 208 212 213
214 214 219 220
81 81 107 108
107 107 -1 126
108 108 -1 129
82 82 107 108
83 83 109 110
109 109 -1 126
110 110 -1 129
84 84 109 110
-1 211 105 106
85 85 105 106
-1 215 127 187
-1 216 128 188
-1 217 130 209
-1 218 131 210
