0 0 -1 2
0 0 -1 3
0 0 11 10
0 0 15 14
0 0 45 44
0 0 47 46
0 0 53 52
0 0 55 54
0 0 111 110
0 0 113 112
0 0 115 114
0 0 117 116
0 0 123 122
0 0 125 124
0 0 127 126
0 0 129 128
0 0 -1 242
0 0 -1 243
0 0 251 250
0 0 255 254
0 0 275 274
0 0 277 276
0 0 283 282
0 0 285 284
0 0 301 300
0 0 303 302
0 0 309 308
0 0 311 310
369 0 315 314
3 2 9 8
14 10 -1 12
15 11 -1 13
46 44 25 24
54 52 29 28
47 45 35 34
55 53 39 38
112 110 107 106
116 114 109 108
124 122 119 118
128 126 121 120
113 111 179 178
117 115 181 180
125 123 185 184
129 127 187 186
243 242 249 248
254 250 -1 252
255 251 -1 253
276 274 261 260
284 282 265 264
277 275 267 266
285 283 271 270
302 300 297 296
310 308 305 304
314 312 307 306
303 301 317 316
311 309 321 320
315 313 323 322
12 8 17 16
13 9 19 18
28 24 -1 26
29 25 -1 27
38 34 -1 36
39 35 -1 37
108 106 61 60
120 118 65 64
109 107 75 74
121 119 79 78
180 178 89 88
186 184 93 92
252 248 149 148
298 296 151 150
306 304 155 154
299 297 173 172
307 305 177 176
185 179 -1 182
187 181 -1 183
253 249 215 214
316 193 217 216
322 320 221 220
264 260 -1 262
265 261 -1 263
270 266 -1 268
271 267 -1 269
321 317 -1 318
323 195 -1 319
26 16 31 30
27 17 33 32
36 18 41 40
101 19 -1 42
103 37 -1 43
64 60 -1 62
65 61 -1 63
78 74 -1 76
79 75 -1 77
92 88 -1 90
93 89 -1 91
262 148 131 130
154 150 -1 152
155 151 -1 153
263 149 157 156
176 172 -1 174
177 173 -1 175
183 182 189 188
268 214 197 196
220 216 -1 218
221 217 -1 219
290 215 -1 272
292 269 -1 273
319 318 325 324
62 30 67 66
152 130 69 68
63 31 71 70
153 131 73 72
76 32 81 80
174 156 83 82
77 33 85 84
175 157 87 86
90 40 95 94
218 196 97 96
207 41 -1 98
209 91 -1 99
43 42 105 104
197 85 -1 170
219 87 -1 171
192 188 -1 190
194 189 -1 191
273 272 295 294
328 324 -1 326
329 325 -1 327
68 66 133 132
69 67 137 136
72 70 141 140
73 71 145 144
82 80 159 158
83 81 163 162
86 84 167 166
96 94 199 198
97 95 203 202
191 105 207 206
327 295 209 208
99 98 211 210
171 170 213 212
190 104 223 222
326 294 225 224
135 132 368 1
134 133 1 1
165 163 135 134
139 136 1 1
138 137 1 1
164 162 139 138
143 140 1 1
142 141 1 1
161 159 143 142
147 144 1 1
146 145 1 1
160 158 147 146
224 222 161 160
225 223 165 164
208 206 169 168
201 198 1 1
200 199 1 1
169 167 201 200
205 202 1 1
204 203 1 1
168 166 205 204
-1 210 291 290
-1 212 293 292
-1 211 331 330
-1 213 333 332
-1 368 370 369
-1 291 101 100
-1 293 103 102
333 331 329 328
332 330 339 338
-1 370 313 312
-1 338 193 192
-1 339 195 194
102 100 299 298
