57 57 -1 93
93 93 -1 124
58 58 -1 94
94 94 -1 125
-1 122 57 93
-1 123 58 94
-1 124 61 101
-1 125 62 102
61 61 -1 101
101 101 -1 130
62 62 -1 102
102 102 -1 130
59 59 -1 95
95 95 -1 128
60 60 -1 96
96 96 -1 129
-1 126 59 95
-1 127 60 96
-1 128 63 103
-1 129 64 104
63 63 -1 103
103 103 -1 131
64 64 -1 104
104 104 -1 131
97 97 -1 122
98 98 -1 123
99 99 -1 126
100 100 -1 127
130 130 154 155
131 131 154 155
154 154 132 134
155 155 136 138
132 132 156 157
134 134 158 159
105 105 132 134
136 136 160 161
138 138 162 163
106 106 136 138
65 65 105 106
66 66 105 106
156 156 181 182
157 157 184 185
133 133 156 157
158 158 187 188
159 159 190 191
135 135 158 159
160 160 193 194
161 161 196 197
137 137 160 161
162 162 199 200
163 163 202 203
139 139 162 163
67 67 -1 97
68 68 -1 98
69 69 -1 97
70 70 -1 98
71 71 -1 99
72 72 -1 100
73 73 -1 99
74 74 -1 100
107 107 133 135
108 108 133 135
181 181 214 215
182 182 212 213
183 183 182 181
184 184 218 219
185 185 216 217
186 186 185 184
187 187 222 223
188 188 220 221
189 189 188 187
190 190 226 227
191 191 224 225
192 192 191 190
75 75 107 109
109 109 137 139
76 76 107 109
77 77 108 110
110 110 137 139
78 78 108 110
193 193 230 231
194 194 228 229
195 195 194 193
196 196 234 235
197 197 232 233
198 198 197 196
199 199 238 239
200 200 236 237
201 201 200 199
202 202 -1 211
203 203 240 241
204 204 203 202
79 79 -1 111
111 111 -1 140
80 80 -1 112
112 112 -1 140
140 140 164 165
81 81 -1 111
82 82 -1 112
164 164 143 144
165 165 145 146
83 83 -1 113
113 113 141 142
84 84 -1 113
141 141 -1 164
142 142 -1 165
85 85 114 115
114 114 -1 141
115 115 -1 142
86 86 114 115
143 143 168 169
144 144 170 172
116 116 143 144
145 145 176 178
146 146 167 174
117 117 145 146
87 87 116 117
88 88 116 117
168 168 150 149
169 169 151 91
205 205 168 169
170 170 189 192
172 172 183 186
206 206 170 172
176 176 201 204
178 178 195 198
207 207 176 178
167 167 205 206
174 174 207 208
208 208 167 174
-1 147 69 152
152 152 -1 180
-1 148 70 153
153 153 -1 180
-1 252 73 254
254 254 -1 210
-1 253 74 255
255 255 -1 209
166 166 205 206
150 150 177 179
149 149 166 175
118 118 150 149
151 151 171 173
91 91 -1 120
119 119 151 92
92 92 -1 121
171 171 189 192
173 173 183 186
175 175 207 208
177 177 201 204
179 179 195 198
89 89 118 119
90 90 118 119
-1 120 147 152
-1 121 148 153
-1 242 177 247
247 247 -1 250
-1 243 179 248
248 248 -1 251
-1 244 166 171
-1 245 175 173
-1 211 246 249
180 180 209 210
-1 250 252 254
-1 251 253 255
210 210 244 245
209 209 242 243
246 246 248 247
-1 249 246 77
