57 57 86 88
86 86 116 118
88 88 120 122
58 58 86 88
116 116 148 150
118 118 152 154
87 87 116 118
120 120 156 158
122 122 160 162
89 89 120 122
59 59 87 89
60 60 87 89
148 148 187 189
150 150 191 193
117 117 148 150
152 152 195 197
154 154 199 201
119 119 152 154
156 156 203 205
158 158 -1 207
121 121 156 159
159 159 -1 208
160 160 211 213
162 162 215 217
123 123 160 162
90 90 117 119
91 91 117 119
187 187 219 220
189 189 221 222
149 149 187 189
191 191 223 224
193 193 225 226
151 151 191 193
195 195 227 228
197 197 229 230
153 153 195 197
199 199 231 232
201 201 233 234
155 155 199 201
61 61 90 92
92 92 121 123
62 62 90 92
63 63 91 93
93 93 121 123
64 64 91 93
203 203 235 236
205 205 237 238
157 157 203 205
-1 207 248 250
-1 208 248 250
211 211 240 241
213 213 242 243
161 161 211 213
215 215 244 245
217 217 246 247
163 163 215 217
124 124 149 151
219 219 255 256
220 220 253 254
188 188 220 219
221 221 259 260
222 222 257 258
190 190 222 221
223 223 263 264
224 224 261 262
192 192 224 223
225 225 267 268
226 226 265 266
194 194 226 225
94 94 124 125
125 125 153 155
-1 322 149 157
-1 323 151 209
209 209 -1 239
227 227 271 272
228 228 269 270
196 196 228 227
229 229 275 276
230 230 273 274
198 198 230 229
231 231 279 280
232 232 277 278
200 200 232 231
233 233 283 284
234 234 281 282
202 202 234 233
-1 324 153 161
-1 325 155 163
126 126 157 164
164 164 -1 210
235 235 287 288
236 236 285 286
204 204 236 235
237 237 291 292
238 238 289 290
206 206 238 237
127 127 173 158
173 173 204 206
128 128 173 159
248 248 307 308
250 250 309 310
95 95 126 130
130 130 161 163
-1 210 249 251
-1 239 249 251
129 129 174 164
174 174 204 206
249 249 308 307
251 251 311 312
240 240 295 296
241 241 293 294
212 212 241 240
242 242 299 300
243 243 297 298
214 214 243 242
244 244 303 304
245 245 301 302
216 216 245 244
246 246 -1 252
247 247 305 306
218 218 247 246
65 65 94 95
66 66 94 95
-1 315 124 309
309 309 -1 317
-1 316 125 310
310 310 -1 318
165 165 188 190
166 166 188 190
131 131 165 167
167 167 192 194
132 132 165 167
133 133 166 168
168 168 192 194
169 169 196 198
170 170 196 198
134 134 169 171
171 171 200 202
135 135 169 171
136 136 170 172
172 172 200 202
317 317 322 323
318 318 324 325
-1 319 126 311
311 311 -1 318
-1 320 130 312
312 312 -1 317
307 307 315 316
308 308 319 320
175 175 212 214
176 176 212 214
137 137 175 177
177 177 216 218
138 138 175 177
139 139 176 178
178 178 216 218
-1 252 313 314
67 67 96 98
96 96 131 137
98 98 134 127
68 68 96 98
97 97 131 137
99 99 134 127
69 69 97 99
70 70 97 99
100 100 132 138
101 101 132 138
71 71 100 102
102 102 135 128
72 72 100 102
73 73 101 103
103 103 135 128
74 74 101 103
104 104 133 139
105 105 133 139
140 140 179 180
179 179 -1 166
180 180 -1 168
141 141 179 180
142 142 181 182
181 181 -1 176
182 182 -1 178
143 143 181 182
106 106 136 129
107 107 136 129
144 144 183 184
183 183 -1 170
184 184 -1 172
145 145 183 184
146 146 185 186
185 185 -1 174
186 186 -1 209
147 147 185 186
75 75 104 106
76 76 104 106
77 77 105 107
78 78 105 107
108 108 140 142
109 109 140 142
79 79 108 112
112 112 144 146
80 80 108 112
81 81 109 113
113 113 144 146
82 82 109 113
110 110 141 143
111 111 141 143
83 83 110 114
114 114 145 147
84 84 110 114
-1 321 111 115
115 115 145 147
85 85 111 115
313 313 -1 321
-1 314 313 85
