57 57 -1 86
86 86 115 116
58 58 -1 86
115 115 145 146
116 116 147 148
59 59 87 88
87 87 -1 115
88 88 -1 116
60 60 87 88
145 145 149 151
146 146 153 155
147 147 157 159
148 148 161 163
89 89 117 118
117 117 -1 145
118 118 -1 146
90 90 117 118
149 149 181 183
151 151 185 187
119 119 149 151
153 153 191 189
155 155 193 195
120 120 153 155
91 91 121 122
121 121 -1 147
122 122 -1 148
92 92 121 122
157 157 197 199
159 159 201 203
123 123 157 159
161 161 205 207
163 163 209 211
124 124 161 163
61 61 89 91
62 62 89 91
63 63 90 92
64 64 90 92
93 93 119 120
94 94 119 120
181 181 214 215
183 183 216 217
150 150 181 183
185 185 218 219
187 187 220 221
152 152 185 187
191 191 227 236
189 189 213 222
154 154 191 189
193 193 223 224
195 195 225 226
156 156 193 195
65 65 93 95
95 95 123 124
66 66 93 95
67 67 94 96
96 96 123 124
68 68 94 96
197 197 228 229
199 199 230 231
158 158 197 199
201 201 232 233
203 203 234 235
160 160 201 203
205 205 237 244
207 207 238 239
162 162 205 207
209 209 240 241
211 211 242 243
164 164 209 211
213 213 150 152
125 125 150 152
214 214 287 288
215 215 285 286
182 182 215 214
216 216 291 292
217 217 289 290
184 184 217 216
218 218 295 296
219 219 293 294
186 186 219 218
220 220 299 246
221 221 297 298
188 188 221 220
222 222 154 156
190 190 213 222
97 97 125 126
126 126 154 156
98 98 125 126
227 227 158 160
236 236 162 164
192 192 227 236
223 223 253 254
224 224 251 252
194 194 224 223
225 225 249 250
226 226 247 248
196 196 226 225
127 127 158 160
228 228 257 258
229 229 255 256
198 198 229 228
230 230 261 262
231 231 259 260
200 200 231 230
232 232 265 266
233 233 263 264
202 202 233 232
234 234 269 270
235 235 267 268
204 204 235 234
99 99 127 128
128 128 162 164
100 100 127 128
237 237 271 272
-1 244 300 301
206 206 237 245
-1 245 300 301
238 238 275 276
239 239 273 274
208 208 239 238
240 240 279 280
241 241 277 278
210 210 241 240
242 242 283 284
243 243 281 282
212 212 243 242
165 165 192 190
166 166 192 190
129 129 165 167
167 167 196 194
130 130 165 167
131 131 166 168
168 168 196 194
132 132 166 168
101 101 129 133
133 133 169 171
102 102 129 133
103 103 130 134
134 134 169 171
104 104 130 134
105 105 131 135
135 135 170 172
106 106 131 135
300 300 132 136
136 136 170 172
107 107 132 136
69 69 99 97
70 70 99 97
71 71 100 98
72 72 100 98
73 73 101 108
108 108 137 141
74 74 101 108
75 75 102 109
109 109 137 141
76 76 102 109
169 169 210 212
171 171 206 208
170 170 210 212
172 172 206 208
77 77 103 110
110 110 138 142
78 78 103 110
79 79 104 111
111 111 138 142
80 80 104 111
81 81 105 112
112 112 139 143
82 82 105 112
83 83 106 113
113 113 139 143
84 84 106 113
301 301 140 144
-1 302 107 114
114 114 140 144
85 85 107 114
173 173 198 200
174 174 198 200
137 137 173 175
175 175 202 204
138 138 173 175
139 139 174 176
176 176 202 204
140 140 174 176
177 177 182 184
178 178 182 184
141 141 177 179
179 179 186 188
142 142 177 179
143 143 178 180
180 180 186 188
144 144 178 180
-1 246 85 302
