58 58 -1 87
87 87 -1 112
59 59 -1 88
88 88 -1 112
112 112 133 134
60 60 -1 87
61 61 -1 88
133 133 147 148
134 134 149 150
62 62 -1 89
89 89 113 114
63 63 -1 89
113 113 -1 133
114 114 -1 134
64 64 90 91
90 90 -1 113
91 91 -1 114
65 65 90 91
147 147 172 175
148 148 171 178
149 149 179 182
150 150 183 186
115 115 135 136
135 135 -1 147
136 136 -1 148
172 172 173 174
175 175 176 177
167 167 172 175
171 171 167 168
178 178 169 170
168 168 171 178
116 116 137 138
137 137 -1 149
138 138 -1 150
179 179 180 181
-1 182 217 218
169 169 179 212
-1 212 217 218
183 183 184 185
186 186 187 188
170 170 183 186
66 66 -1 92
92 92 115 116
67 67 -1 92
68 68 93 94
93 93 -1 115
94 94 -1 116
69 69 93 94
95 95 117 118
117 117 -1 135
118 118 -1 136
96 96 117 118
97 97 119 120
119 119 -1 137
120 120 -1 138
98 98 119 120
70 70 95 97
71 71 95 97
72 72 96 98
73 73 96 98
151 151 167 168
173 173 199 200
174 174 197 198
152 152 174 173
176 176 195 196
177 177 193 194
153 153 177 176
154 154 169 170
139 139 151 154
180 180 211 192
181 181 209 210
155 155 181 180
217 217 216 215
218 218 213 214
184 184 207 208
185 185 205 206
156 156 185 184
187 187 203 204
188 188 201 202
157 157 188 187
74 74 -1 99
99 99 121 122
75 75 -1 99
121 121 140 139
122 122 141 142
76 76 100 101
100 100 -1 121
101 101 -1 122
77 77 100 101
140 140 153 152
141 141 157 156
142 142 155 166
102 102 123 124
123 123 -1 140
124 124 -1 139
103 103 123 124
104 104 125 126
125 125 -1 141
126 126 -1 142
105 105 125 126
-1 166 190 191
78 78 102 104
79 79 102 104
80 80 103 105
81 81 103 105
143 143 158 159
158 158 -1 153
159 159 -1 152
144 144 160 161
160 160 -1 151
161 161 -1 154
145 145 162 163
162 162 -1 157
163 163 -1 156
146 146 164 165
164 164 -1 155
165 165 -1 189
-1 189 190 191
190 190 215 216
191 191 213 214
127 127 143 144
213 213 128 129
128 128 -1 143
129 129 -1 144
106 106 128 129
-1 219 158 162
-1 220 159 163
-1 221 160 164
-1 222 161 165
130 130 145 146
214 214 131 132
131 131 -1 145
132 132 -1 146
107 107 131 132
-1 192 106 107
215 215 219 220
216 216 221 222
82 82 108 109
108 108 -1 127
109 109 -1 130
83 83 108 109
84 84 110 111
110 110 -1 127
111 111 -1 130
85 85 110 111
86 86 106 107
