58 58 -1 87
87 87 -1 110
59 59 -1 88
88 88 -1 110
110 110 129 130
60 60 -1 87
61 61 -1 88
129 129 141 143
130 130 145 147
62 62 -1 89
89 89 111 112
63 63 -1 89
111 111 -1 129
112 112 -1 130
64 64 90 91
90 90 -1 111
91 91 -1 112
65 65 90 91
141 141 149 150
143 143 151 152
145 145 153 156
147 147 154 155
113 113 131 132
131 131 -1 141
132 132 -1 143
149 149 161 162
150 150 159 160
142 142 150 149
151 151 165 166
152 152 163 164
144 144 152 151
114 114 133 134
133 133 -1 145
134 134 -1 147
153 153 167 168
-1 156 172 173
146 146 153 157
-1 157 172 173
154 154 171 158
155 155 169 170
148 148 155 154
66 66 -1 92
92 92 113 114
67 67 -1 92
68 68 93 94
93 93 -1 113
94 94 -1 114
69 69 93 94
95 95 115 116
115 115 -1 131
116 116 -1 132
96 96 115 116
97 97 117 118
117 117 -1 133
118 118 -1 134
98 98 117 118
70 70 95 97
71 71 95 97
72 72 96 98
73 73 96 98
135 135 142 144
119 119 136 137
136 136 -1 142
137 137 -1 144
138 138 146 148
172 172 125 126
173 173 127 128
-1 158 108 109
120 120 139 140
139 139 -1 146
140 140 -1 148
74 74 -1 99
99 99 121 122
75 75 -1 99
121 121 -1 135
122 122 -1 138
76 76 100 101
100 100 -1 121
101 101 -1 122
77 77 100 101
78 78 -1 102
102 102 123 124
79 79 -1 102
123 123 -1 135
124 124 -1 138
80 80 103 104
103 103 -1 123
104 104 -1 124
81 81 103 104
82 82 -1 105
105 105 120 119
83 83 -1 105
84 84 106 107
106 106 -1 120
107 107 -1 119
85 85 106 107
125 125 -1 139
126 126 -1 140
108 108 125 126
127 127 -1 136
128 128 -1 137
109 109 127 128
86 86 108 109
