58 58 -1 87
87 87 112 113
59 59 -1 87
112 112 135 136
113 113 137 138
60 60 88 89
88 88 -1 112
89 89 -1 113
61 61 88 89
135 135 153 154
136 136 155 156
137 137 157 158
138 138 159 160
90 90 114 115
114 114 -1 135
115 115 -1 136
91 91 114 115
153 153 165 166
154 154 168 169
155 155 171 172
156 156 174 175
92 92 116 117
116 116 -1 137
117 117 -1 138
93 93 116 117
157 157 177 187
158 158 179 180
159 159 184 185
160 160 186 188
62 62 90 92
63 63 90 92
64 64 91 93
65 65 91 93
118 118 139 140
139 139 -1 153
140 140 -1 154
119 119 139 140
165 165 191 192
166 166 189 190
167 167 166 165
168 168 195 196
169 169 193 194
170 170 169 168
120 120 141 142
141 141 -1 155
142 142 -1 156
121 121 141 142
171 171 199 200
172 172 197 198
173 173 172 171
174 174 203 204
175 175 201 202
176 176 175 174
122 122 143 144
143 143 -1 157
144 144 -1 158
123 123 143 144
177 177 205 206
-1 187 212 211
178 178 177 213
-1 213 212 211
179 179 209 210
180 180 207 208
181 181 180 179
124 124 145 146
145 145 -1 159
146 146 -1 160
125 125 145 146
184 184 167 170
185 185 173 176
182 182 184 185
186 186 178 181
188 188 182 183
183 183 186 188
94 94 118 120
95 95 118 120
66 66 94 97
97 97 122 124
67 67 94 97
68 68 95 98
98 98 122 124
69 69 95 98
96 96 119 121
-1 214 119 123
-1 215 121 125
211 211 96 99
99 99 123 125
70 70 96 99
161 161 167 170
147 147 161 162
162 162 173 176
163 163 178 181
212 212 214 215
148 148 163 164
164 164 182 183
71 71 -1 100
100 100 -1 126
72 72 -1 101
101 101 -1 126
126 126 147 148
73 73 -1 100
74 74 -1 101
75 75 -1 102
102 102 127 128
76 76 -1 102
127 127 -1 147
128 128 -1 148
77 77 103 104
103 103 -1 127
104 104 -1 128
78 78 103 104
129 129 149 150
149 149 -1 161
150 150 -1 162
130 130 151 152
151 151 -1 163
152 152 -1 164
79 79 -1 105
105 105 129 130
80 80 -1 105
81 81 106 107
106 106 -1 129
107 107 -1 130
82 82 106 107
108 108 131 132
131 131 -1 149
132 132 -1 150
109 109 131 132
110 110 133 134
133 133 -1 151
134 134 -1 152
111 111 133 134
83 83 108 110
84 84 108 110
85 85 109 111
86 86 109 111
