0 0 -1 2
0 0 -1 3
0 0 11 10
0 0 15 14
0 0 45 44
0 0 47 46
0 0 53 52
0 0 55 54
0 0 113 112
0 0 115 114
0 0 117 116
0 0 119 118
0 0 125 124
0 0 127 126
0 0 129 128
0 0 131 130
0 0 -1 250
0 0 -1 251
0 0 259 258
0 0 263 262
0 0 283 282
0 0 285 284
0 0 291 290
0 0 293 292
0 0 305 304
0 0 307 306
0 0 317 316
0 0 319 318
0 0 323 322
3 2 9 8
14 10 -1 12
15 11 -1 13
46 44 25 24
54 52 29 28
47 45 35 34
55 53 39 38
114 112 109 108
118 116 111 110
126 124 121 120
130 128 123 122
115 113 183 182
119 117 185 184
127 125 189 188
131 129 191 190
251 250 257 256
262 258 -1 260
263 259 -1 261
284 282 269 268
292 290 273 272
285 283 275 274
293 291 279 278
306 304 301 300
318 316 313 312
322 320 315 314
307 305 325 324
319 317 335 334
323 321 337 336
12 8 17 16
13 9 19 18
28 24 -1 26
29 25 -1 27
38 34 -1 36
39 35 -1 37
110 108 61 60
122 120 65 64
111 109 75 74
123 121 79 78
184 182 89 88
190 188 93 92
260 256 151 150
302 300 153 152
314 312 157 156
303 301 177 176
315 313 181 180
189 183 -1 186
191 185 -1 187
261 257 219 218
326 324 221 220
336 334 225 224
272 268 -1 270
273 269 -1 271
278 274 -1 276
279 275 -1 277
335 325 -1 332
337 327 -1 333
26 16 31 30
27 17 33 32
36 18 41 40
102 19 -1 42
104 37 -1 43
64 60 -1 62
65 61 -1 63
78 74 -1 76
79 75 -1 77
92 88 -1 90
93 89 -1 91
270 150 133 132
156 152 -1 154
157 153 -1 155
271 151 159 158
180 176 -1 178
181 177 -1 179
187 186 193 192
276 218 201 200
224 220 -1 222
225 221 -1 223
219 103 -1 280
277 105 -1 281
333 332 339 338
62 30 67 66
154 132 69 68
63 31 71 70
155 133 73 72
76 32 81 80
178 158 83 82
77 33 85 84
179 159 87 86
90 40 95 94
222 200 97 96
91 41 99 98
223 201 101 100
43 42 107 106
196 192 -1 194
198 193 -1 195
281 280 299 298
338 197 -1 340
339 199 -1 341
68 66 135 134
69 67 139 138
72 70 143 142
73 71 147 146
82 80 161 160
83 81 165 164
86 84 169 168
87 85 173 172
96 94 203 202
97 95 207 206
100 98 211 210
101 99 215 214
194 106 227 226
340 298 229 228
195 107 231 230
341 299 233 232
137 134 381 1
136 135 1 1
167 165 137 136
141 138 1 1
140 139 1 1
166 164 141 140
145 142 1 1
144 143 1 1
163 161 145 144
149 146 1 1
148 147 1 1
162 160 149 148
228 226 163 162
229 227 167 166
232 230 171 170
233 231 175 174
175 173 205 204
209 206 1 1
208 207 1 1
174 172 209 208
213 210 1 1
212 211 1 1
171 169 213 212
217 214 1 1
216 215 1 1
170 168 217 216
-1 202 309 308
-1 203 329 328
-1 381 321 320
-1 309 103 102
310 308 303 302
-1 204 311 310
331 329 327 326
330 328 347 346
-1 205 331 330
-1 311 105 104
-1 346 197 196
-1 347 199 198
