58 58 -1 93
93 93 -1 127
59 59 -1 94
94 94 -1 128
-1 125 58 93
-1 126 59 94
-1 127 62 101
-1 128 63 102
62 62 -1 101
101 101 -1 133
63 63 -1 102
102 102 -1 133
60 60 -1 95
95 95 -1 131
61 61 -1 96
96 96 -1 132
-1 129 60 95
-1 130 61 96
-1 131 64 103
-1 132 65 104
64 64 -1 103
103 103 -1 134
65 65 -1 104
104 104 -1 134
97 97 -1 125
98 98 -1 126
99 99 -1 129
100 100 -1 130
133 133 155 156
134 134 155 156
155 155 177 178
156 156 179 180
177 177 161 163
178 178 165 167
179 179 169 171
180 180 173 175
157 157 -1 177
158 158 -1 178
161 161 183 184
163 163 185 186
135 135 161 163
165 165 187 188
167 167 189 190
136 136 165 167
159 159 -1 179
160 160 -1 180
169 169 191 181
171 171 192 193
137 137 169 171
173 173 194 195
175 175 196 197
138 138 173 175
66 66 -1 97
67 67 -1 98
68 68 -1 97
69 69 -1 98
70 70 -1 99
71 71 -1 100
72 72 -1 99
73 73 -1 100
105 105 139 140
139 139 -1 157
140 140 -1 158
106 106 139 140
107 107 141 142
141 141 -1 157
142 142 -1 158
108 108 141 142
109 109 143 144
143 143 -1 159
144 144 -1 160
110 110 143 144
111 111 145 146
145 145 -1 159
146 146 -1 160
112 112 145 146
113 113 135 136
114 114 135 136
183 183 198 199
184 184 200 201
162 162 183 184
185 185 202 203
186 186 204 205
164 164 185 186
187 187 206 207
188 188 208 209
166 166 187 188
189 189 210 211
190 190 212 213
168 168 189 190
74 74 113 115
115 115 137 138
75 75 113 115
76 76 114 116
116 116 137 138
77 77 114 116
191 191 214 215
-1 181 68 223
170 170 191 182
-1 182 69 224
192 192 220 227
193 193 217 225
172 172 192 193
194 194 222 226
195 195 216 218
174 174 194 195
196 196 219 221
197 197 228 229
176 176 196 197
78 78 105 109
79 79 105 109
80 80 106 110
81 81 106 110
82 82 107 111
83 83 107 111
84 84 108 112
85 85 108 112
-1 223 290 291
-1 224 290 291
-1 292 72 298
-1 298 299 300
-1 266 73 296
-1 296 299 300
147 147 162 164
148 148 162 164
198 198 233 234
199 199 231 232
267 267 199 198
200 200 237 238
201 201 235 236
268 268 201 200
202 202 241 242
203 203 239 240
269 269 203 202
204 204 245 246
205 205 243 244
270 270 205 204
117 117 147 149
149 149 166 168
118 118 147 149
119 119 148 150
150 150 166 168
120 120 148 150
206 206 249 250
207 207 247 248
271 271 207 206
208 208 253 254
209 209 251 252
272 272 209 208
210 210 257 258
211 211 255 256
273 273 211 210
212 212 261 262
213 213 259 260
274 274 213 212
151 151 170 172
152 152 170 172
214 214 265 230
215 215 263 264
275 275 215 214
220 220 284 285
227 227 288 289
276 276 220 227
217 217 282 283
225 225 286 287
277 277 217 225
121 121 151 153
153 153 174 176
122 122 151 153
123 123 152 154
154 154 174 176
124 124 152 154
222 222 275 266
226 226 276 277
278 278 222 226
216 216 267 268
218 218 269 270
279 279 216 218
219 219 271 272
221 221 273 274
280 280 219 221
228 228 278 279
229 229 280 281
281 281 228 229
86 86 117 121
87 87 117 121
88 88 118 122
89 89 118 122
90 90 119 123
91 91 119 123
-1 230 120 124
92 92 120 124
282 282 267 268
283 283 269 270
293 293 282 283
284 284 271 272
285 285 273 274
294 294 284 285
286 286 275 292
290 290 294 297
291 291 295 293
287 287 276 277
295 295 286 287
299 299 294 297
300 300 295 293
288 288 278 279
289 289 280 281
297 297 288 289
