58 58 -1 87
87 87 115 116
59 59 -1 87
115 115 143 144
116 116 145 146
60 60 88 89
88 88 -1 115
89 89 -1 116
61 61 88 89
143 143 147 149
144 144 151 153
145 145 155 157
146 146 159 161
90 90 117 118
117 117 -1 143
118 118 -1 144
91 91 117 118
147 147 175 177
149 149 179 181
119 119 147 149
151 151 183 185
153 153 187 189
120 120 151 153
92 92 121 122
121 121 -1 145
122 122 -1 146
93 93 121 122
155 155 191 193
157 157 195 197
123 123 155 157
159 159 199 201
161 161 203 205
124 124 159 161
62 62 90 92
63 63 90 92
64 64 91 93
65 65 91 93
94 94 119 120
95 95 119 120
175 175 231 230
177 177 232 233
148 148 175 177
179 179 234 235
181 181 236 237
150 150 179 181
183 183 207 208
185 185 209 210
152 152 183 185
187 187 211 212
189 189 213 214
154 154 187 189
66 66 94 96
96 96 123 124
67 67 94 96
68 68 95 97
97 97 123 124
69 69 95 97
191 191 215 216
193 193 217 218
156 156 191 193
195 195 219 220
197 197 221 222
158 158 195 197
199 199 223 224
201 201 225 226
160 160 199 201
203 203 227 238
205 205 228 229
162 162 203 205
125 125 148 150
126 126 148 150
231 231 180 182
230 230 176 178
176 176 231 230
232 232 188 190
233 233 184 186
178 178 232 233
234 234 196 198
235 235 192 194
180 180 234 235
236 236 204 206
237 237 200 202
182 182 236 237
98 98 125 127
127 127 152 154
99 99 125 127
100 100 126 128
128 128 152 154
101 101 126 128
207 207 242 243
208 208 240 241
184 184 208 207
209 209 246 247
210 210 244 245
186 186 210 209
211 211 250 251
212 212 248 249
188 188 212 211
213 213 254 255
214 214 252 253
190 190 214 213
129 129 156 158
130 130 156 158
215 215 258 259
216 216 256 257
192 192 216 215
217 217 262 263
218 218 260 261
194 194 218 217
219 219 266 267
220 220 264 265
196 196 220 219
221 221 270 271
222 222 268 269
198 198 222 221
102 102 129 131
131 131 160 162
103 103 129 131
104 104 130 132
132 132 160 162
105 105 130 132
223 223 274 275
224 224 272 273
200 200 224 223
225 225 278 279
226 226 276 277
202 202 226 225
227 227 280 281
-1 238 288 286
204 204 227 239
-1 239 288 287
228 228 284 285
229 229 282 283
206 206 229 228
70 70 98 102
71 71 98 102
72 72 99 103
73 73 99 103
74 74 100 104
75 75 100 104
76 76 101 105
77 77 101 105
163 163 176 178
164 164 180 182
165 165 188 190
166 166 184 186
167 167 163 164
133 133 163 164
168 168 196 198
169 169 192 194
170 170 204 206
171 171 200 202
172 172 166 165
134 134 166 165
173 173 169 168
135 135 169 168
174 174 171 170
136 136 171 170
288 288 113 114
-1 286 289 290
-1 287 289 290
78 78 -1 106
106 106 137 138
79 79 -1 106
137 137 173 174
138 138 167 172
80 80 107 108
107 107 -1 137
108 108 -1 138
81 81 107 108
109 109 139 140
139 139 -1 173
140 140 -1 174
110 110 139 140
111 111 141 142
141 141 -1 167
142 142 -1 172
112 112 141 142
82 82 109 111
83 83 109 111
84 84 110 112
85 85 110 112
289 289 135 136
113 113 135 136
290 290 133 134
114 114 133 134
86 86 113 114
