58 58 -1 87
87 87 115 116
59 59 -1 87
115 115 143 144
116 116 145 146
60 60 88 89
88 88 -1 115
89 89 -1 116
61 61 88 89
143 143 147 149
144 144 151 153
145 145 155 157
146 146 159 161
90 90 117 118
117 117 -1 143
118 118 -1 144
91 91 117 118
147 147 175 177
149 149 179 181
119 119 147 149
151 151 183 185
153 153 187 189
120 120 151 153
92 92 121 122
121 121 -1 145
122 122 -1 146
93 93 121 122
155 155 191 193
157 157 195 197
123 123 155 157
159 159 199 201
161 161 205 203
124 124 159 161
62 62 90 92
63 63 90 92
64 64 91 93
65 65 91 93
94 94 119 120
95 95 119 120
175 175 230 229
177 177 231 232
148 148 175 177
179 179 233 234
181 181 235 236
150 150 179 181
183 183 207 208
185 185 209 210
152 152 183 185
187 187 211 212
189 189 213 214
154 154 187 189
66 66 94 96
96 96 123 124
67 67 94 96
68 68 95 97
97 97 123 124
69 69 95 97
191 191 215 216
193 193 217 218
156 156 191 193
195 195 219 220
197 197 221 222
158 158 195 197
199 199 223 224
201 201 225 226
160 160 199 201
205 205 227 228
203 203 -1 237
162 162 205 204
204 204 -1 238
125 125 148 150
126 126 148 150
230 230 180 182
229 229 176 178
176 176 230 229
231 231 188 190
232 232 184 186
178 178 231 232
233 233 196 198
234 234 192 194
180 180 233 234
235 235 206 203
236 236 200 202
182 182 235 236
98 98 125 127
127 127 152 154
99 99 125 127
100 100 126 128
128 128 152 154
101 101 126 128
207 207 241 242
208 208 239 240
184 184 208 207
209 209 245 246
210 210 243 244
186 186 210 209
211 211 249 250
212 212 247 248
188 188 212 211
213 213 253 254
214 214 251 252
190 190 214 213
129 129 156 158
130 130 156 158
215 215 257 258
216 216 255 256
192 192 216 215
217 217 261 262
218 218 259 260
194 194 218 217
219 219 265 266
220 220 263 264
196 196 220 219
221 221 269 270
222 222 267 268
198 198 222 221
102 102 129 131
131 131 160 162
103 103 129 131
104 104 130 132
132 132 160 162
105 105 130 132
223 223 273 274
224 224 271 272
200 200 224 223
225 225 277 278
226 226 275 276
202 202 226 225
-1 237 285 283
-1 238 286 284
227 227 281 282
228 228 279 280
206 206 228 227
70 70 98 102
71 71 98 102
72 72 99 103
73 73 99 103
74 74 100 104
75 75 100 104
76 76 101 105
77 77 101 105
163 163 176 178
164 164 180 182
165 165 188 190
166 166 184 186
167 167 163 164
133 133 163 164
168 168 196 198
169 169 192 194
170 170 206 204
171 171 200 202
172 172 166 165
134 134 166 165
173 173 169 168
135 135 169 168
174 174 171 170
136 136 171 170
-1 285 287 283
283 283 -1 288
-1 286 287 284
284 284 -1 288
78 78 -1 106
106 106 137 138
79 79 -1 106
137 137 173 174
138 138 167 172
80 80 107 108
107 107 -1 137
108 108 -1 138
81 81 107 108
109 109 139 140
139 139 -1 173
140 140 -1 174
110 110 139 140
111 111 141 142
141 141 -1 167
142 142 -1 172
112 112 141 142
82 82 109 111
83 83 109 111
84 84 110 112
85 85 110 112
113 113 135 136
-1 289 135 133
-1 290 136 134
287 287 113 114
114 114 133 134
86 86 113 114
288 288 289 290
