0 0 3 2
0 0 5 4
0 0 19 18
0 0 21 20
0 0 27 26
0 0 29 28
0 0 43 42
0 0 45 44
0 0 51 50
0 0 53 52
0 0 67 66
0 0 69 68
0 0 75 74
0 0 77 76
0 0 91 90
0 0 93 92
0 0 99 98
0 0 101 100
0 0 115 114
0 0 117 116
0 0 123 122
0 0 125 124
0 0 139 138
0 0 141 140
0 0 147 146
0 0 149 148
0 0 163 162
0 0 165 164
0 0 173 172
4 2 11 10
21 19 13 12
5 3 15 14
20 18 17 16
28 26 35 34
45 43 37 36
29 27 39 38
44 42 41 40
52 50 59 58
69 67 61 60
53 51 63 62
68 66 65 64
76 74 83 82
93 91 85 84
77 75 87 86
92 90 89 88
100 98 107 106
117 115 109 108
101 99 111 110
116 114 113 112
124 122 131 130
141 139 133 132
125 123 135 134
140 138 137 136
148 146 155 154
165 163 157 156
149 147 159 158
164 162 161 160
172 170 177 176
173 171 179 178
12 10 181 180
36 34 183 182
13 11 185 184
37 35 187 186
16 14 189 188
40 38 191 190
17 15 193 192
41 39 195 194
64 62 229 228
88 86 231 230
60 58 249 248
84 82 251 250
61 59 329 328
85 83 331 330
65 63 349 348
89 87 351 350
108 106 409 408
132 130 411 410
109 107 413 412
133 131 415 414
112 110 417 416
136 134 419 418
113 111 421 420
137 135 423 422
160 158 425 424
403 178 427 426
156 154 429 428
402 176 431 430
157 155 433 432
404 177 435 434
161 159 437 436
405 179 439 438
182 180 197 196
230 228 199 198
183 181 201 200
231 229 203 202
186 184 205 204
250 248 207 206
187 185 209 208
251 249 211 210
190 188 213 212
330 328 215 214
191 189 217 216
331 329 219 218
194 192 221 220
350 348 223 222
195 193 225 224
351 349 227 226
423 421 269 268
439 437 271 270
422 420 277 276
438 436 279 278
418 416 285 284
434 432 287 286
414 412 293 292
430 428 295 294
419 417 301 300
435 433 303 302
410 408 309 308
426 424 311 310
411 409 321 320
427 425 323 322
415 413 385 384
431 429 387 386
198 196 233 232
270 268 235 234
199 197 237 236
278 276 239 238
202 200 241 240
286 284 243 242
203 201 245 244
294 292 247 246
206 204 253 252
302 300 255 254
207 205 257 256
310 308 259 258
210 208 261 260
295 293 263 262
211 209 265 264
322 320 267 266
214 212 333 332
323 321 335 334
215 213 337 336
271 269 339 338
218 216 341 340
287 285 343 342
219 217 345 344
279 277 347 346
222 220 353 352
386 384 355 354
223 221 357 356
311 309 359 358
226 224 361 360
387 385 363 362
227 225 365 364
303 301 367 366
235 232 1 1
234 233 1 1
239 236 1 1
238 237 1 1
243 240 1 1
242 241 1 1
247 244 1 1
246 245 1 1
255 252 1 1
254 253 1 1
259 256 1 1
258 257 1 1
263 260 1 1
262 261 1 1
267 264 1 1
266 265 1 1
335 332 1 1
334 333 1 1
339 336 1 1
338 337 1 1
343 340 1 1
342 341 1 1
347 344 1 1
346 345 1 1
355 352 1 1
354 353 1 1
359 356 1 1
358 357 1 1
363 360 1 1
362 361 1 1
367 364 407 406
366 365 401 1
-1 401 171 170
-1 406 403 402
-1 407 405 404
