58 58 -1 91
91 91 -1 120
59 59 -1 92
92 92 -1 120
-1 118 58 91
-1 119 59 92
120 120 143 144
143 143 159 161
144 144 165 163
60 60 -1 93
93 93 121 122
61 61 -1 93
-1 141 60 121
121 121 -1 143
-1 142 61 122
122 122 -1 144
94 94 -1 118
95 95 -1 119
123 123 -1 141
124 124 -1 142
159 159 172 173
-1 161 176 67
165 165 174 175
163 163 -1 179
125 125 145 146
145 145 -1 159
146 146 -1 162
-1 162 176 68
172 172 183 184
173 173 181 182
160 160 173 172
176 176 191 192
67 67 -1 94
68 68 -1 95
126 126 147 148
147 147 -1 164
148 148 -1 165
164 164 -1 180
-1 179 193 194
-1 180 193 195
174 174 187 188
175 175 185 186
166 166 175 174
62 62 -1 96
96 96 125 126
63 63 -1 96
-1 167 145 62
-1 168 146 63
97 97 -1 125
98 98 -1 126
64 64 97 98
-1 169 147 97
-1 170 148 98
149 149 -1 167
150 150 -1 168
151 151 -1 169
152 152 -1 170
65 65 -1 94
66 66 -1 95
69 69 99 100
99 99 -1 123
100 100 -1 124
70 70 99 100
189 189 -1 123
190 190 -1 124
101 101 127 128
127 127 -1 149
128 128 -1 150
102 102 127 128
191 191 196 197
196 196 -1 149
197 197 -1 150
103 103 129 130
129 129 -1 151
130 130 -1 152
104 104 129 130
192 192 198 199
198 198 -1 151
199 199 -1 152
153 153 171 160
171 171 177 178
131 131 154 155
154 154 -1 171
155 155 -1 160
-1 177 189 191
-1 178 190 192
156 156 166 163
193 193 200 201
194 194 -1 202
195 195 -1 202
132 132 157 158
157 157 -1 166
158 158 -1 164
71 71 -1 105
105 105 133 134
72 72 -1 105
133 133 -1 153
134 134 -1 156
73 73 106 107
106 106 -1 133
107 107 -1 134
74 74 106 107
75 75 -1 108
108 108 135 136
76 76 -1 108
135 135 -1 153
136 136 -1 156
77 77 109 110
109 109 -1 135
110 110 -1 136
78 78 109 110
79 79 -1 111
111 111 132 131
80 80 -1 111
81 81 112 113
112 112 -1 132
113 113 -1 131
82 82 112 113
114 114 137 138
137 137 -1 157
138 138 -1 158
115 115 137 138
116 116 139 140
139 139 -1 154
140 140 -1 155
117 117 139 140
83 83 114 116
84 84 114 116
85 85 115 117
86 86 115 117
-1 200 189 194
-1 201 190 195
87 87 101 103
88 88 101 103
89 89 102 104
90 90 102 104
-1 203 196 198
-1 204 197 199
202 202 203 204
