59 59 -1 61
61 61 -1 90
60 60 -1 62
62 62 -1 90
90 90 119 120
119 119 145 146
120 120 147 148
63 63 -1 91
91 91 92 93
64 64 -1 91
92 92 -1 119
93 93 -1 120
65 65 92 93
145 145 170 171
146 146 172 155
147 147 173 174
148 148 175 176
121 121 122 123
122 122 -1 145
123 123 -1 146
94 94 122 123
170 170 201 204
171 171 207 210
172 172 214 183
155 155 -1 185
124 124 125 126
125 125 -1 147
126 126 -1 148
95 95 125 126
173 173 219 222
174 174 225 228
175 175 200 213
176 176 218 231
66 66 -1 96
96 96 121 124
67 67 -1 96
68 68 97 98
97 97 -1 121
98 98 -1 124
69 69 97 98
70 70 94 95
71 71 94 95
149 149 150 151
150 150 -1 170
151 151 -1 171
127 127 150 151
201 201 202 203
204 204 205 206
193 193 201 204
207 207 208 209
210 210 211 212
194 194 207 210
152 152 153 154
153 153 -1 172
154 154 -1 156
156 156 -1 186
128 128 153 154
214 214 215 216
183 183 -1 232
195 195 214 272
272 272 -1 282
-1 185 233 234
-1 186 233 235
157 157 158 159
158 158 -1 173
159 159 -1 174
129 129 158 159
219 219 220 221
222 222 223 224
196 196 219 222
225 225 226 227
228 228 229 230
197 197 225 228
160 160 161 162
161 161 -1 175
162 162 -1 176
130 130 161 162
200 200 193 194
213 213 195 273
198 198 200 213
218 218 196 197
231 231 198 199
199 199 218 231
131 131 149 152
99 99 132 133
132 132 -1 149
133 133 -1 152
100 100 132 133
101 101 127 128
102 102 127 128
72 72 101 105
105 105 129 130
73 73 101 105
74 74 102 106
106 106 129 130
75 75 102 106
177 177 193 194
202 202 239 240
203 203 237 238
178 178 203 202
205 205 243 244
206 206 241 242
179 179 206 205
208 208 247 248
209 209 245 246
180 180 209 208
211 211 251 252
212 212 249 250
181 181 212 211
163 163 177 182
182 182 195 217
307 307 177 182
217 217 -1 274
273 273 -1 281
-1 232 275 278
-1 282 298 305
215 215 255 256
216 216 253 254
184 184 216 215
134 134 167 155
167 167 184 183
135 135 167 156
233 233 276 279
234 234 -1 277
235 235 -1 277
-1 274 283 284
-1 281 283 294
291 291 311 273
311 311 184 272
283 283 303 306
284 284 -1 304
294 294 -1 304
136 136 157 160
103 103 137 138
137 137 -1 157
138 138 -1 160
104 104 137 138
187 187 196 197
220 220 259 260
221 221 257 258
188 188 221 220
223 223 263 264
224 224 261 262
189 189 224 223
226 226 267 268
227 227 265 266
190 190 227 226
229 229 271 236
230 230 269 270
191 191 230 229
164 164 187 192
192 192 198 199
308 308 187 192
76 76 107 108
107 107 -1 131
108 108 -1 136
77 77 107 108
78 78 109 110
109 109 -1 131
110 110 -1 136
79 79 109 110
80 80 99 103
81 81 99 103
82 82 100 104
83 83 100 104
139 139 163 164
140 140 163 164
292 292 307 308
165 165 178 179
309 309 178 179
141 141 165 166
166 166 180 181
142 142 165 166
293 293 309 310
310 310 180 181
-1 275 286 278
278 278 -1 290
-1 298 286 305
305 305 -1 290
-1 276 285 234
-1 279 287 284
-1 303 285 235
-1 306 287 294
277 277 288 289
304 304 289 288
111 111 139 143
143 143 168 169
112 112 139 143
113 113 140 144
144 144 168 169
114 114 140 144
285 285 292 297
297 297 312 313
-1 295 311 307
-1 296 217 308
168 168 188 189
312 312 188 189
169 169 190 191
313 313 190 191
-1 236 89 280
84 84 111 115
115 115 141 134
85 85 111 115
116 116 141 134
86 86 112 116
87 87 112 116
286 286 113 117
117 117 142 135
88 88 113 117
-1 280 114 118
118 118 142 135
89 89 114 118
-1 299 309 312
-1 300 310 313
287 287 293 291
-1 301 292 293
-1 302 297 291
288 288 299 300
289 289 295 296
290 290 301 302
