59 59 -1 89
89 89 -1 119
60 60 -1 90
90 90 -1 119
119 119 148 149
-1 308 223 89
223 223 151 153
-1 178 223 90
148 148 180 182
149 149 184 185
61 61 -1 91
91 91 120 121
62 62 -1 91
120 120 -1 148
121 121 -1 149
-1 220 120 152
152 152 -1 181
-1 221 121 154
154 154 -1 183
180 180 226 227
182 182 228 229
184 184 222 230
185 185 231 168
222 222 186 308
186 186 224 225
150 150 186 178
151 151 -1 181
153 153 -1 183
181 181 226 227
183 183 228 229
155 155 179 187
179 179 220 221
187 187 225 224
338 338 179 187
122 122 156 157
156 156 -1 180
157 157 -1 182
226 226 192 194
227 227 196 198
228 228 200 202
229 229 204 206
123 123 158 159
158 158 -1 184
159 159 -1 185
230 230 208 210
231 231 214 212
168 168 -1 216
63 63 -1 92
92 92 122 123
64 64 -1 92
65 65 93 94
93 93 -1 122
94 94 -1 123
66 66 93 94
-1 309 156 188
188 188 -1 222
-1 310 157 189
189 189 -1 230
-1 311 158 190
190 190 -1 231
-1 312 159 191
191 191 -1 169
224 224 309 310
225 225 311 312
160 160 188 189
169 169 -1 217
161 161 190 191
192 192 232 233
194 194 234 235
162 162 192 194
196 196 236 237
198 198 238 239
163 163 196 198
200 200 240 241
202 202 242 243
164 164 200 202
204 204 244 245
206 206 246 247
165 165 204 206
208 208 248 249
210 210 250 251
166 166 208 210
214 214 252 253
212 212 -1 262
167 167 214 213
213 213 -1 263
-1 216 254 256
-1 217 255 257
124 124 150 166
125 125 150 166
126 126 155 176
176 176 209 211
127 127 155 176
328 328 338 343
343 343 209 211
95 95 128 129
128 128 -1 151
129 129 -1 153
96 96 128 129
97 97 130 131
130 130 -1 152
131 131 -1 154
98 98 130 131
99 99 132 133
132 132 -1 160
133 133 -1 161
100 100 132 133
101 101 134 135
134 134 -1 160
135 135 -1 161
102 102 134 135
136 136 162 163
137 137 162 163
232 232 267 268
233 233 265 266
193 193 233 232
234 234 271 272
235 235 269 270
195 195 235 234
236 236 275 276
237 237 273 274
197 197 237 236
238 238 279 280
239 239 277 278
199 199 239 238
103 103 136 138
138 138 164 165
104 104 136 138
105 105 137 139
139 139 164 165
106 106 137 139
240 240 283 284
241 241 281 282
201 201 241 240
242 242 287 288
243 243 285 286
203 203 243 242
244 244 291 292
245 245 289 290
205 205 245 244
246 246 295 296
247 247 293 294
207 207 247 246
248 248 299 300
249 249 297 298
209 209 249 248
250 250 303 304
251 251 301 302
211 211 251 250
107 107 124 140
140 140 167 170
108 108 124 140
109 109 125 141
141 141 167 171
110 110 125 141
170 170 -1 218
171 171 -1 219
-1 262 319 317
-1 263 320 318
252 252 307 264
253 253 305 306
215 215 253 252
142 142 177 168
177 177 215 212
143 143 177 169
-1 254 313 256
256 256 -1 315
-1 255 313 257
257 257 -1 315
-1 218 258 260
-1 219 259 261
329 329 344 170
344 344 215 213
-1 258 314 260
260 260 -1 316
-1 259 314 261
261 261 -1 316
67 67 95 99
68 68 95 99
69 69 96 100
70 70 96 100
71 71 97 101
72 72 97 101
73 73 98 102
74 74 98 102
75 75 103 107
76 76 103 107
77 77 104 108
78 78 104 108
79 79 105 109
80 80 105 109
81 81 106 110
82 82 106 110
172 172 193 195
339 339 193 195
144 144 172 173
173 173 197 199
145 145 172 173
330 330 339 340
340 340 197 199
174 174 201 203
341 341 201 203
146 146 174 175
175 175 205 207
147 147 174 175
331 331 341 342
342 342 205 207
313 313 322 324
315 315 325 326
314 314 322 324
316 316 326 325
-1 319 323 317
317 317 -1 327
-1 320 323 318
318 318 -1 327
-1 264 88 321
111 111 144 146
112 112 144 146
113 113 145 147
114 114 145 147
322 322 330 331
-1 332 338 339
-1 333 343 340
83 83 111 115
115 115 126 142
84 84 111 115
85 85 112 116
116 116 126 142
86 86 112 116
323 323 113 117
117 117 127 143
87 87 113 117
-1 321 114 118
118 118 127 143
88 88 114 118
324 324 328 329
-1 334 330 328
-1 335 331 329
-1 336 344 341
-1 337 171 342
325 325 332 333
326 326 336 337
327 327 334 335
