59 59 -1 89
89 89 -1 119
60 60 -1 90
90 90 -1 119
119 119 148 149
-1 310 223 89
223 223 151 153
-1 178 223 90
148 148 180 182
149 149 184 185
61 61 -1 91
91 91 120 121
62 62 -1 91
120 120 -1 148
121 121 -1 149
-1 220 120 152
152 152 -1 181
-1 221 121 154
154 154 -1 183
180 180 226 227
182 182 228 229
184 184 222 230
185 185 231 168
222 222 186 310
186 186 224 225
150 150 186 178
151 151 -1 181
153 153 -1 183
181 181 226 227
183 183 228 229
155 155 179 187
179 179 220 221
187 187 225 224
339 339 179 187
122 122 156 157
156 156 -1 180
157 157 -1 182
226 226 192 194
227 227 196 198
228 228 200 202
229 229 204 206
123 123 158 159
158 158 -1 184
159 159 -1 185
230 230 208 210
231 231 212 214
168 168 -1 216
63 63 -1 92
92 92 122 123
64 64 -1 92
65 65 93 94
93 93 -1 122
94 94 -1 123
66 66 93 94
-1 311 156 188
188 188 -1 222
-1 312 157 189
189 189 -1 230
-1 313 158 190
190 190 -1 231
-1 314 159 191
191 191 -1 169
224 224 311 312
225 225 313 314
160 160 188 189
169 169 -1 217
161 161 190 191
192 192 232 233
194 194 234 235
162 162 192 194
196 196 236 237
198 198 238 239
163 163 196 198
200 200 240 241
202 202 242 243
164 164 200 202
204 204 244 245
206 206 246 247
165 165 204 206
208 208 248 249
210 210 250 251
166 166 208 210
212 212 252 263
214 214 253 254
167 167 212 214
-1 216 255 257
-1 217 256 258
124 124 150 166
125 125 150 166
126 126 155 176
176 176 209 211
127 127 155 176
331 331 339 344
344 344 209 211
95 95 128 129
128 128 -1 151
129 129 -1 153
96 96 128 129
97 97 130 131
130 130 -1 152
131 131 -1 154
98 98 130 131
99 99 132 133
132 132 -1 160
133 133 -1 161
100 100 132 133
101 101 134 135
134 134 -1 160
135 135 -1 161
102 102 134 135
136 136 162 163
137 137 162 163
232 232 268 269
233 233 266 267
193 193 233 232
234 234 272 273
235 235 270 271
195 195 235 234
236 236 276 277
237 237 274 275
197 197 237 236
238 238 280 281
239 239 278 279
199 199 239 238
103 103 136 138
138 138 164 165
104 104 136 138
105 105 137 139
139 139 164 165
106 106 137 139
240 240 284 285
241 241 282 283
201 201 241 240
242 242 288 289
243 243 286 287
203 203 243 242
244 244 292 293
245 245 290 291
205 205 245 244
246 246 296 297
247 247 294 295
207 207 247 246
248 248 300 301
249 249 298 299
209 209 249 248
250 250 304 305
251 251 302 303
211 211 251 250
107 107 124 140
140 140 167 170
108 108 124 140
109 109 125 141
141 141 167 171
110 110 125 141
170 170 -1 218
171 171 -1 219
252 252 306 307
-1 263 315 318
213 213 252 264
-1 264 315 319
253 253 -1 265
254 254 308 309
215 215 254 253
142 142 177 168
177 177 213 215
143 143 177 169
-1 255 316 257
257 257 -1 320
-1 256 316 258
258 258 -1 320
-1 218 259 261
-1 219 260 262
332 332 345 170
345 345 213 215
-1 259 317 261
261 261 -1 321
-1 260 317 262
262 262 -1 321
67 67 95 99
68 68 95 99
69 69 96 100
70 70 96 100
71 71 97 101
72 72 97 101
73 73 98 102
74 74 98 102
75 75 103 107
76 76 103 107
77 77 104 108
78 78 104 108
79 79 105 109
80 80 105 109
81 81 106 110
82 82 106 110
172 172 193 195
340 340 193 195
144 144 172 173
173 173 197 199
145 145 172 173
333 333 340 341
341 341 197 199
174 174 201 203
342 342 201 203
146 146 174 175
175 175 205 207
147 147 174 175
334 334 342 343
343 343 205 207
316 316 324 326
320 320 328 329
317 317 324 326
321 321 329 328
315 315 113 117
-1 318 325 327
-1 319 325 327
-1 265 322 323
111 111 144 146
112 112 144 146
113 113 145 147
114 114 145 147
324 324 333 334
325 325 333 334
-1 335 339 340
-1 336 344 341
83 83 111 115
115 115 126 142
84 84 111 115
85 85 112 116
116 116 126 142
86 86 112 116
117 117 127 143
87 87 113 117
-1 330 114 118
118 118 127 143
88 88 114 118
326 326 331 332
327 327 331 332
-1 337 345 342
-1 338 171 343
328 328 335 336
329 329 337 338
322 322 -1 330
-1 323 322 88
