59 59 89 91
89 89 121 123
91 91 125 127
60 60 89 91
121 121 153 154
123 123 155 156
90 90 121 123
125 125 158 159
127 127 160 161
92 92 125 127
61 61 90 92
62 62 90 92
153 153 194 196
154 154 198 200
122 122 153 154
155 155 202 204
156 156 -1 206
124 124 155 157
157 157 -1 207
158 158 210 212
159 159 214 216
126 126 158 159
160 160 218 220
161 161 222 224
128 128 160 161
93 93 122 124
94 94 122 124
194 194 226 227
196 196 228 229
338 338 194 196
198 198 230 231
200 200 232 233
339 339 198 200
202 202 234 235
204 204 236 237
340 340 202 204
-1 206 253 255
-1 207 253 256
63 63 93 95
95 95 126 128
64 64 93 95
65 65 94 96
96 96 126 128
66 66 94 96
210 210 238 239
212 212 240 241
341 341 210 212
214 214 242 243
216 216 244 245
342 342 214 216
218 218 246 247
220 220 248 249
343 343 218 220
222 222 250 259
224 224 251 252
344 344 222 224
330 330 338 339
226 226 264 265
227 227 262 263
195 195 227 226
228 228 268 269
229 229 266 267
197 197 229 228
230 230 272 273
231 231 270 271
199 199 231 230
232 232 276 277
233 233 274 275
201 201 233 232
-1 331 338 341
-1 332 339 342
333 333 340 162
162 162 -1 208
234 234 280 281
235 235 278 279
203 203 235 234
236 236 284 285
237 237 282 283
205 205 237 236
129 129 168 156
168 168 203 205
253 253 315 316
255 255 -1 317
256 256 -1 317
-1 334 340 343
-1 335 163 344
163 163 -1 209
-1 208 254 257
-1 209 254 258
130 130 169 162
169 169 203 205
131 131 169 163
254 254 316 315
257 257 -1 318
258 258 -1 318
336 336 341 342
238 238 288 289
239 239 286 287
211 211 239 238
240 240 292 293
241 241 290 291
213 213 241 240
242 242 296 297
243 243 294 295
215 215 243 242
244 244 300 301
245 245 298 299
217 217 245 244
337 337 343 344
246 246 304 305
247 247 302 303
219 219 247 246
248 248 308 309
249 249 306 307
221 221 249 248
250 250 310 311
-1 259 319 320
223 223 250 260
-1 260 319 320
251 251 314 261
252 252 312 313
225 225 252 251
-1 322 330 336
-1 323 333 337
-1 324 330 255
-1 325 333 256
164 164 195 197
165 165 195 197
132 132 164 166
166 166 199 201
133 133 165 167
167 167 199 201
134 134 165 167
315 315 324 325
316 316 328 329
317 317 326 327
318 318 327 326
326 326 331 332
327 327 334 335
319 319 322 323
320 320 115 119
-1 328 336 257
-1 329 337 258
170 170 211 213
171 171 211 213
135 135 170 172
172 172 215 217
136 136 171 173
173 173 215 217
137 137 171 173
174 174 219 221
175 175 219 221
138 138 174 176
176 176 223 225
139 139 175 177
177 177 223 225
140 140 175 177
-1 261 80 321
67 67 97 99
97 97 138 135
99 99 132 129
68 68 97 99
98 98 138 135
100 100 132 129
69 69 98 100
70 70 98 100
141 141 178 179
178 178 -1 174
179 179 -1 176
142 142 180 181
180 180 -1 170
181 181 -1 172
143 143 182 183
182 182 -1 164
183 183 -1 166
144 144 184 185
184 184 -1 168
185 185 -1 157
101 101 141 142
102 102 141 142
71 71 101 107
107 107 143 144
72 72 101 107
73 73 102 108
108 108 143 144
74 74 102 108
145 145 186 187
186 186 -1 178
187 187 -1 179
146 146 186 187
147 147 188 189
188 188 -1 180
189 189 -1 181
148 148 188 189
103 103 139 136
104 104 139 136
105 105 140 137
106 106 140 137
149 149 190 191
190 190 -1 182
191 191 -1 183
150 150 190 191
151 151 192 193
192 192 -1 184
193 193 -1 185
152 152 192 193
109 109 133 130
110 110 133 130
111 111 134 131
112 112 134 131
113 113 145 147
114 114 145 147
75 75 113 117
117 117 149 151
76 76 113 117
77 77 114 118
118 118 149 151
78 78 114 118
115 115 146 148
116 116 146 148
119 119 150 152
79 79 115 119
-1 321 116 120
120 120 150 152
80 80 116 120
81 81 103 109
82 82 103 109
83 83 104 110
84 84 104 110
85 85 105 111
86 86 105 111
87 87 106 112
88 88 106 112
