5 5 8 10
8 8 12 14
10 10 16 17
6 6 8 10
-1 12 19 20
-1 14 21 22
9 9 13 15
-1 13 19 20
-1 15 21 22
16 16 23 24
-1 17 25 26
11 11 16 18
-1 18 25 26
-1 75 9 11
7 7 9 11
19 19 28 29
20 20 30 31
21 21 32 33
22 22 34 35
23 23 36 37
24 24 27 42
27 27 23 24
25 25 38 39
26 26 40 41
28 28 46 47
29 29 44 45
30 30 50 51
31 31 48 49
32 32 54 55
33 33 52 53
34 34 58 59
35 35 56 57
36 36 66 67
37 37 68 69
-1 64 37 27
-1 65 36 74
-1 74 71 70
-1 66 29 31
-1 67 28 30
-1 68 33 35
-1 69 32 34
-1 42 71 70
38 38 64 65
39 39 60 61
70 70 39 38
40 40 -1 43
41 41 62 63
71 71 41 40
-1 43 72 73
72 72 -1 75
-1 73 72 7
