5 5 8 10
8 8 12 14
10 10 16 18
6 6 8 10
-1 12 20 21
-1 14 22 23
9 9 13 15
-1 13 20 21
-1 15 22 23
-1 16 24 25
-1 18 26 27
11 11 17 19
-1 17 24 25
-1 19 26 27
-1 76 9 11
7 7 9 11
20 20 28 29
21 21 30 31
22 22 32 33
23 23 34 35
24 24 36 37
25 25 38 39
26 26 42 43
27 27 40 41
28 28 47 48
29 29 45 46
30 30 51 52
31 31 49 50
32 32 55 56
33 33 53 54
34 34 59 60
35 35 57 58
36 36 63 64
37 37 61 62
38 38 67 68
39 39 65 66
-1 42 72 73
-1 43 74 75
40 40 71 44
41 41 69 70
72 72 77 78
73 73 79 80
-1 85 73 72
-1 77 29 31
-1 78 28 30
-1 79 37 39
-1 80 36 38
74 74 81 82
75 75 83 84
-1 86 75 74
-1 81 33 35
-1 82 32 34
-1 83 85 41
-1 84 86 40
-1 44 7 76
