5 5 8 10
8 8 12 14
10 10 16 18
6 6 8 10
-1 12 20 21
-1 14 22 23
9 9 13 15
-1 13 20 21
-1 15 22 23
-1 16 24 25
-1 18 26 27
11 11 17 19
-1 17 24 25
-1 19 26 27
-1 81 9 11
7 7 9 11
20 20 28 29
21 21 30 31
22 22 32 33
23 23 34 35
24 24 36 37
25 25 38 39
26 26 40 43
27 27 41 42
28 28 47 48
29 29 45 46
30 30 51 52
31 31 49 50
32 32 55 56
33 33 53 54
34 34 59 60
35 35 57 58
36 36 63 64
37 37 61 62
38 38 67 68
39 39 65 66
40 40 69 70
-1 43 73 74
41 41 -1 44
42 42 71 72
-1 77 82 84
-1 82 29 31
-1 84 37 39
-1 78 83 85
-1 83 28 30
-1 85 36 38
73 73 77 78
-1 74 79 80
-1 90 73 91
-1 91 80 79
79 79 86 87
80 80 88 89
-1 86 33 35
-1 87 32 34
-1 88 40 42
-1 89 90 41
-1 44 75 76
75 75 -1 81
-1 76 75 7
