5 5 8 9
8 8 14 13
-1 9 15 16
6 6 8 10
-1 10 15 16
-1 14 23 22
-1 13 21 24
21 21 38 37
-1 38 23 69
-1 37 21 24
15 15 25 26
16 16 27 28
24 24 45 47
23 23 41 43
-1 22 39 40
-1 69 39 40
25 25 56 58
26 26 60 62
39 39 25 26
27 27 64 66
28 28 55 53
40 40 27 28
41 41 70 71
43 43 72 73
-1 155 41 64
64 64 89 90
-1 156 43 66
66 66 91 92
70 70 132 133
71 71 130 131
42 42 71 70
72 72 136 137
73 73 134 135
44 44 73 72
45 45 74 75
-1 47 93 95
-1 157 45 55
55 55 80 79
-1 158 172 53
-1 172 93 95
53 53 78 77
74 74 -1 97
75 75 138 139
46 46 75 74
93 93 141 140
95 95 142 143
56 56 81 82
58 58 83 84
60 60 85 86
62 62 87 88
-1 154 11 171
11 11 18 17
-1 171 19 20
7 7 11 12
-1 12 19 20
-1 18 31 30
-1 17 29 32
29 29 49 48
-1 49 31 76
-1 48 29 32
19 19 33 34
20 20 35 36
32 32 44 42
31 31 52 54
-1 30 50 51
-1 76 50 51
33 33 61 63
34 34 65 67
50 50 33 34
35 35 57 59
36 36 46 68
51 51 35 36
52 52 77 78
54 54 79 80
-1 159 52 61
61 61 86 85
-1 160 54 63
63 63 88 87
77 77 128 129
78 78 126 127
79 79 124 125
80 80 122 123
-1 161 44 65
65 65 90 89
-1 162 42 67
67 67 92 91
57 57 82 81
59 59 84 83
-1 68 94 96
-1 163 56 148
148 148 155 156
-1 164 58 149
149 149 157 158
81 81 100 101
82 82 98 99
83 83 104 105
84 84 102 103
-1 165 60 146
146 146 163 164
-1 166 62 147
147 147 165 166
85 85 108 109
86 86 106 107
87 87 112 113
88 88 110 111
89 89 116 117
90 90 114 115
91 91 120 121
92 92 118 119
140 140 147 146
141 141 149 148
94 94 141 140
-1 167 57 153
153 153 161 162
-1 168 59 152
152 152 159 160
-1 97 144 145
142 142 150 151
143 143 152 153
96 96 142 143
-1 169 46 151
151 151 169 170
-1 170 173 150
-1 173 94 96
150 150 167 168
144 144 -1 154
-1 145 144 7
