5 5 8 9
8 8 12 13
9 9 14 15
6 6 8 9
-1 12 20 21
-1 13 22 23
-1 14 28 29
-1 15 30 31
-1 148 172 133
-1 172 20 21
133 133 -1 169
-1 149 173 134
-1 173 22 23
134 134 -1 167
20 20 40 41
21 21 42 43
22 22 44 45
23 23 46 47
-1 150 174 135
-1 174 28 29
135 135 -1 168
-1 151 175 136
-1 175 30 176
136 136 -1 166
28 28 48 49
29 29 50 51
30 30 39 52
31 31 -1 36
176 176 -1 36
131 131 148 149
-1 169 178 180
-1 167 177 179
-1 53 131 133
-1 54 132 134
132 132 150 151
-1 168 178 180
-1 166 177 179
-1 55 132 135
-1 56 131 136
40 40 59 60
41 41 61 62
42 42 63 64
43 43 65 66
44 44 67 68
45 45 69 70
46 46 71 72
47 47 73 74
10 10 17 16
17 17 26 27
16 16 24 25
-1 137 16 18
18 18 32 33
-1 138 17 19
19 19 34 35
-1 147 10 11
11 11 19 18
7 7 10 11
-1 24 40 42
-1 25 41 43
-1 26 44 46
-1 27 45 47
48 48 75 76
49 49 77 78
50 50 81 82
51 51 83 84
39 39 57 58
52 52 79 80
36 36 53 54
-1 32 48 50
-1 33 49 51
-1 34 39 37
37 37 -1 55
-1 35 52 38
38 38 -1 56
57 57 137 138
58 58 126 127
59 59 88 89
60 60 86 87
61 61 92 93
62 62 90 91
63 63 96 97
64 64 94 95
65 65 100 101
66 66 98 99
67 67 104 105
68 68 102 103
69 69 108 109
70 70 106 107
71 71 112 113
72 72 110 111
73 73 116 117
74 74 114 115
75 75 120 121
76 76 118 119
77 77 124 125
78 78 122 123
81 81 139 140
82 82 141 142
83 83 143 144
84 84 145 146
79 79 130 85
80 80 128 129
-1 152 31 80
-1 153 176 79
-1 154 37 58
-1 155 38 57
-1 156 60 64
-1 157 59 63
-1 158 62 66
-1 159 61 65
-1 160 68 72
-1 161 67 71
-1 162 70 74
-1 163 69 73
-1 164 78 81
-1 165 77 82
139 139 158 159
140 140 156 157
177 177 140 139
141 141 162 163
142 142 160 161
178 178 142 141
179 179 144 143
180 180 146 145
-1 170 76 83
-1 171 75 84
143 143 164 165
144 144 170 171
145 145 152 153
146 146 154 155
-1 85 7 147
