5 5 8 9
8 8 12 13
9 9 14 15
6 6 8 9
-1 12 20 21
-1 13 22 23
-1 14 28 29
-1 15 30 31
-1 134 149 153
-1 149 20 21
-1 153 176 179
-1 135 150 154
-1 150 22 23
-1 154 175 138
20 20 38 39
21 21 40 41
22 22 42 43
23 23 44 45
-1 136 151 155
-1 151 28 29
-1 155 174 177
-1 137 152 156
-1 152 30 31
-1 156 173 178
28 28 46 47
29 29 48 49
30 30 36 50
31 31 37 51
36 36 52 53
52 52 134 135
53 53 136 137
-1 176 162 164
-1 179 169 170
-1 175 161 163
138 138 171 172
54 54 144 143
-1 144 162 164
-1 143 161 163
55 55 138 147
-1 147 169 170
-1 174 158 160
-1 177 167 166
-1 173 157 159
-1 178 168 165
56 56 142 141
-1 142 158 160
-1 141 157 159
57 57 145 146
-1 145 167 166
-1 146 168 165
38 38 60 61
39 39 62 63
40 40 64 65
41 41 66 67
42 42 68 69
43 43 70 71
44 44 72 73
45 45 74 75
10 10 17 16
17 17 26 27
16 16 24 25
-1 139 16 18
18 18 32 33
-1 140 17 19
19 19 34 35
-1 148 10 11
11 11 19 18
7 7 10 11
-1 24 38 40
-1 25 39 41
-1 26 42 44
-1 27 43 45
46 46 76 77
47 47 78 79
48 48 56 54
49 49 57 55
50 50 80 81
37 37 58 59
51 51 82 83
-1 32 46 48
-1 33 47 49
-1 34 36 37
-1 35 50 51
58 58 139 140
59 59 129 130
60 60 87 88
61 61 85 86
157 157 61 60
62 62 91 92
63 63 89 90
158 158 63 62
64 64 95 96
65 65 93 94
159 159 65 64
66 66 99 100
67 67 97 98
160 160 67 66
68 68 103 104
69 69 101 102
161 161 69 68
70 70 107 108
71 71 105 106
162 162 71 70
72 72 111 112
73 73 109 110
163 163 73 72
74 74 115 116
75 75 113 114
164 164 75 74
76 76 119 120
77 77 117 118
165 165 77 76
78 78 123 124
79 79 121 122
166 166 79 78
167 167 56 54
168 168 57 55
80 80 127 128
81 81 125 126
169 169 81 80
82 82 133 84
83 83 131 132
170 170 83 82
-1 171 53 59
-1 172 52 58
-1 84 7 148
