60 60 -1 108
108 108 -1 140
61 61 -1 109
109 109 -1 140
140 140 154 156
62 62 -1 64
64 64 -1 116
63 63 -1 65
65 65 -1 117
-1 135 62 76
76 76 -1 120
-1 136 63 77
77 77 -1 121
-1 116 122 145
-1 117 123 146
66 66 -1 110
110 110 -1 139
67 67 -1 111
111 111 -1 139
139 139 154 156
68 68 -1 70
70 70 -1 114
69 69 -1 71
71 71 -1 115
-1 112 68 74
74 74 -1 118
-1 113 69 75
75 75 -1 119
114 114 -1 143
115 115 -1 144
-1 137 110 88
88 88 -1 90
-1 138 111 89
89 89 -1 91
154 154 168 171
156 156 174 177
-1 141 108 82
82 82 -1 84
-1 142 109 83
83 83 -1 85
-1 143 166 164
-1 144 167 165
122 122 -1 147
145 145 -1 78
123 123 -1 147
146 146 -1 79
168 168 169 170
171 171 172 173
155 155 168 171
174 174 175 176
177 177 178 179
157 157 174 177
72 72 -1 112
73 73 -1 113
118 118 -1 152
119 119 -1 152
152 152 162 163
106 106 -1 135
107 107 -1 136
120 120 -1 153
121 121 -1 153
153 153 162 163
78 78 -1 114
79 79 -1 115
-1 166 120 164
164 164 -1 180
-1 167 121 165
165 165 -1 181
147 147 155 157
80 80 -1 124
124 124 -1 148
81 81 -1 125
125 125 -1 148
148 148 155 157
84 84 -1 126
85 85 -1 127
-1 126 124 92
-1 127 125 93
86 86 -1 122
87 87 -1 123
90 90 -1 128
91 91 -1 129
-1 128 137 132
-1 129 138 133
92 92 -1 106
93 93 -1 107
132 132 -1 149
133 133 -1 149
-1 130 141 98
98 98 -1 100
-1 131 142 99
99 99 -1 101
149 149 150 151
169 169 197 182
170 170 195 196
158 158 170 169
172 172 193 194
173 173 191 192
159 159 173 172
175 175 189 190
176 176 187 188
160 160 176 175
178 178 185 186
179 179 183 184
161 161 179 178
-1 180 118 145
-1 181 119 146
94 94 -1 72
95 95 -1 73
96 96 -1 132
97 97 -1 133
100 100 -1 130
101 101 -1 131
102 102 -1 104
104 104 -1 134
103 103 -1 105
105 105 -1 134
134 134 150 151
150 150 161 160
151 151 159 158
162 162 161 160
163 163 159 158
-1 182 107 106
