60 60 -1 90
90 90 115 116
61 61 -1 90
115 115 138 139
116 116 140 141
62 62 91 92
91 91 -1 115
92 92 -1 116
63 63 91 92
138 138 156 157
139 139 158 159
140 140 160 161
141 141 162 163
93 93 117 118
117 117 -1 138
118 118 -1 139
94 94 117 118
156 156 168 169
157 157 171 172
158 158 174 175
159 159 177 178
95 95 119 120
119 119 -1 140
120 120 -1 141
96 96 119 120
160 160 180 187
161 161 182 183
162 162 188 189
163 163 190 191
64 64 93 95
65 65 93 95
66 66 94 96
67 67 94 96
121 121 142 143
142 142 -1 156
143 143 -1 157
122 122 142 143
168 168 194 195
169 169 192 193
170 170 169 168
171 171 198 199
172 172 196 197
173 173 172 171
123 123 144 145
144 144 -1 158
145 145 -1 159
124 124 144 145
174 174 202 203
175 175 200 201
176 176 175 174
177 177 206 207
178 178 204 205
179 179 178 177
125 125 146 147
146 146 -1 160
147 147 -1 161
126 126 146 147
180 180 208 209
-1 187 214 216
181 181 180 215
-1 215 214 216
182 182 212 213
183 183 210 211
184 184 183 182
127 127 148 149
148 148 -1 162
149 149 -1 163
128 128 148 149
188 188 170 173
189 189 176 179
185 185 188 189
190 190 181 184
191 191 185 186
186 186 190 191
97 97 121 123
98 98 121 123
68 68 97 100
100 100 125 127
69 69 97 100
70 70 98 101
101 101 125 127
71 71 98 101
214 214 122 124
99 99 122 124
216 216 126 128
72 72 99 102
102 102 126 128
73 73 99 102
164 164 170 173
150 150 164 165
165 165 176 179
166 166 181 184
151 151 166 167
167 167 185 186
74 74 -1 103
103 103 -1 129
75 75 -1 104
104 104 -1 129
129 129 150 151
76 76 -1 103
77 77 -1 104
78 78 -1 105
105 105 130 131
79 79 -1 105
130 130 -1 150
131 131 -1 151
80 80 106 107
106 106 -1 130
107 107 -1 131
81 81 106 107
132 132 152 153
152 152 -1 164
153 153 -1 165
133 133 154 155
154 154 -1 166
155 155 -1 167
82 82 -1 108
108 108 132 133
83 83 -1 108
84 84 109 110
109 109 -1 132
110 110 -1 133
85 85 109 110
111 111 134 135
134 134 -1 152
135 135 -1 153
112 112 134 135
113 113 136 137
136 136 -1 154
137 137 -1 155
114 114 136 137
86 86 111 113
87 87 111 113
88 88 112 114
89 89 112 114
