60 60 -1 91
91 91 122 123
61 61 -1 91
62 62 -1 60
63 63 -1 61
122 122 152 153
123 123 154 155
92 92 -1 122
93 93 -1 123
64 64 92 93
152 152 181 182
153 153 183 184
154 154 185 186
155 155 188 189
65 65 94 95
94 94 -1 92
95 95 -1 93
66 66 94 95
96 96 124 125
124 124 -1 152
125 125 -1 153
181 181 205 206
182 182 207 208
183 183 209 210
184 184 211 212
97 97 126 127
126 126 -1 154
127 127 -1 155
185 185 213 214
-1 186 218 219
188 188 215 221
189 189 216 217
67 67 96 97
68 68 96 97
98 98 128 129
128 128 -1 124
129 129 -1 125
99 99 128 129
100 100 130 131
130 130 -1 126
131 131 -1 127
101 101 130 131
132 132 156 157
156 156 -1 181
157 157 -1 182
205 205 228 229
206 206 226 227
207 207 232 233
208 208 230 231
133 133 158 159
158 158 -1 183
159 159 -1 184
209 209 236 237
210 210 234 235
211 211 240 241
212 212 238 239
134 134 160 161
160 160 -1 185
161 161 -1 187
-1 187 218 220
213 213 244 245
214 214 242 243
218 218 252 256
-1 219 251 255
-1 220 251 255
135 135 162 163
162 162 -1 188
163 163 -1 189
215 215 246 247
-1 221 257 258
216 216 250 225
217 217 248 249
69 69 98 100
70 70 98 100
71 71 99 101
72 72 99 101
102 102 132 133
103 103 132 133
73 73 102 104
104 104 134 135
74 74 102 104
75 75 103 105
105 105 134 135
76 76 103 105
136 136 164 165
164 164 -1 156
165 165 -1 157
137 137 164 165
138 138 166 167
166 166 -1 158
167 167 -1 159
139 139 166 167
168 168 190 191
190 190 -1 206
191 191 -1 205
270 270 190 191
169 169 192 193
192 192 -1 208
193 193 -1 207
271 271 192 193
170 170 194 195
194 194 -1 210
195 195 -1 209
272 272 194 195
171 171 196 197
196 196 -1 212
197 197 -1 211
273 273 196 197
140 140 172 173
172 172 -1 160
173 173 -1 161
141 141 172 173
142 142 174 175
174 174 -1 162
175 175 -1 163
143 143 174 175
176 176 198 199
198 198 -1 214
199 199 -1 213
274 274 198 199
252 252 261 264
256 256 266 269
251 251 260 263
255 255 265 268
177 177 200 201
200 200 -1 215
201 201 -1 222
-1 222 257 259
275 275 200 201
257 257 116 120
-1 258 262 267
-1 259 262 267
178 178 202 203
202 202 -1 217
203 203 -1 216
276 276 202 203
-1 225 117 121
106 106 136 138
107 107 136 138
77 77 106 110
110 110 140 142
78 78 106 110
79 79 107 111
111 111 140 142
80 80 107 111
108 108 137 139
109 109 137 139
81 81 108 112
112 112 141 143
82 82 108 112
83 83 109 113
113 113 141 143
84 84 109 113
144 144 169 168
145 145 169 168
114 114 144 146
146 146 171 170
115 115 144 146
116 116 145 147
147 147 171 170
117 117 145 147
260 260 271 270
261 261 271 270
263 263 273 272
264 264 273 272
262 262 261 264
148 148 176 179
179 179 -1 204
149 149 176 180
180 180 -1 204
118 118 148 150
150 150 178 177
119 119 148 150
120 120 149 151
151 151 178 177
121 121 149 151
204 204 223 224
265 265 274 179
266 266 274 180
-1 223 252 253
-1 253 260 265
-1 224 256 254
-1 254 263 268
268 268 276 275
269 269 276 275
267 267 266 269
85 85 116 120
86 86 114 118
87 87 114 118
88 88 115 119
89 89 115 119
90 90 117 121
