60 60 -1 90
90 90 121 122
61 61 -1 90
121 121 151 152
122 122 153 154
62 62 91 92
91 91 -1 121
92 92 -1 122
63 63 91 92
151 151 175 176
152 152 177 178
153 153 179 180
154 154 182 183
93 93 123 124
123 123 -1 151
124 124 -1 152
94 94 123 124
175 175 195 197
176 176 199 201
177 177 205 207
178 178 208 210
95 95 125 126
125 125 -1 153
126 126 -1 154
96 96 125 126
179 179 214 216
-1 180 218 219
182 182 193 203
183 183 212 220
64 64 93 95
65 65 93 95
66 66 94 96
67 67 94 96
127 127 155 156
155 155 -1 175
156 156 -1 176
128 128 155 156
195 195 232 233
197 197 234 235
225 225 195 197
199 199 236 237
201 201 238 239
226 226 199 201
129 129 157 158
157 157 -1 177
158 158 -1 178
130 130 157 158
205 205 240 241
-1 207 251 253
227 227 205 299
-1 299 251 326
208 208 242 243
210 210 244 245
228 228 208 210
131 131 159 160
159 159 -1 179
160 160 -1 181
-1 181 218 219
132 132 159 160
214 214 246 255
216 216 247 248
229 229 214 216
218 218 257 259
219 219 261 263
133 133 161 162
161 161 -1 182
162 162 -1 183
134 134 161 162
193 193 225 226
203 203 227 228
230 230 193 203
212 212 229 249
220 220 230 231
231 231 212 220
97 97 127 129
98 98 127 129
68 68 97 101
101 101 131 133
69 69 97 101
70 70 98 102
102 102 131 133
71 71 98 102
99 99 128 130
100 100 128 130
72 72 99 103
103 103 132 134
73 73 99 103
74 74 100 104
104 104 132 134
75 75 100 104
194 194 225 226
232 232 268 269
233 233 266 267
196 196 233 232
234 234 272 273
235 235 270 271
198 198 235 234
236 236 276 277
237 237 274 275
200 200 237 236
238 238 280 281
239 239 278 279
202 202 239 238
184 184 194 204
204 204 227 228
240 240 284 285
241 241 282 283
206 206 241 240
251 251 314 311
-1 253 312 309
-1 326 312 309
242 242 288 289
243 243 286 287
209 209 243 242
244 244 292 293
245 245 290 291
211 211 245 244
-1 249 300 301
213 213 229 250
-1 250 300 301
246 246 294 295
-1 255 315 316
215 215 246 256
-1 256 315 317
247 247 298 265
248 248 296 297
217 217 248 247
257 257 305 306
259 259 303 304
300 300 257 259
261 261 302 307
263 263 308 318
301 301 261 263
185 185 213 221
221 221 230 231
163 163 184 185
302 302 320 321
320 320 -1 194
321 321 -1 204
346 346 320 321
186 186 196 198
164 164 186 187
187 187 200 202
303 303 322 323
322 322 -1 196
323 323 -1 198
347 347 322 323
304 304 324 325
324 324 -1 200
325 325 -1 202
348 348 324 325
188 188 206 222
-1 222 252 254
314 314 339 342
311 311 336 345
252 252 314 311
312 312 338 341
309 309 335 344
165 165 188 189
189 189 209 211
305 305 327 328
327 327 -1 206
328 328 -1 350
-1 350 252 356
349 349 327 328
-1 254 313 310
-1 356 313 310
313 313 338 341
310 310 335 344
306 306 329 330
329 329 -1 209
330 330 -1 211
351 351 329 330
135 135 166 167
166 166 -1 184
167 167 -1 185
136 136 166 167
307 307 331 332
331 331 -1 213
332 332 -1 221
352 352 331 332
190 190 215 217
315 315 115 119
-1 316 340 337
-1 317 340 337
-1 265 116 120
168 168 190 191
-1 191 224 223
308 308 333 334
333 333 -1 215
334 334 -1 217
353 353 333 334
258 258 305 306
260 260 303 304
262 262 302 307
318 318 -1 343
264 264 308 319
319 319 -1 343
105 105 137 138
137 137 -1 163
138 138 -1 168
106 106 137 138
107 107 139 140
139 139 -1 163
140 140 -1 168
108 108 139 140
141 141 169 170
169 169 -1 190
170 170 -1 192
-1 192 224 223
142 142 169 170
224 224 260 258
223 223 262 264
335 335 346 352
336 336 346 352
344 344 353 318
345 345 353 319
337 337 336 345
143 143 171 172
171 171 -1 186
172 172 -1 187
144 144 171 172
109 109 145 146
145 145 -1 164
146 146 -1 165
110 110 145 146
111 111 147 148
147 147 -1 164
148 148 -1 165
112 112 147 148
149 149 173 174
173 173 -1 188
174 174 -1 189
150 150 173 174
338 338 347 348
339 339 347 348
341 341 349 351
342 342 349 351
340 340 339 342
115 115 136 142
119 119 144 150
76 76 115 119
-1 354 262 260
-1 355 264 258
343 343 354 355
113 113 135 141
114 114 135 141
77 77 113 117
117 117 143 149
78 78 113 117
79 79 114 118
118 118 143 149
80 80 114 118
116 116 136 142
120 120 144 150
81 81 116 120
82 82 105 109
83 83 105 109
84 84 106 110
85 85 106 110
86 86 107 111
87 87 107 111
88 88 108 112
89 89 108 112
