60 60 -1 90
90 90 -1 116
61 61 -1 91
91 91 -1 116
116 116 141 142
62 62 -1 90
63 63 -1 91
141 141 163 164
142 142 165 166
64 64 -1 92
92 92 117 118
65 65 -1 92
117 117 -1 141
118 118 -1 142
66 66 93 94
93 93 -1 117
94 94 -1 118
67 67 93 94
163 163 201 202
164 164 203 204
165 165 205 206
166 166 207 208
119 119 143 144
143 143 -1 163
144 144 -1 164
201 201 170 172
202 202 174 176
203 203 190 192
204 204 186 188
120 120 145 146
145 145 -1 165
146 146 -1 166
205 205 182 184
206 206 178 180
207 207 196 198
208 208 168 194
68 68 -1 95
95 95 119 120
69 69 -1 95
70 70 96 97
96 96 -1 119
97 97 -1 120
71 71 96 97
121 121 -1 143
122 122 -1 144
98 98 121 122
123 123 -1 145
124 124 -1 146
99 99 123 124
-1 281 121 123
-1 282 122 124
167 167 199 200
199 199 281 282
200 200 271 272
168 168 200 199
72 72 98 99
73 73 98 99
-1 283 201 205
-1 284 202 206
170 170 209 210
172 172 211 212
147 147 170 172
174 174 213 214
176 176 215 216
148 148 174 176
-1 285 203 207
-1 286 204 208
190 190 230 229
192 192 232 231
149 149 190 192
186 186 226 225
188 188 228 227
150 150 186 188
182 182 222 221
184 184 224 223
151 151 182 184
178 178 218 217
180 180 220 219
152 152 178 180
196 196 236 235
198 198 238 237
153 153 196 198
194 194 234 233
154 154 168 194
74 74 100 102
100 100 125 127
102 102 129 131
75 75 100 102
125 125 155 156
127 127 157 158
101 101 125 127
129 129 159 160
131 131 161 162
103 103 129 131
76 76 101 103
77 77 101 103
155 155 169 171
156 156 173 175
126 126 155 156
157 157 177 179
158 158 181 183
128 128 157 158
159 159 185 187
160 160 189 191
130 130 159 160
161 161 167 193
162 162 195 197
132 132 161 162
104 104 126 128
105 105 126 128
169 169 209 210
171 171 211 212
209 209 169 171
173 173 213 214
175 175 215 216
210 210 173 175
177 177 217 218
179 179 219 220
211 211 177 179
181 181 221 222
183 183 223 224
212 212 181 183
78 78 104 106
106 106 130 132
79 79 104 106
80 80 105 107
107 107 130 132
81 81 105 107
185 185 225 226
187 187 227 228
213 213 185 187
189 189 229 230
191 191 231 232
214 214 189 191
193 193 233 234
215 215 167 193
195 195 235 236
197 197 237 238
216 216 195 197
217 217 241 242
218 218 239 240
219 219 245 246
220 220 243 244
221 221 249 250
222 222 247 248
223 223 253 254
224 224 251 252
225 225 257 258
226 226 255 256
227 227 261 262
228 228 259 260
229 229 265 266
230 230 263 264
231 231 269 270
232 232 267 268
233 233 275 276
234 234 273 274
235 235 283 284
236 236 285 286
237 237 279 280
238 238 277 278
133 133 147 148
134 134 147 148
135 135 152 151
136 136 152 151
108 108 133 137
137 137 150 149
109 109 133 137
110 110 134 138
138 138 150 149
111 111 134 138
139 139 154 153
140 140 154 153
82 82 112 108
112 112 135 139
83 83 112 108
113 113 135 139
84 84 113 109
85 85 113 109
114 114 136 140
115 115 136 140
86 86 114 110
87 87 114 110
88 88 115 111
89 89 115 111
