60 60 90 92
90 90 119 121
92 92 123 125
61 61 90 92
119 119 151 153
121 121 155 157
91 91 119 121
123 123 159 161
125 125 163 165
93 93 123 125
62 62 91 93
63 63 91 93
151 151 191 193
153 153 195 197
120 120 151 153
155 155 199 201
157 157 184 185
122 122 155 157
159 159 203 205
161 161 187 188
124 124 159 161
163 163 189 190
165 165 207 209
126 126 163 165
127 127 120 122
94 94 120 122
191 191 211 212
193 193 213 214
152 152 191 193
195 195 215 216
197 197 217 218
154 154 195 197
199 199 219 220
201 201 221 222
156 156 199 201
184 184 196 198
185 185 183 186
158 158 184 185
64 64 94 116
116 116 147 149
65 65 94 116
95 95 124 126
96 96 124 126
203 203 223 224
205 205 225 226
160 160 203 205
187 187 200 202
188 188 204 206
162 162 187 188
189 189 192 194
190 190 210 208
164 164 189 190
207 207 227 228
209 209 229 230
166 166 207 209
66 66 95 108
108 108 142 144
67 67 95 108
68 68 96 109
109 109 142 144
69 69 96 109
70 70 97 98
97 97 130 131
98 98 134 135
71 71 97 98
130 130 172 173
131 131 171 174
134 134 175 176
135 135 177 178
99 99 128 129
128 128 -1 130
129 129 -1 131
172 172 196 198
173 173 183 186
179 179 172 173
171 171 179 180
174 174 181 182
180 180 171 174
100 100 132 133
132 132 -1 134
133 133 -1 135
175 175 200 202
176 176 204 206
181 181 175 176
177 177 192 194
178 178 210 208
182 182 177 178
72 72 99 100
73 73 99 100
136 136 167 168
167 167 -1 128
168 168 -1 129
137 137 169 170
169 169 -1 132
170 170 -1 133
183 183 179 180
196 196 216 215
198 198 218 217
186 186 181 182
200 200 220 219
202 202 222 221
204 204 224 223
206 206 226 225
192 192 212 211
194 194 214 213
210 210 230 229
208 208 228 227
74 74 -1 101
101 101 136 137
75 75 -1 101
76 76 102 103
102 102 -1 136
103 103 -1 137
77 77 102 103
104 104 138 139
138 138 -1 167
139 139 -1 168
105 105 138 139
106 106 140 141
140 140 -1 169
141 141 -1 170
107 107 140 141
142 142 152 154
144 144 156 158
143 143 152 154
145 145 156 158
110 110 143 145
111 111 143 145
78 78 110 117
117 117 148 150
79 79 110 117
80 80 111 118
118 118 148 150
81 81 111 118
82 82 112 113
112 112 -1 127
113 113 -1 146
146 146 147 149
83 83 112 113
84 84 114 115
114 114 -1 127
115 115 -1 146
85 85 114 115
147 147 160 162
149 149 164 166
148 148 160 162
150 150 164 166
86 86 104 106
87 87 104 106
88 88 105 107
89 89 105 107
211 211 233 234
212 212 231 232
213 213 237 238
214 214 235 236
215 215 241 242
216 216 239 240
217 217 245 246
218 218 243 244
219 219 249 250
220 220 247 248
221 221 253 254
222 222 251 252
223 223 257 258
224 224 255 256
225 225 261 262
226 226 259 260
227 227 265 266
228 228 263 264
229 229 269 270
230 230 267 268
