60 60 -1 90
90 90 -1 120
61 61 -1 91
91 91 -1 120
120 120 149 150
-1 313 222 90
222 222 152 154
-1 177 222 91
149 149 179 181
150 150 183 184
62 62 -1 92
92 92 121 122
63 63 -1 92
121 121 -1 149
122 122 -1 150
-1 219 121 153
153 153 -1 180
-1 220 122 155
155 155 -1 182
179 179 225 226
181 181 227 228
183 183 221 229
184 184 230 231
221 221 185 313
185 185 223 224
151 151 185 177
152 152 -1 180
154 154 -1 182
180 180 225 226
182 182 227 228
156 156 178 186
178 178 219 220
186 186 224 223
336 336 178 186
123 123 157 158
157 157 -1 179
158 158 -1 181
225 225 191 193
226 226 195 197
227 227 199 201
228 228 203 205
124 124 159 160
159 159 -1 183
160 160 -1 184
229 229 207 209
230 230 211 318
231 231 214 216
64 64 -1 93
93 93 123 124
65 65 -1 93
66 66 94 95
94 94 -1 123
95 95 -1 124
67 67 94 95
-1 314 157 187
187 187 -1 221
-1 315 158 188
188 188 -1 229
-1 316 159 189
189 189 -1 230
-1 317 160 190
190 190 -1 231
223 223 314 315
224 224 316 317
161 161 187 188
162 162 189 190
191 191 232 233
193 193 234 235
163 163 191 193
195 195 236 237
197 197 238 239
164 164 195 197
199 199 240 241
201 201 242 243
165 165 199 201
203 203 244 245
205 205 246 247
166 166 203 205
207 207 248 249
209 209 250 251
167 167 207 209
211 211 252 253
-1 318 257 259
168 168 211 213
-1 213 257 259
214 214 254 261
216 216 255 256
169 169 214 216
125 125 151 167
126 126 151 167
127 127 156 174
174 174 208 210
128 128 156 174
326 326 336 341
341 341 208 210
96 96 129 130
129 129 -1 152
130 130 -1 154
97 97 129 130
98 98 131 132
131 131 -1 153
132 132 -1 155
99 99 131 132
100 100 133 134
133 133 -1 161
134 134 -1 162
101 101 133 134
102 102 135 136
135 135 -1 161
136 136 -1 162
103 103 135 136
137 137 163 164
138 138 163 164
232 232 266 267
233 233 264 265
192 192 233 232
234 234 270 271
235 235 268 269
194 194 235 234
236 236 274 275
237 237 272 273
196 196 237 236
238 238 278 279
239 239 276 277
198 198 239 238
104 104 137 139
139 139 165 166
105 105 137 139
106 106 138 140
140 140 165 166
107 107 138 140
240 240 282 283
241 241 280 281
200 200 241 240
242 242 286 287
243 243 284 285
202 202 243 242
244 244 290 291
245 245 288 289
204 204 245 244
246 246 294 295
247 247 292 293
206 206 247 246
248 248 298 299
249 249 296 297
208 208 249 248
250 250 302 303
251 251 300 301
210 210 251 250
108 108 125 141
141 141 168 169
109 109 125 141
110 110 126 142
142 142 168 169
111 111 126 142
252 252 306 307
253 253 304 305
212 212 253 252
257 257 319 320
259 259 321 325
254 254 308 309
-1 261 322 323
215 215 254 262
-1 262 322 324
255 255 312 263
256 256 310 311
217 217 256 255
68 68 96 100
69 69 96 100
70 70 97 101
71 71 97 101
72 72 98 102
73 73 98 102
74 74 99 103
75 75 99 103
76 76 104 108
77 77 104 108
78 78 105 109
79 79 105 109
80 80 106 110
81 81 106 110
82 82 107 111
83 83 107 111
170 170 192 194
337 337 192 194
143 143 170 171
171 171 196 198
144 144 170 171
327 327 337 338
338 338 196 198
172 172 200 202
339 339 200 202
145 145 172 173
173 173 204 206
146 146 172 173
328 328 339 340
340 340 204 206
175 175 212 218
-1 218 258 260
342 342 212 344
-1 344 258 260
319 319 331 332
320 320 333 334
258 258 320 319
321 321 327 328
325 325 326 329
260 260 321 325
147 147 175 176
176 176 215 217
148 148 175 176
329 329 342 343
343 343 215 217
322 322 114 118
-1 323 330 335
-1 324 330 335
-1 263 115 119
112 112 143 145
113 113 143 145
114 114 144 146
115 115 144 146
330 330 327 328
-1 331 336 337
-1 332 341 338
84 84 112 116
116 116 127 147
85 85 112 116
86 86 113 117
117 117 127 147
87 87 113 117
118 118 128 148
88 88 114 118
119 119 128 148
89 89 115 119
335 335 326 329
-1 333 339 342
-1 334 340 343
