60 60 -1 92
92 92 -1 112
61 61 -1 93
93 93 -1 113
-1 112 68 96
-1 113 69 97
62 62 -1 92
63 63 -1 93
68 68 -1 96
96 96 -1 116
69 69 -1 97
97 97 -1 117
64 64 -1 94
94 94 -1 114
65 65 -1 95
95 95 -1 115
-1 114 70 98
-1 115 71 99
66 66 -1 94
67 67 -1 95
70 70 -1 98
98 98 -1 118
71 71 -1 99
99 99 -1 119
116 116 -1 141
117 117 -1 142
118 118 -1 145
119 119 -1 146
-1 141 156 147
-1 142 157 148
-1 145 160 149
-1 146 161 150
72 72 -1 100
100 100 -1 120
73 73 -1 101
101 101 -1 121
-1 120 131 133
-1 121 132 134
74 74 -1 100
75 75 -1 101
131 131 -1 133
133 133 -1 158
132 132 -1 134
134 134 -1 158
76 76 -1 102
102 102 -1 122
77 77 -1 103
103 103 -1 123
-1 122 135 137
-1 123 136 138
78 78 -1 102
79 79 -1 103
135 135 -1 137
137 137 -1 159
136 136 -1 138
138 138 -1 159
158 158 167 168
159 159 167 168
-1 156 131 151
151 151 -1 162
-1 157 132 152
152 152 -1 162
167 167 176 179
168 168 177 178
-1 160 169 135
169 169 163 164
-1 161 169 136
139 139 -1 116
140 140 -1 117
147 147 -1 139
148 148 -1 140
143 143 -1 118
144 144 -1 119
149 149 -1 143
150 150 -1 144
176 176 182 183
-1 179 189 187
177 177 186 181
178 178 184 185
162 162 175 172
-1 124 155 151
155 155 166 165
-1 125 155 152
175 175 173 174
172 172 170 171
163 163 -1 175
164 164 -1 172
-1 153 163 166
166 166 173 174
-1 154 164 165
165 165 170 171
170 170 -1 176
171 171 -1 180
-1 180 190 188
-1 189 191 187
187 187 -1 110
-1 190 192 188
188 188 -1 111
173 173 -1 178
174 174 -1 177
-1 181 192 191
80 80 -1 104
104 104 -1 124
81 81 -1 105
105 105 -1 125
82 82 -1 104
83 83 -1 105
84 84 -1 106
106 106 -1 126
85 85 -1 107
107 107 -1 126
126 126 153 154
86 86 -1 106
87 87 -1 107
88 88 -1 108
108 108 -1 127
89 89 -1 109
109 109 -1 128
-1 127 139 147
-1 128 140 148
191 191 -1 108
192 192 -1 109
90 90 -1 110
110 110 -1 129
91 91 -1 111
111 111 -1 130
-1 129 143 149
-1 130 144 150
