60 60 90 92
90 90 118 120
92 92 122 124
61 61 90 92
118 118 147 149
120 120 151 153
91 91 118 120
122 122 155 156
124 124 157 158
93 93 122 124
62 62 91 93
63 63 91 93
147 147 178 180
149 149 182 184
119 119 147 149
151 151 186 188
153 153 190 192
121 121 151 153
155 155 195 197
156 156 199 201
123 123 155 156
157 157 204 206
158 158 207 209
125 125 157 158
94 94 119 121
95 95 119 121
178 178 219 220
180 180 221 222
148 148 178 180
182 182 223 224
184 184 225 226
150 150 182 184
186 186 227 228
188 188 229 230
152 152 186 188
190 190 231 232
192 192 233 234
154 154 190 192
64 64 94 96
96 96 123 125
65 65 94 96
66 66 95 97
97 97 123 125
67 67 95 97
195 195 236 237
197 197 238 239
215 215 195 197
199 199 235 240
201 201 247 250
216 216 199 201
204 204 241 242
-1 206 252 254
217 217 204 308
-1 308 252 254
207 207 243 256
209 209 244 245
218 218 207 209
126 126 148 150
127 127 148 150
219 219 260 261
220 220 258 259
179 179 220 219
221 221 264 265
222 222 262 263
181 181 222 221
223 223 268 269
224 224 266 267
183 183 224 223
225 225 272 273
226 226 270 271
185 185 226 225
98 98 126 128
128 128 152 154
99 99 126 128
100 100 127 129
129 129 152 154
101 101 127 129
227 227 276 277
228 228 274 275
187 187 228 227
229 229 280 281
230 230 278 279
189 189 230 229
231 231 284 285
232 232 282 283
191 191 232 231
233 233 288 289
234 234 286 287
193 193 234 233
194 194 215 216
235 235 215 216
236 236 292 293
237 237 290 291
196 196 237 236
238 238 296 297
239 239 294 295
198 198 239 238
240 240 217 218
200 200 235 240
247 247 246 248
250 250 249 251
202 202 247 250
203 203 217 218
241 241 300 301
242 242 298 299
205 205 242 241
252 252 309 144
254 254 310 313
243 243 302 303
-1 256 311 312
208 208 243 257
-1 257 311 312
244 244 306 307
245 245 304 305
210 210 245 244
68 68 98 102
102 102 134 136
69 69 98 102
70 70 99 103
103 103 134 136
71 71 99 103
72 72 100 104
104 104 135 137
73 73 100 104
74 74 101 105
105 105 135 137
75 75 101 105
159 159 179 181
246 246 179 181
130 130 159 160
160 160 183 185
131 131 159 160
248 248 183 185
211 211 246 248
161 161 187 189
249 249 187 189
132 132 161 162
162 162 191 193
133 133 161 162
251 251 191 193
212 212 249 251
134 134 169 167
136 136 171 173
169 169 196 198
167 167 200 202
135 135 169 167
171 171 205 213
173 173 208 210
137 137 171 173
138 138 163 164
163 163 -1 194
164 164 -1 203
309 309 163 164
310 310 165 166
165 165 -1 194
166 166 -1 203
139 139 165 166
168 168 200 202
170 170 196 198
140 140 170 168
141 141 170 168
-1 213 253 255
172 172 205 214
-1 214 253 255
144 144 -1 175
253 253 309 145
145 145 -1 175
313 313 176 177
255 255 310 313
142 142 172 174
174 174 208 210
143 143 172 174
311 311 141 143
312 312 131 133
106 106 140 142
107 107 140 142
108 108 141 143
76 76 106 109
109 109 130 132
77 77 106 109
78 78 107 110
110 110 130 132
79 79 107 110
80 80 108 111
111 111 131 133
81 81 108 111
82 82 -1 112
112 112 138 144
83 83 -1 112
84 84 113 114
113 113 -1 138
114 114 -1 145
85 85 113 114
175 175 211 212
176 176 -1 211
177 177 -1 212
146 146 176 177
86 86 -1 115
115 115 139 146
87 87 -1 115
88 88 116 117
116 116 -1 139
117 117 -1 146
89 89 116 117
