60 60 90 92
90 90 119 121
92 92 123 125
61 61 90 92
119 119 148 150
121 121 152 154
91 91 119 121
123 123 156 157
125 125 158 159
93 93 123 125
62 62 91 93
63 63 91 93
148 148 179 181
150 150 183 185
120 120 148 150
152 152 187 189
154 154 191 193
122 122 152 154
156 156 196 198
157 157 200 202
124 124 156 157
158 158 205 207
159 159 208 210
126 126 158 159
94 94 120 122
95 95 120 122
179 179 220 221
181 181 222 223
149 149 179 181
183 183 224 225
185 185 226 227
151 151 183 185
187 187 228 229
189 189 230 231
153 153 187 189
191 191 232 233
193 193 234 235
155 155 191 193
64 64 94 96
96 96 124 126
65 65 94 96
66 66 95 97
97 97 124 126
67 67 95 97
196 196 237 238
198 198 239 240
216 216 196 198
200 200 236 241
202 202 249 252
217 217 200 202
205 205 242 243
-1 207 254 256
218 218 205 310
-1 310 254 256
208 208 244 245
210 210 246 247
219 219 208 210
127 127 149 151
128 128 149 151
220 220 260 261
221 221 258 259
180 180 221 220
222 222 264 265
223 223 262 263
182 182 223 222
224 224 268 269
225 225 266 267
184 184 225 224
226 226 272 273
227 227 270 271
186 186 227 226
98 98 127 129
129 129 153 155
99 99 127 129
100 100 128 130
130 130 153 155
101 101 128 130
228 228 276 277
229 229 274 275
188 188 229 228
230 230 280 281
231 231 278 279
190 190 231 230
232 232 284 285
233 233 282 283
192 192 233 232
234 234 288 289
235 235 286 287
194 194 235 234
195 195 216 217
236 236 216 217
237 237 292 293
238 238 290 291
197 197 238 237
239 239 296 297
240 240 294 295
199 199 240 239
241 241 218 219
201 201 236 241
249 249 248 250
252 252 251 253
203 203 249 252
204 204 218 219
242 242 300 301
243 243 298 299
206 206 243 242
254 254 311 314
256 256 312 313
244 244 304 305
245 245 302 303
209 209 245 244
246 246 308 309
247 247 306 307
211 211 247 246
68 68 98 102
102 102 135 137
69 69 98 102
70 70 99 103
103 103 135 137
71 71 99 103
72 72 100 104
104 104 136 138
73 73 100 104
74 74 101 105
105 105 136 138
75 75 101 105
160 160 180 182
248 248 180 182
131 131 160 161
161 161 184 186
132 132 160 161
250 250 184 186
212 212 248 250
162 162 188 190
251 251 188 190
133 133 162 163
163 163 192 194
134 134 162 163
253 253 192 194
213 213 251 253
135 135 170 168
137 137 172 174
170 170 197 199
168 168 201 203
136 136 170 168
172 172 206 214
174 174 209 211
138 138 172 174
139 139 164 165
164 164 -1 195
165 165 -1 204
166 166 -1 195
167 167 -1 204
140 140 166 167
169 169 201 203
171 171 197 199
141 141 171 169
142 142 171 169
-1 214 255 257
173 173 206 215
-1 215 255 257
311 311 316 317
-1 314 318 145
255 255 311 315
-1 315 318 146
312 312 141 143
313 313 131 133
257 257 312 313
143 143 173 175
175 175 209 211
144 144 173 175
106 106 141 143
107 107 142 144
108 108 142 144
76 76 106 109
109 109 131 133
77 77 106 109
78 78 107 110
110 110 132 134
79 79 107 110
80 80 108 111
111 111 132 134
81 81 108 111
82 82 -1 112
112 112 139 145
83 83 -1 112
145 145 -1 176
84 84 113 114
113 113 -1 139
114 114 -1 146
146 146 -1 176
85 85 113 114
176 176 212 213
-1 316 164 166
-1 317 165 167
318 318 177 178
177 177 -1 212
178 178 -1 213
147 147 177 178
86 86 115 116
115 115 -1 140
116 116 -1 147
87 87 115 116
88 88 117 118
117 117 -1 140
118 118 -1 147
89 89 117 118
