61 61 -1 92
92 92 -1 122
62 62 -1 93
93 93 -1 122
122 122 151 152
-1 313 226 92
226 226 154 156
-1 181 226 93
151 151 183 185
152 152 187 188
63 63 -1 94
94 94 123 124
64 64 -1 94
123 123 -1 151
124 124 -1 152
-1 223 123 155
155 155 -1 184
-1 224 124 157
157 157 -1 186
183 183 229 230
185 185 231 232
187 187 225 233
188 188 234 171
225 225 189 313
189 189 227 228
153 153 189 181
154 154 -1 184
156 156 -1 186
184 184 229 230
186 186 231 232
158 158 182 190
182 182 223 224
190 190 228 227
334 334 182 190
125 125 159 160
159 159 -1 183
160 160 -1 185
229 229 195 197
230 230 199 201
231 231 203 205
232 232 207 209
126 126 161 162
161 161 -1 187
162 162 -1 188
233 233 211 213
234 234 215 217
171 171 -1 219
65 65 -1 95
95 95 125 126
66 66 -1 95
67 67 96 97
96 96 -1 125
97 97 -1 126
68 68 96 97
-1 314 159 191
191 191 -1 225
-1 315 160 192
192 192 -1 233
-1 316 161 193
193 193 -1 234
-1 317 162 194
194 194 -1 172
227 227 314 315
228 228 316 317
163 163 191 192
172 172 -1 220
164 164 193 194
195 195 235 236
197 197 237 238
165 165 195 197
199 199 239 240
201 201 241 242
166 166 199 201
203 203 243 244
205 205 245 246
167 167 203 205
207 207 247 248
209 209 249 250
168 168 207 209
211 211 251 252
213 213 253 254
169 169 211 213
215 215 255 266
217 217 256 257
170 170 215 217
-1 219 258 260
-1 220 259 261
127 127 153 169
128 128 153 169
129 129 158 179
179 179 212 214
130 130 158 179
326 326 334 337
337 337 212 214
98 98 131 132
131 131 -1 154
132 132 -1 156
99 99 131 132
100 100 133 134
133 133 -1 155
134 134 -1 157
101 101 133 134
102 102 135 136
135 135 -1 163
136 136 -1 164
103 103 135 136
104 104 137 138
137 137 -1 163
138 138 -1 164
105 105 137 138
139 139 165 166
140 140 165 166
235 235 271 272
236 236 269 270
196 196 236 235
237 237 275 276
238 238 273 274
198 198 238 237
239 239 279 280
240 240 277 278
200 200 240 239
241 241 283 284
242 242 281 282
202 202 242 241
106 106 139 141
141 141 167 168
107 107 139 141
108 108 140 142
142 142 167 168
109 109 140 142
243 243 287 288
244 244 285 286
204 204 244 243
245 245 291 292
246 246 289 290
206 206 246 245
247 247 295 296
248 248 293 294
208 208 248 247
249 249 299 300
250 250 297 298
210 210 250 249
251 251 303 304
252 252 301 302
212 212 252 251
253 253 307 308
254 254 305 306
214 214 254 253
110 110 127 143
143 143 170 173
111 111 127 143
112 112 128 144
144 144 170 174
113 113 128 144
173 173 -1 221
174 174 -1 222
255 255 309 310
-1 266 319 318
216 216 255 267
-1 267 319 318
256 256 -1 268
257 257 311 312
218 218 257 256
145 145 180 171
180 180 216 218
146 146 180 172
-1 258 320 260
260 260 -1 322
-1 259 320 261
261 261 -1 322
-1 221 262 264
-1 222 263 265
318 318 330 174
330 330 216 218
-1 262 321 264
264 264 -1 323
-1 263 321 265
265 265 -1 323
69 69 98 102
70 70 98 102
71 71 99 103
72 72 99 103
73 73 100 104
74 74 100 104
75 75 101 105
76 76 101 105
77 77 106 110
78 78 106 110
79 79 107 111
80 80 107 111
81 81 108 112
82 82 108 112
83 83 109 113
84 84 109 113
175 175 196 198
335 335 196 198
147 147 175 176
176 176 200 202
148 148 175 176
327 327 335 336
336 336 200 202
177 177 204 206
328 328 204 206
149 149 177 178
178 178 208 210
150 150 177 178
319 319 328 329
329 329 208 210
320 320 327 326
322 322 331 332
321 321 327 326
323 323 332 331
-1 268 324 325
114 114 147 149
115 115 147 149
116 116 148 150
117 117 148 150
-1 338 334 335
-1 339 337 336
85 85 114 118
118 118 129 145
86 86 114 118
87 87 115 119
119 119 129 145
88 88 115 119
89 89 116 120
120 120 130 146
90 90 116 120
-1 333 117 121
121 121 130 146
91 91 117 121
-1 340 330 328
-1 341 173 329
331 331 338 339
332 332 340 341
324 324 -1 333
-1 325 324 91
