0 0 3 2
0 0 5 4
0 0 19 18
0 0 21 20
0 0 63 62
0 0 65 64
0 0 67 66
0 0 69 68
0 0 187 186
0 0 189 188
0 0 191 190
0 0 193 192
0 0 322 321
0 0 324 323
0 0 338 337
0 0 340 339
0 0 350 349
0 0 352 351
0 0 354 353
0 0 356 355
0 0 402 401
0 0 404 403
0 0 406 405
0 0 408 407
0 0 422 421
0 0 424 423
0 0 426 425
0 0 428 427
0 0 434 433
0 0 436 435
465 0 440 439
4 2 11 10
20 18 13 12
5 3 15 14
21 19 17 16
64 62 43 42
68 66 45 44
65 63 71 70
69 67 73 72
188 186 117 116
192 190 119 118
189 187 165 164
193 191 167 166
323 321 330 329
339 337 332 331
324 322 334 333
340 338 336 335
351 349 346 345
355 353 348 347
352 350 358 357
356 354 360 359
403 401 370 369
407 405 372 371
404 402 386 385
408 406 388 387
423 421 418 417
427 425 420 419
435 433 430 429
439 437 432 431
424 422 442 441
428 426 444 443
436 434 446 445
440 438 448 447
12 10 23 22
44 42 25 24
13 11 27 26
45 43 29 28
16 14 31 30
72 70 33 32
17 15 35 34
73 71 37 36
118 116 99 98
119 117 125 124
166 164 147 146
167 165 169 168
331 329 207 206
347 345 209 208
371 369 211 210
335 333 237 236
359 357 239 238
387 385 241 240
336 334 275 274
360 358 277 276
388 386 279 278
332 330 305 304
348 346 307 306
372 370 309 308
419 417 374 373
431 429 378 377
420 418 380 379
432 430 384 383
443 441 390 389
447 445 394 393
444 442 396 395
448 446 400 399
24 22 47 46
120 98 49 48
25 23 51 50
122 99 53 52
28 26 55 54
142 124 57 56
29 27 59 58
144 125 61 60
32 30 75 74
146 121 77 76
33 31 79 78
147 123 81 80
36 34 83 82
168 143 85 84
37 35 87 86
169 145 89 88
208 206 195 194
375 210 197 196
209 207 213 212
376 211 215 214
238 236 225 224
391 240 227 226
239 237 243 242
392 241 245 244
276 274 267 266
397 278 269 268
277 275 281 280
398 279 283 282
306 304 293 292
381 308 295 294
307 305 311 310
382 309 313 312
377 373 -1 375
378 374 -1 376
383 379 -1 381
384 380 -1 382
393 389 -1 391
394 390 -1 392
399 395 -1 397
400 396 -1 398
48 46 101 100
196 194 103 102
49 47 105 104
197 195 107 106
52 50 109 108
214 212 111 110
53 51 113 112
215 213 115 114
56 54 127 126
226 224 129 128
57 55 131 130
227 225 133 132
60 58 135 134
244 242 137 136
61 59 139 138
245 243 141 140
76 74 149 148
268 266 151 150
77 75 153 152
269 267 155 154
80 78 157 156
282 280 159 158
81 79 161 160
283 281 163 162
84 82 171 170
294 292 173 172
85 83 175 174
295 293 177 176
88 86 179 178
312 310 181 180
89 87 183 182
313 311 185 184
103 100 1 1
102 101 1 1
107 104 1 1
106 105 1 1
111 108 1 1
110 109 1 1
115 112 1 1
114 113 1 1
129 126 1 1
128 127 1 1
133 130 1 1
132 131 1 1
137 134 1 1
136 135 1 1
141 138 1 1
140 139 1 1
151 148 255 254
150 149 257 256
155 152 1 1
154 153 1 1
159 156 1 1
158 157 1 1
163 160 1 1
162 161 1 1
173 170 1 1
172 171 1 1
177 174 1 1
176 175 1 1
181 178 1 1
180 179 1 1
185 182 -1 320
184 183 1 1
-1 320 463 462
-1 254 121 120
-1 255 123 122
-1 256 143 142
-1 257 145 144
464 462 -1 466
-1 463 465 464
-1 466 438 437
