62 62 -1 110
110 110 -1 135
63 63 -1 111
111 111 -1 135
135 135 151 153
-1 112 110 78
78 78 -1 90
-1 113 111 79
79 79 -1 91
151 151 169 171
153 153 173 175
64 64 -1 114
114 114 136 137
65 65 -1 114
136 136 -1 151
137 137 -1 153
-1 138 136 80
80 80 -1 108
-1 139 137 81
81 81 -1 109
169 169 181 182
171 171 183 184
152 152 169 171
173 173 185 186
175 175 187 188
154 154 173 175
66 66 -1 68
68 68 -1 112
67 67 -1 69
69 69 -1 113
-1 165 66 116
116 116 -1 140
-1 166 67 117
117 117 -1 140
70 70 -1 72
72 72 -1 115
71 71 -1 73
73 73 -1 115
-1 179 70 141
141 141 -1 152
-1 180 71 142
142 142 -1 154
115 115 138 139
155 155 -1 165
156 156 -1 166
140 140 152 154
74 74 -1 116
75 75 -1 117
167 167 -1 179
168 168 -1 180
76 76 118 119
118 118 -1 141
119 119 -1 142
77 77 118 119
90 90 -1 120
91 91 -1 121
108 108 -1 133
109 109 -1 134
82 82 -1 84
84 84 -1 122
83 83 -1 85
85 85 -1 123
-1 120 82 92
92 92 -1 126
-1 121 83 93
93 93 -1 127
122 122 -1 144
123 123 -1 145
-1 144 155 159
-1 145 156 160
86 86 -1 88
88 88 -1 124
87 87 -1 89
89 89 -1 125
-1 133 86 94
94 94 -1 128
-1 134 87 95
95 95 -1 129
124 124 -1 143
125 125 -1 143
143 143 157 158
126 126 -1 149
127 127 -1 149
149 149 162 164
128 128 -1 150
129 129 -1 150
150 150 162 164
96 96 -1 122
97 97 -1 123
-1 159 155 130
-1 160 156 131
98 98 -1 124
99 99 -1 125
-1 157 167 177
-1 177 167 147
-1 158 168 178
-1 178 168 148
181 181 203 190
182 182 201 202
170 170 182 181
183 183 199 200
184 184 197 198
172 172 184 183
185 185 195 196
186 186 193 194
174 174 186 185
187 187 191 192
-1 188 126 128
176 176 187 189
-1 189 127 129
130 130 -1 146
131 131 -1 146
147 147 -1 161
148 148 -1 163
100 100 -1 96
101 101 -1 97
102 102 -1 98
103 103 -1 99
104 104 -1 130
105 105 -1 131
146 146 161 163
161 161 176 174
163 163 172 170
106 106 -1 132
132 132 147 148
107 107 -1 132
162 162 176 174
164 164 172 170
-1 190 109 108
