62 62 -1 94
94 94 125 126
63 63 -1 94
64 64 -1 62
65 65 -1 63
125 125 158 159
126 126 160 161
95 95 -1 125
96 96 -1 126
66 66 95 96
158 158 184 185
159 159 186 187
160 160 190 188
161 161 -1 191
67 67 97 98
97 97 -1 95
98 98 -1 96
68 68 97 98
99 99 127 128
127 127 -1 158
128 128 -1 159
184 184 205 206
185 185 207 208
186 186 209 210
187 187 211 212
100 100 129 130
129 129 -1 160
130 130 -1 162
162 162 -1 192
190 190 213 214
188 188 -1 223
-1 191 215 217
-1 192 216 218
69 69 99 100
70 70 99 100
101 101 131 132
131 131 -1 127
132 132 -1 128
102 102 131 132
103 103 133 134
133 133 -1 129
134 134 -1 130
104 104 133 134
135 135 163 164
163 163 -1 184
164 164 -1 185
205 205 227 228
206 206 225 226
207 207 231 232
208 208 229 230
136 136 165 166
165 165 -1 186
166 166 -1 187
209 209 235 236
210 210 233 234
211 211 239 240
212 212 237 238
137 137 167 168
167 167 -1 189
168 168 -1 190
189 189 -1 224
-1 223 251 249
-1 224 252 250
213 213 243 244
214 214 241 242
138 138 -1 161
139 139 -1 162
-1 215 245 217
217 217 -1 247
-1 216 245 218
218 218 -1 247
71 71 101 103
72 72 101 103
73 73 102 104
74 74 102 104
105 105 135 136
106 106 135 136
75 75 105 107
107 107 137 144
76 76 105 107
77 77 106 108
108 108 137 145
78 78 106 108
140 140 169 170
169 169 -1 163
170 170 -1 164
141 141 169 170
142 142 171 172
171 171 -1 165
172 172 -1 166
143 143 171 172
173 173 193 194
193 193 -1 206
194 194 -1 205
268 268 193 194
174 174 195 196
195 195 -1 208
196 196 -1 207
269 269 195 196
175 175 197 198
197 197 -1 210
198 198 -1 209
270 270 197 198
176 176 199 200
199 199 -1 212
200 200 -1 211
271 271 199 200
144 144 -1 177
145 145 -1 178
177 177 -1 201
178 178 -1 202
146 146 -1 144
147 147 -1 145
-1 201 219 221
-1 202 220 222
148 148 179 180
179 179 -1 167
180 180 -1 168
149 149 179 180
150 150 -1 177
151 151 -1 178
-1 219 246 221
221 221 -1 248
-1 220 246 222
222 222 -1 248
245 245 253 254
247 247 255 256
246 246 253 254
248 248 256 255
181 181 -1 188
182 182 -1 189
-1 251 258 249
249 249 -1 257
-1 252 258 250
250 250 -1 257
183 183 203 204
203 203 -1 214
204 204 -1 213
272 272 203 204
109 109 140 142
110 110 140 142
79 79 109 113
113 113 148 146
80 80 109 113
81 81 110 114
114 114 148 147
82 82 110 114
111 111 141 143
112 112 141 143
83 83 111 115
115 115 149 146
84 84 111 115
85 85 112 116
116 116 149 147
86 86 112 116
152 152 174 173
153 153 174 173
117 117 152 154
154 154 176 175
118 118 152 154
119 119 153 155
155 155 176 175
120 120 153 155
259 259 269 268
253 253 259 262
262 262 271 270
-1 260 138 269
-1 261 139 268
-1 263 271 272
-1 264 270 181
121 121 156 138
156 156 183 181
122 122 156 139
123 123 157 150
157 157 183 182
124 124 157 151
254 254 265 150
265 265 272 182
255 255 263 264
256 256 260 261
257 257 266 267
258 258 119 123
87 87 117 121
88 88 117 121
89 89 118 122
90 90 118 122
91 91 119 123
92 92 120 124
93 93 120 124
-1 266 259 265
-1 267 262 151
