62 62 -1 93
93 93 120 121
63 63 -1 93
120 120 143 144
121 121 145 146
64 64 94 95
94 94 -1 120
95 95 -1 121
65 65 94 95
143 143 161 162
144 144 163 164
145 145 165 166
146 146 167 168
96 96 122 123
122 122 -1 143
123 123 -1 144
97 97 122 123
161 161 173 174
162 162 176 177
163 163 179 180
164 164 182 183
98 98 124 125
124 124 -1 145
125 125 -1 146
99 99 124 125
165 165 185 186
166 166 188 189
167 167 193 194
168 168 195 196
66 66 96 98
67 67 96 98
68 68 97 99
69 69 97 99
126 126 147 148
147 147 -1 161
148 148 -1 162
127 127 147 148
173 173 200 201
174 174 198 199
175 175 174 173
176 176 204 205
177 177 202 203
178 178 177 176
128 128 149 150
149 149 -1 163
150 150 -1 164
129 129 149 150
179 179 208 209
180 180 206 207
181 181 180 179
182 182 212 213
183 183 210 211
184 184 183 182
130 130 151 152
151 151 -1 165
152 152 -1 166
131 131 151 152
185 185 216 217
186 186 214 215
187 187 186 185
188 188 220 197
189 189 218 219
190 190 189 188
132 132 153 154
153 153 -1 167
154 154 -1 168
133 133 153 154
193 193 175 178
194 194 181 184
191 191 193 194
195 195 187 190
196 196 191 192
192 192 195 196
100 100 126 128
101 101 126 128
70 70 100 104
104 104 130 132
71 71 100 104
72 72 101 105
105 105 130 132
73 73 101 105
102 102 127 129
103 103 127 129
74 74 102 106
106 106 131 133
75 75 102 106
-1 197 103 107
107 107 131 133
76 76 103 107
169 169 175 178
155 155 169 170
170 170 181 184
171 171 187 190
156 156 171 172
172 172 191 192
77 77 -1 108
108 108 -1 134
78 78 -1 109
109 109 -1 134
134 134 155 156
79 79 -1 108
80 80 -1 109
81 81 -1 110
110 110 135 136
82 82 -1 110
135 135 -1 155
136 136 -1 156
83 83 111 112
111 111 -1 135
112 112 -1 136
84 84 111 112
137 137 157 158
157 157 -1 169
158 158 -1 170
138 138 159 160
159 159 -1 171
160 160 -1 172
85 85 -1 113
113 113 137 138
86 86 -1 113
87 87 114 115
114 114 -1 137
115 115 -1 138
88 88 114 115
116 116 139 140
139 139 -1 157
140 140 -1 158
117 117 139 140
118 118 141 142
141 141 -1 159
142 142 -1 160
119 119 141 142
89 89 116 118
90 90 116 118
91 91 117 119
92 92 117 119
