62 62 -1 94
94 94 125 126
63 63 -1 94
64 64 -1 62
65 65 -1 63
125 125 158 159
126 126 160 161
95 95 -1 125
96 96 -1 126
66 66 95 96
158 158 183 184
159 159 185 186
160 160 187 188
161 161 -1 189
67 67 97 98
97 97 -1 95
98 98 -1 96
68 68 97 98
99 99 127 128
127 127 -1 158
128 128 -1 159
183 183 205 206
184 184 207 208
185 185 209 210
186 186 211 212
100 100 129 130
129 129 -1 160
130 130 -1 162
162 162 -1 190
187 187 213 224
188 188 214 215
-1 189 216 218
-1 190 217 219
69 69 99 100
70 70 99 100
101 101 131 132
131 131 -1 127
132 132 -1 128
102 102 131 132
103 103 133 134
133 133 -1 129
134 134 -1 130
104 104 133 134
135 135 163 164
163 163 -1 183
164 164 -1 184
205 205 229 230
206 206 227 228
207 207 233 234
208 208 231 232
136 136 165 166
165 165 -1 185
166 166 -1 186
209 209 237 238
210 210 235 236
211 211 241 242
212 212 239 240
137 137 167 168
167 167 -1 187
168 168 -1 188
213 213 243 244
-1 224 248 150
214 214 247 226
215 215 245 246
138 138 -1 161
139 139 -1 162
-1 216 249 218
218 218 -1 251
-1 217 249 219
219 219 -1 251
71 71 101 103
72 72 101 103
73 73 102 104
74 74 102 104
105 105 135 136
106 106 135 136
75 75 105 107
107 107 137 144
76 76 105 107
77 77 106 108
108 108 137 145
78 78 106 108
140 140 169 170
169 169 -1 163
170 170 -1 164
141 141 169 170
142 142 171 172
171 171 -1 165
172 172 -1 166
143 143 171 172
173 173 191 192
191 191 -1 206
192 192 -1 205
253 253 191 192
174 174 193 194
193 193 -1 208
194 194 -1 207
254 254 193 194
175 175 195 196
195 195 -1 210
196 196 -1 209
259 259 195 196
176 176 197 198
197 197 -1 212
198 198 -1 211
260 260 197 198
144 144 -1 177
145 145 -1 178
177 177 -1 199
178 178 -1 200
146 146 -1 144
147 147 -1 145
-1 199 220 222
-1 200 221 223
148 148 179 180
179 179 -1 167
180 180 -1 168
149 149 179 180
150 150 -1 177
151 151 -1 178
-1 220 250 222
222 222 -1 252
-1 221 250 223
223 223 -1 252
249 249 255 258
251 251 256 257
250 250 255 258
252 252 257 256
181 181 201 202
201 201 -1 213
202 202 -1 225
-1 225 248 151
261 261 201 202
248 248 254 253
182 182 203 204
203 203 -1 215
204 204 -1 214
262 262 203 204
-1 226 120 124
109 109 140 142
110 110 140 142
79 79 109 113
113 113 148 146
80 80 109 113
81 81 110 114
114 114 148 147
82 82 110 114
111 111 141 143
112 112 141 143
83 83 111 115
115 115 149 146
84 84 111 115
85 85 112 116
116 116 149 147
86 86 112 116
152 152 174 173
153 153 174 173
117 117 152 154
154 154 176 175
118 118 152 154
119 119 153 155
155 155 176 175
120 120 153 155
-1 263 138 254
-1 264 139 253
255 255 260 259
-1 265 260 262
-1 266 259 261
258 258 262 261
121 121 156 138
156 156 182 181
122 122 156 139
123 123 157 150
157 157 182 181
124 124 157 151
256 256 265 266
257 257 263 264
87 87 117 121
88 88 117 121
89 89 118 122
90 90 118 122
91 91 119 123
92 92 119 123
93 93 120 124
