62 62 -1 94
94 94 125 126
63 63 -1 94
64 64 -1 62
65 65 -1 63
125 125 155 156
126 126 157 158
95 95 -1 125
96 96 -1 126
66 66 95 96
155 155 184 185
156 156 186 187
157 157 188 189
158 158 191 192
67 67 97 98
97 97 -1 95
98 98 -1 96
68 68 97 98
99 99 127 128
127 127 -1 155
128 128 -1 156
184 184 208 209
185 185 210 211
186 186 212 213
187 187 214 215
100 100 129 130
129 129 -1 157
130 130 -1 158
188 188 216 217
-1 189 221 222
191 191 218 224
192 192 219 220
69 69 99 100
70 70 99 100
101 101 131 132
131 131 -1 127
132 132 -1 128
102 102 131 132
103 103 133 134
133 133 -1 129
134 134 -1 130
104 104 133 134
135 135 159 160
159 159 -1 184
160 160 -1 185
208 208 231 232
209 209 229 230
210 210 235 236
211 211 233 234
136 136 161 162
161 161 -1 186
162 162 -1 187
212 212 239 240
213 213 237 238
214 214 243 244
215 215 241 242
137 137 163 164
163 163 -1 188
164 164 -1 190
-1 190 221 223
216 216 247 248
217 217 245 246
221 221 256 261
-1 222 255 260
-1 223 255 260
138 138 165 166
165 165 -1 191
166 166 -1 192
218 218 249 250
-1 224 254 257
219 219 253 228
220 220 251 252
71 71 101 103
72 72 101 103
73 73 102 104
74 74 102 104
105 105 135 136
106 106 135 136
75 75 105 107
107 107 137 138
76 76 105 107
77 77 106 108
108 108 137 138
78 78 106 108
139 139 167 168
167 167 -1 159
168 168 -1 160
140 140 167 168
141 141 169 170
169 169 -1 161
170 170 -1 162
142 142 169 170
171 171 193 194
193 193 -1 209
194 194 -1 208
262 262 193 194
172 172 195 196
195 195 -1 211
196 196 -1 210
263 263 195 196
173 173 197 198
197 197 -1 213
198 198 -1 212
264 264 197 198
174 174 199 200
199 199 -1 215
200 200 -1 214
265 265 199 200
143 143 175 176
175 175 -1 163
176 176 -1 164
144 144 175 176
145 145 177 178
177 177 -1 165
178 178 -1 166
146 146 177 178
179 179 201 202
201 201 -1 217
202 202 -1 216
266 266 201 202
256 256 265 264
261 261 268 267
255 255 269 270
260 260 271 272
180 180 203 204
203 203 -1 218
204 204 -1 225
-1 225 254 257
267 267 203 204
254 254 263 262
257 257 266 182
181 181 205 206
205 205 -1 220
206 206 -1 219
268 268 205 206
-1 228 120 124
109 109 139 141
110 110 139 141
79 79 109 113
113 113 143 145
80 80 109 113
81 81 110 114
114 114 143 145
82 82 110 114
111 111 140 142
112 112 140 142
83 83 111 115
115 115 144 146
84 84 111 115
85 85 112 116
116 116 144 146
86 86 112 116
147 147 172 171
148 148 172 171
117 117 147 149
149 149 174 173
118 118 147 149
119 119 148 150
150 150 174 173
120 120 148 150
269 269 263 262
270 270 265 264
151 151 179 182
182 182 -1 207
152 152 179 183
183 183 -1 207
121 121 151 153
153 153 181 180
122 122 151 153
123 123 152 154
154 154 181 180
124 124 152 154
207 207 226 227
271 271 266 183
-1 226 256 258
-1 258 269 271
-1 227 261 259
-1 259 270 272
272 272 268 267
87 87 117 121
88 88 117 121
89 89 118 122
90 90 118 122
91 91 119 123
92 92 119 123
93 93 120 124
