62 62 93 95
93 93 -1 125
95 95 -1 126
63 63 94 96
94 94 -1 125
96 96 -1 126
125 125 149 151
126 126 153 155
64 64 93 109
109 109 -1 137
65 65 94 110
110 110 -1 137
149 149 165 167
151 151 169 171
66 66 95 111
111 111 -1 138
67 67 96 112
112 112 -1 138
153 153 173 175
155 155 177 179
68 68 97 99
97 97 127 128
99 99 129 130
69 69 97 99
127 127 -1 149
128 128 -1 151
98 98 127 128
129 129 -1 153
130 130 -1 155
100 100 129 130
70 70 98 114
114 114 139 140
71 71 98 114
72 72 100 116
116 116 141 142
73 73 100 116
165 165 181 182
167 167 183 184
150 150 165 167
169 169 185 186
171 171 187 188
152 152 169 171
173 173 189 190
175 175 191 192
154 154 173 175
177 177 193 194
179 179 195 196
156 156 177 179
74 74 101 103
101 101 -1 131
103 103 -1 132
75 75 102 104
102 102 -1 131
104 104 -1 132
131 131 157 159
132 132 161 163
76 76 101 103
77 77 102 104
157 157 166 168
159 159 170 172
161 161 174 176
163 163 178 180
78 78 105 107
105 105 133 134
107 107 135 136
79 79 105 107
133 133 -1 157
134 134 -1 159
106 106 133 134
135 135 -1 161
136 136 -1 163
108 108 135 136
-1 197 106 108
80 80 106 108
166 166 182 181
168 168 184 183
158 158 166 168
170 170 186 185
172 172 188 187
160 160 170 172
174 174 190 189
176 176 192 191
162 162 174 176
178 178 194 193
180 180 196 195
164 164 178 180
81 81 109 111
82 82 110 112
137 137 162 164
138 138 158 160
83 83 113 115
113 113 139 140
115 115 141 142
84 84 113 115
139 139 -1 162
140 140 -1 164
141 141 -1 158
142 142 -1 160
85 85 117 119
117 117 -1 143
119 119 -1 144
86 86 118 120
118 118 -1 143
120 120 -1 144
143 143 154 156
144 144 150 152
87 87 117 119
88 88 118 120
89 89 121 123
121 121 145 146
123 123 147 148
90 90 121 123
145 145 -1 154
146 146 -1 156
122 122 145 146
147 147 -1 150
148 148 -1 152
124 124 147 148
91 91 122 124
92 92 122 124
181 181 200 201
182 182 198 199
183 183 204 205
184 184 202 203
185 185 208 209
186 186 206 207
187 187 212 213
188 188 210 211
189 189 216 217
190 190 214 215
191 191 220 221
192 192 218 219
193 193 224 225
194 194 222 223
195 195 228 197
196 196 226 227
