62 62 -1 93
93 93 124 125
63 63 -1 93
124 124 154 155
125 125 156 157
64 64 94 95
94 94 -1 124
95 95 -1 125
65 65 94 95
154 154 178 179
155 155 180 181
156 156 183 184
157 157 186 187
96 96 126 127
126 126 -1 154
127 127 -1 155
97 97 126 127
178 178 198 200
179 179 202 204
180 180 208 210
181 181 -1 212
98 98 128 129
128 128 -1 156
129 129 -1 157
99 99 128 129
183 183 216 218
-1 184 220 221
186 186 196 206
187 187 214 222
66 66 96 98
67 67 96 98
68 68 97 99
69 69 97 99
130 130 158 159
158 158 -1 178
159 159 -1 179
131 131 158 159
198 198 232 233
200 200 234 235
226 226 198 200
202 202 236 237
204 204 238 239
227 227 202 204
132 132 160 161
160 160 -1 180
161 161 -1 182
182 182 -1 213
133 133 160 161
208 208 240 241
210 210 242 243
228 228 208 210
-1 212 251 253
-1 213 252 254
134 134 162 163
162 162 -1 183
163 163 -1 185
-1 185 220 221
135 135 162 163
216 216 246 255
218 218 247 248
229 229 216 218
220 220 257 259
221 221 261 263
136 136 164 165
164 164 -1 186
165 165 -1 187
137 137 164 165
196 196 226 227
206 206 228 244
230 230 196 206
214 214 229 249
222 222 230 231
231 231 214 222
100 100 130 132
101 101 130 132
70 70 100 104
104 104 134 136
71 71 100 104
72 72 101 105
105 105 134 136
73 73 101 105
102 102 131 133
103 103 131 133
74 74 102 106
106 106 135 137
75 75 102 106
76 76 103 107
107 107 135 137
77 77 103 107
197 197 226 227
232 232 267 268
233 233 265 266
199 199 233 232
234 234 271 272
235 235 269 270
201 201 235 234
236 236 275 276
237 237 273 274
203 203 237 236
238 238 279 280
239 239 277 278
205 205 239 238
188 188 197 207
207 207 228 245
244 244 -1 297
245 245 -1 298
240 240 283 284
241 241 281 282
209 209 241 240
242 242 287 288
243 243 285 286
211 211 243 242
166 166 192 181
192 192 209 211
-1 251 307 253
253 253 -1 308
-1 252 307 254
254 254 -1 308
-1 297 320 322
-1 298 321 323
295 295 -1 244
296 296 -1 245
-1 320 343 322
322 322 -1 344
-1 321 343 323
323 323 -1 344
-1 249 299 300
215 215 229 250
-1 250 299 300
246 246 289 290
-1 255 309 310
217 217 246 256
-1 256 309 311
247 247 293 294
248 248 291 292
219 219 248 247
257 257 304 295
259 259 302 303
299 299 257 259
261 261 301 305
263 263 306 312
300 300 261 263
189 189 215 223
223 223 230 231
167 167 188 189
301 301 314 315
314 314 -1 197
315 315 -1 207
349 349 314 315
190 190 199 201
168 168 190 191
191 191 203 205
302 302 316 317
316 316 -1 199
317 317 -1 201
350 350 316 317
303 303 318 319
318 318 -1 203
319 319 -1 205
351 351 318 319
307 307 332 330
308 308 334 335
343 343 332 330
344 344 335 334
304 304 324 325
324 324 -1 209
325 325 -1 211
352 352 324 325
138 138 169 170
169 169 -1 188
170 170 -1 189
139 139 169 170
305 305 326 327
326 326 -1 215
327 327 -1 223
353 353 326 327
193 193 217 219
309 309 118 122
-1 310 333 331
-1 311 333 331
171 171 193 194
-1 194 225 224
306 306 328 329
328 328 -1 217
329 329 -1 219
354 354 328 329
258 258 304 296
260 260 302 303
262 262 301 305
312 312 -1 336
264 264 306 313
313 313 -1 336
108 108 140 141
140 140 -1 167
141 141 -1 171
109 109 140 141
110 110 142 143
142 142 -1 167
143 143 -1 171
111 111 142 143
144 144 172 173
172 172 -1 193
173 173 -1 195
-1 195 225 224
145 145 172 173
225 225 260 258
224 224 262 264
337 337 349 353
-1 338 349 352
-1 339 353 296
330 330 337 348
348 348 354 313
331 331 337 348
146 146 174 175
174 174 -1 190
175 175 -1 191
147 147 174 175
112 112 148 149
148 148 -1 168
149 149 -1 166
113 113 148 149
114 114 150 151
150 150 -1 168
151 151 -1 166
115 115 150 151
152 152 176 177
176 176 -1 192
177 177 -1 182
153 153 176 177
340 340 350 351
332 332 340 345
345 345 352 295
333 333 340 345
-1 341 350 354
-1 342 351 312
334 334 338 339
335 335 341 342
118 118 139 145
122 122 147 153
78 78 118 122
-1 346 262 260
-1 347 264 258
336 336 346 347
116 116 138 144
117 117 138 144
79 79 116 120
120 120 146 152
80 80 116 120
81 81 117 121
121 121 146 152
82 82 117 121
119 119 139 145
83 83 119 123
123 123 147 153
84 84 119 123
85 85 108 112
86 86 108 112
87 87 109 113
88 88 109 113
89 89 110 114
90 90 110 114
91 91 111 115
92 92 111 115
