62 62 -1 93
93 93 124 125
63 63 -1 93
124 124 154 155
125 125 156 157
64 64 94 95
94 94 -1 124
95 95 -1 125
65 65 94 95
154 154 178 179
155 155 180 181
156 156 182 183
157 157 185 186
96 96 126 127
126 126 -1 154
127 127 -1 155
97 97 126 127
178 178 198 200
179 179 202 204
180 180 208 210
181 181 211 213
98 98 128 129
128 128 -1 156
129 129 -1 157
99 99 128 129
182 182 217 219
-1 183 221 222
185 185 196 206
186 186 215 223
66 66 96 98
67 67 96 98
68 68 97 99
69 69 97 99
130 130 158 159
158 158 -1 178
159 159 -1 179
131 131 158 159
198 198 235 236
200 200 237 238
228 228 198 200
202 202 239 240
204 204 241 242
229 229 202 204
132 132 160 161
160 160 -1 180
161 161 -1 181
133 133 160 161
208 208 243 244
-1 210 254 256
230 230 208 302
-1 302 254 331
211 211 245 246
213 213 247 248
231 231 211 213
134 134 162 163
162 162 -1 182
163 163 -1 184
-1 184 221 222
135 135 162 163
217 217 249 258
219 219 250 251
232 232 217 219
221 221 260 262
222 222 264 266
136 136 164 165
164 164 -1 185
165 165 -1 186
137 137 164 165
196 196 228 229
206 206 230 231
233 233 196 206
215 215 232 252
223 223 233 234
234 234 215 223
100 100 130 132
101 101 130 132
70 70 100 104
104 104 134 136
71 71 100 104
72 72 101 105
105 105 134 136
73 73 101 105
102 102 131 133
103 103 131 133
74 74 102 106
106 106 135 137
75 75 102 106
76 76 103 107
107 107 135 137
77 77 103 107
197 197 228 229
235 235 271 272
236 236 269 270
199 199 236 235
237 237 275 276
238 238 273 274
201 201 238 237
239 239 279 280
240 240 277 278
203 203 240 239
241 241 283 284
242 242 281 282
205 205 242 241
187 187 197 207
207 207 230 231
243 243 287 288
244 244 285 286
209 209 244 243
254 254 312 318
-1 256 316 313
-1 331 316 313
245 245 291 292
246 246 289 290
212 212 246 245
247 247 295 296
248 248 293 294
214 214 248 247
-1 252 303 304
216 216 232 253
-1 253 303 304
249 249 297 298
-1 258 315 319
218 218 249 259
-1 259 315 319
250 250 301 268
251 251 299 300
220 220 251 250
260 260 308 309
262 262 306 307
303 303 260 262
264 264 305 310
266 266 311 320
304 304 264 266
188 188 216 224
224 224 233 234
166 166 187 188
305 305 322 323
322 322 -1 197
323 323 -1 207
324 324 322 323
189 189 199 201
167 167 189 190
190 190 203 205
306 306 325 326
325 325 -1 199
326 326 -1 201
327 327 325 326
307 307 328 329
328 328 -1 203
329 329 -1 205
330 330 328 329
191 191 209 225
-1 225 255 257
312 312 324 340
318 318 334 337
255 255 312 318
316 316 345 346
313 313 344 347
168 168 191 192
192 192 212 214
308 308 332 333
332 332 -1 209
333 333 -1 349
-1 349 255 352
334 334 332 333
-1 257 317 314
-1 352 317 314
317 317 345 346
314 314 344 347
309 309 335 336
335 335 -1 212
336 336 -1 214
337 337 335 336
138 138 169 170
169 169 -1 187
170 170 -1 188
139 139 169 170
310 310 338 339
338 338 -1 216
339 339 -1 224
340 340 338 339
193 193 218 220
315 315 327 330
319 319 343 320
-1 268 119 123
171 171 193 194
-1 194 227 226
311 311 341 342
341 341 -1 218
342 342 -1 220
343 343 341 342
261 261 308 309
263 263 306 307
265 265 305 310
320 320 -1 348
267 267 311 321
321 321 -1 348
108 108 140 141
140 140 -1 166
141 141 -1 171
109 109 140 141
110 110 142 143
142 142 -1 166
143 143 -1 171
111 111 142 143
144 144 172 173
172 172 -1 193
173 173 -1 195
-1 195 227 226
145 145 172 173
227 227 263 261
226 226 265 267
344 344 324 340
347 347 343 321
146 146 174 175
174 174 -1 189
175 175 -1 190
147 147 174 175
112 112 148 149
148 148 -1 167
149 149 -1 168
113 113 148 149
114 114 150 151
150 150 -1 167
151 151 -1 168
115 115 150 151
152 152 176 177
176 176 -1 191
177 177 -1 192
153 153 176 177
345 345 327 330
346 346 334 337
-1 350 265 263
-1 351 267 261
348 348 350 351
116 116 138 144
117 117 138 144
78 78 116 120
120 120 146 152
79 79 116 120
80 80 117 121
121 121 146 152
81 81 117 121
118 118 139 145
119 119 139 145
82 82 118 122
122 122 147 153
83 83 118 122
123 123 147 153
84 84 119 123
85 85 108 112
86 86 108 112
87 87 109 113
88 88 109 113
89 89 110 114
90 90 110 114
91 91 111 115
92 92 111 115
