62 62 -1 97
97 97 -1 131
63 63 -1 98
98 98 -1 132
-1 129 62 97
-1 130 63 98
-1 131 66 105
-1 132 67 106
66 66 -1 105
105 105 -1 137
67 67 -1 106
106 106 -1 137
64 64 -1 99
99 99 -1 135
65 65 -1 100
100 100 -1 136
-1 133 64 99
-1 134 65 100
-1 135 68 107
-1 136 69 108
68 68 -1 107
107 107 -1 138
69 69 -1 108
108 108 -1 138
101 101 -1 129
102 102 -1 130
103 103 -1 133
104 104 -1 134
137 137 159 160
138 138 159 160
159 159 181 182
160 160 183 184
181 181 165 167
182 182 169 171
183 183 173 175
184 184 177 179
161 161 -1 181
162 162 -1 182
165 165 185 186
167 167 187 188
139 139 165 167
169 169 189 190
171 171 191 192
140 140 169 171
163 163 -1 183
164 164 -1 184
173 173 193 194
175 175 196 197
141 141 173 175
177 177 198 199
179 179 200 201
142 142 177 179
70 70 -1 101
71 71 -1 102
72 72 -1 101
73 73 -1 102
74 74 -1 103
75 75 -1 104
76 76 -1 103
77 77 -1 104
109 109 143 144
143 143 -1 161
144 144 -1 162
110 110 143 144
111 111 145 146
145 145 -1 161
146 146 -1 162
112 112 145 146
113 113 147 148
147 147 -1 163
148 148 -1 164
114 114 147 148
115 115 149 150
149 149 -1 163
150 150 -1 164
116 116 149 150
117 117 139 140
118 118 139 140
185 185 202 203
186 186 204 205
166 166 185 186
187 187 206 207
188 188 208 209
168 168 187 188
189 189 210 211
190 190 212 213
170 170 189 190
191 191 214 215
192 192 216 217
172 172 191 192
78 78 117 119
119 119 141 142
79 79 117 119
80 80 118 120
120 120 141 142
81 81 118 120
193 193 218 219
-1 194 227 228
174 174 193 195
-1 195 227 228
196 196 224 231
197 197 221 229
176 176 196 197
198 198 226 230
199 199 220 222
178 178 198 199
200 200 223 225
201 201 232 233
180 180 200 201
82 82 109 113
83 83 109 113
84 84 110 114
85 85 110 114
86 86 111 115
87 87 111 115
88 88 112 116
89 89 112 116
151 151 166 168
152 152 166 168
202 202 237 238
203 203 235 236
270 270 203 202
204 204 241 242
205 205 239 240
271 271 205 204
206 206 245 246
207 207 243 244
272 272 207 206
208 208 249 250
209 209 247 248
273 273 209 208
121 121 151 153
153 153 170 172
122 122 151 153
123 123 152 154
154 154 170 172
124 124 152 154
210 210 253 254
211 211 251 252
274 274 211 210
212 212 257 258
213 213 255 256
275 275 213 212
214 214 261 262
215 215 259 260
276 276 215 214
216 216 265 266
217 217 263 264
277 277 217 216
155 155 174 176
156 156 174 176
218 218 269 234
219 219 267 268
278 278 219 218
227 227 289 295
228 228 292 286
224 224 288 290
231 231 296 297
279 279 224 231
221 221 285 287
229 229 291 294
280 280 221 229
125 125 155 157
157 157 178 180
126 126 155 157
127 127 156 158
158 158 178 180
128 128 156 158
226 226 278 293
230 230 279 280
281 281 226 230
220 220 270 271
222 222 272 273
282 282 220 222
223 223 274 275
225 225 276 277
283 283 223 225
232 232 281 282
233 233 283 284
284 284 232 233
90 90 121 125
91 91 121 125
92 92 122 126
93 93 122 126
94 94 123 127
95 95 123 127
-1 234 124 128
96 96 124 128
285 285 270 271
287 287 272 273
286 286 285 287
288 288 274 275
290 290 276 277
289 289 288 290
291 291 278 300
-1 300 298 299
-1 293 298 299
295 295 296 297
298 298 289 295
292 292 291 294
299 299 292 286
294 294 279 280
296 296 281 282
297 297 283 284
