62 62 -1 64
64 64 -1 94
63 63 -1 65
65 65 -1 94
94 94 123 124
123 123 149 150
124 124 151 152
66 66 -1 95
95 95 96 97
67 67 -1 95
96 96 -1 123
97 97 -1 124
68 68 96 97
149 149 174 175
150 150 176 159
151 151 177 178
152 152 179 180
125 125 126 127
126 126 -1 149
127 127 -1 150
98 98 126 127
174 174 205 208
175 175 211 214
176 176 218 220
159 159 -1 189
128 128 129 130
129 129 -1 151
130 130 -1 152
99 99 129 130
177 177 225 228
178 178 231 234
179 179 204 217
180 180 224 237
69 69 -1 100
100 100 125 128
70 70 -1 100
71 71 101 102
101 101 -1 125
102 102 -1 128
72 72 101 102
73 73 98 99
74 74 98 99
153 153 154 155
154 154 -1 174
155 155 -1 175
131 131 154 155
205 205 206 207
208 208 209 210
197 197 205 208
211 211 212 213
214 214 215 216
198 198 211 214
156 156 157 158
157 157 -1 176
158 158 -1 160
160 160 -1 190
132 132 157 158
218 218 219 282
220 220 221 222
199 199 218 220
-1 189 239 240
-1 190 239 241
161 161 162 163
162 162 -1 177
163 163 -1 178
133 133 162 163
225 225 226 227
228 228 229 230
200 200 225 228
231 231 232 233
234 234 235 236
201 201 231 234
164 164 165 166
165 165 -1 179
166 166 -1 180
134 134 165 166
204 204 197 198
217 217 199 280
202 202 204 217
224 224 200 201
237 237 202 203
203 203 224 237
135 135 153 156
103 103 136 137
136 136 -1 153
137 137 -1 156
104 104 136 137
105 105 131 132
106 106 131 132
75 75 105 109
109 109 133 134
76 76 105 109
77 77 106 110
110 110 133 134
78 78 106 110
181 181 197 198
206 206 244 245
207 207 242 243
182 182 207 206
209 209 248 249
210 210 246 247
183 183 210 209
212 212 252 253
213 213 250 251
184 184 213 212
215 215 256 257
216 216 254 255
185 185 216 215
167 167 181 186
186 186 199 223
310 310 181 186
223 223 -1 281
280 280 -1 288
219 219 258 259
-1 282 283 295
187 187 219 238
-1 238 283 284
221 221 262 263
222 222 260 261
188 188 222 221
138 138 171 159
171 171 187 188
139 139 171 160
239 239 285 287
240 240 -1 286
241 241 -1 286
-1 281 289 290
-1 288 289 301
298 298 314 280
314 314 187 188
289 289 307 309
290 290 -1 308
301 301 -1 308
140 140 161 164
107 107 141 142
141 141 -1 161
142 142 -1 164
108 108 141 142
191 191 200 201
226 226 266 267
227 227 264 265
192 192 227 226
229 229 270 271
230 230 268 269
193 193 230 229
232 232 274 275
233 233 272 273
194 194 233 232
235 235 278 279
236 236 276 277
195 195 236 235
168 168 191 196
196 196 202 203
311 311 191 196
79 79 111 112
111 111 -1 135
112 112 -1 140
80 80 111 112
81 81 113 114
113 113 -1 135
114 114 -1 140
82 82 113 114
83 83 103 107
84 84 103 107
85 85 104 108
86 86 104 108
143 143 167 168
144 144 167 168
299 299 310 311
169 169 182 183
312 312 182 183
145 145 169 170
170 170 184 185
146 146 169 170
300 300 312 313
313 313 184 185
283 283 117 121
-1 295 291 293
-1 284 291 293
-1 285 292 240
-1 287 294 290
-1 307 292 241
-1 309 294 301
286 286 296 297
308 308 297 296
115 115 143 147
147 147 172 173
116 116 143 147
117 117 144 148
148 148 172 173
118 118 144 148
291 291 299 304
304 304 315 316
292 292 299 304
-1 302 314 310
-1 303 223 311
172 172 192 193
315 315 192 193
173 173 194 195
316 316 194 195
87 87 115 119
119 119 145 138
88 88 115 119
120 120 145 138
89 89 116 120
90 90 116 120
121 121 146 139
91 91 117 121
92 92 118 122
122 122 146 139
93 93 118 122
-1 305 312 315
-1 306 313 316
293 293 300 298
294 294 300 298
296 296 305 306
297 297 302 303
