62 62 -1 93
93 93 -1 121
63 63 -1 94
94 94 -1 121
121 121 146 147
64 64 -1 93
65 65 -1 94
146 146 176 177
147 147 178 179
66 66 -1 95
95 95 122 123
67 67 -1 95
122 122 -1 146
123 123 -1 147
68 68 96 97
96 96 -1 122
97 97 -1 123
69 69 96 97
176 176 152 154
177 177 156 158
178 178 160 162
179 179 164 166
124 124 148 149
148 148 -1 176
149 149 -1 177
152 152 198 200
154 154 184 202
125 125 152 154
156 156 204 206
158 158 208 210
126 126 156 158
127 127 150 151
150 150 -1 178
151 151 -1 179
160 160 180 182
162 162 186 188
128 128 160 162
164 164 190 192
166 166 194 196
129 129 164 166
70 70 -1 98
98 98 124 127
71 71 -1 98
72 72 99 100
99 99 -1 124
100 100 -1 127
73 73 99 100
101 101 130 131
130 130 -1 148
131 131 -1 149
102 102 130 131
103 103 132 133
132 132 -1 150
133 133 -1 151
104 104 132 133
74 74 101 103
75 75 101 103
76 76 102 104
77 77 102 104
105 105 125 126
106 106 125 126
198 198 222 241
200 200 242 243
153 153 198 200
184 184 213 221
202 202 239 240
155 155 184 202
204 204 231 232
206 206 233 234
157 157 204 206
208 208 235 236
210 210 237 238
159 159 208 210
78 78 105 107
107 107 128 129
79 79 105 107
80 80 106 108
108 108 128 129
81 81 106 108
180 180 214 212
182 182 215 216
161 161 180 182
186 186 217 218
188 188 219 220
163 163 186 188
190 190 223 224
192 192 225 226
165 165 190 192
194 194 227 228
196 196 229 230
167 167 194 196
212 212 161 163
134 134 161 163
214 214 165 167
181 181 214 212
215 215 153 155
216 216 157 159
183 183 215 216
168 168 181 183
213 213 181 183
135 135 165 167
136 136 153 155
137 137 157 159
138 138 168 169
169 169 189 187
139 139 168 169
221 221 189 187
185 185 213 221
109 109 134 135
110 110 134 135
217 217 247 248
218 218 245 246
187 187 218 217
219 219 251 252
220 220 249 250
189 189 220 219
111 111 138 140
140 140 171 172
112 112 138 140
113 113 139 141
141 141 171 172
114 114 139 141
170 170 185 203
203 203 239 240
222 222 185 203
82 82 109 115
115 115 136 137
83 83 109 115
84 84 110 116
116 116 136 137
85 85 110 116
223 223 255 256
224 224 253 254
191 191 224 223
225 225 259 260
226 226 257 258
193 193 226 225
227 227 263 264
228 228 261 262
195 195 228 227
229 229 267 268
230 230 265 266
197 197 230 229
241 241 199 201
199 199 222 241
242 242 209 211
243 243 205 207
201 201 242 243
239 239 195 197
240 240 191 193
231 231 271 272
232 232 269 270
205 205 232 231
233 233 275 276
234 234 273 274
207 207 234 233
235 235 279 280
236 236 277 278
209 209 236 235
237 237 283 244
238 238 281 282
211 211 238 237
86 86 111 117
117 117 142 144
87 87 111 117
88 88 112 118
118 118 142 144
89 89 112 118
171 171 195 197
172 172 191 193
90 90 113 119
119 119 143 145
91 91 113 119
-1 244 114 120
120 120 143 145
92 92 114 120
142 142 170 173
173 173 199 201
143 143 170 173
174 174 209 211
175 175 205 207
144 144 175 174
145 145 175 174
