62 62 -1 64
64 64 -1 94
63 63 -1 65
65 65 -1 94
94 94 123 124
123 123 149 150
124 124 151 152
66 66 -1 95
95 95 96 97
67 67 -1 95
96 96 -1 123
97 97 -1 124
68 68 96 97
149 149 173 174
150 150 175 176
151 151 177 178
152 152 179 180
125 125 126 127
126 126 -1 149
127 127 -1 150
98 98 126 127
173 173 206 209
174 174 212 215
175 175 219 221
176 176 224 227
128 128 129 130
129 129 -1 151
130 130 -1 152
99 99 129 130
177 177 229 232
178 178 235 238
179 179 205 218
180 180 228 241
69 69 -1 100
100 100 125 128
70 70 -1 100
71 71 101 102
101 101 -1 125
102 102 -1 128
72 72 101 102
73 73 98 99
74 74 98 99
153 153 154 155
154 154 -1 173
155 155 -1 174
131 131 154 155
206 206 207 208
209 209 210 211
197 197 206 209
212 212 213 214
215 215 216 217
198 198 212 215
156 156 157 158
157 157 -1 175
158 158 -1 176
132 132 157 158
219 219 220 288
221 221 222 223
199 199 219 221
224 224 225 226
-1 227 289 292
200 200 224 287
-1 287 289 292
159 159 160 161
160 160 -1 177
161 161 -1 178
133 133 160 161
229 229 230 231
232 232 233 234
201 201 229 232
235 235 236 237
238 238 239 240
202 202 235 238
162 162 163 164
163 163 -1 179
164 164 -1 180
134 134 163 164
205 205 197 198
218 218 199 200
203 203 205 218
228 228 201 202
241 241 203 204
204 204 228 241
135 135 153 156
103 103 136 137
136 136 -1 153
137 137 -1 156
104 104 136 137
105 105 131 132
106 106 131 132
75 75 105 109
109 109 133 134
76 76 105 109
77 77 106 110
110 110 133 134
78 78 106 110
181 181 197 198
207 207 247 248
208 208 245 246
182 182 208 207
210 210 251 252
211 211 249 250
183 183 211 210
213 213 255 256
214 214 253 254
184 184 214 213
216 216 259 260
217 217 257 258
185 185 217 216
165 165 181 186
186 186 199 200
308 308 181 186
220 220 261 262
-1 288 294 307
187 187 220 242
-1 242 294 296
222 222 265 266
223 223 263 264
188 188 223 222
225 225 269 270
226 226 267 268
189 189 226 225
289 289 290 291
292 292 293 295
138 138 159 162
107 107 139 140
139 139 -1 159
140 140 -1 162
108 108 139 140
190 190 201 202
230 230 273 274
231 231 271 272
191 191 231 230
233 233 277 278
234 234 275 276
192 192 234 233
236 236 281 282
237 237 279 280
193 193 237 236
239 239 285 286
240 240 283 284
194 194 240 239
166 166 190 195
195 195 203 204
309 309 190 195
79 79 111 112
111 111 -1 135
112 112 -1 138
80 80 111 112
81 81 113 114
113 113 -1 135
114 114 -1 138
82 82 113 114
83 83 103 107
84 84 103 107
85 85 104 108
86 86 104 108
141 141 165 166
142 142 165 166
297 297 308 309
167 167 182 183
310 310 182 183
143 143 167 168
168 168 184 185
144 144 167 168
298 298 310 311
311 311 184 185
169 169 187 188
312 312 187 188
294 294 117 121
-1 307 300 306
-1 296 300 306
145 145 169 170
170 170 189 196
146 146 169 170
299 299 312 313
313 313 189 316
-1 196 243 244
-1 316 243 244
290 290 304 305
291 291 301 302
243 243 291 290
293 293 297 303
295 295 298 299
244 244 293 295
115 115 141 147
147 147 171 172
116 116 141 147
117 117 142 148
148 148 171 172
118 118 142 148
303 303 314 315
300 300 297 303
-1 301 308 312
-1 302 309 313
171 171 191 192
314 314 191 192
172 172 193 194
315 315 193 194
87 87 115 119
119 119 143 145
88 88 115 119
120 120 143 145
89 89 116 120
90 90 116 120
121 121 144 146
91 91 117 121
92 92 118 122
122 122 144 146
93 93 118 122
-1 304 310 314
-1 305 311 315
306 306 298 299
