62 62 -1 93
93 93 -1 123
63 63 -1 94
94 94 -1 123
123 123 152 153
-1 313 225 93
225 225 155 157
-1 180 225 94
152 152 182 184
153 153 186 187
64 64 -1 95
95 95 124 125
65 65 -1 95
124 124 -1 152
125 125 -1 153
-1 222 124 156
156 156 -1 183
-1 223 125 158
158 158 -1 185
182 182 228 229
184 184 230 231
186 186 224 232
187 187 233 234
224 224 188 313
188 188 226 227
154 154 188 180
155 155 -1 183
157 157 -1 185
183 183 228 229
185 185 230 231
159 159 181 189
181 181 222 223
189 189 227 226
337 337 181 189
126 126 160 161
160 160 -1 182
161 161 -1 184
228 228 194 196
229 229 198 200
230 230 202 204
231 231 206 208
127 127 162 163
162 162 -1 186
163 163 -1 187
232 232 210 212
233 233 214 318
234 234 219 217
66 66 -1 96
96 96 126 127
67 67 -1 96
68 68 97 98
97 97 -1 126
98 98 -1 127
69 69 97 98
-1 314 160 190
190 190 -1 224
-1 315 161 191
191 191 -1 232
-1 316 162 192
192 192 -1 233
-1 317 163 193
193 193 -1 234
226 226 314 315
227 227 316 317
164 164 190 191
165 165 192 193
194 194 235 236
196 196 237 238
166 166 194 196
198 198 239 240
200 200 241 242
167 167 198 200
202 202 243 244
204 204 245 246
168 168 202 204
206 206 247 248
208 208 249 250
169 169 206 208
210 210 251 252
212 212 253 254
170 170 210 212
214 214 255 256
-1 318 259 261
171 171 214 216
-1 216 259 261
219 219 257 258
217 217 -1 263
172 172 219 218
218 218 -1 264
128 128 154 170
129 129 154 170
130 130 159 177
177 177 211 213
131 131 159 177
327 327 337 342
342 342 211 213
99 99 132 133
132 132 -1 155
133 133 -1 157
100 100 132 133
101 101 134 135
134 134 -1 156
135 135 -1 158
102 102 134 135
103 103 136 137
136 136 -1 164
137 137 -1 165
104 104 136 137
105 105 138 139
138 138 -1 164
139 139 -1 165
106 106 138 139
140 140 166 167
141 141 166 167
235 235 267 268
236 236 265 266
195 195 236 235
237 237 271 272
238 238 269 270
197 197 238 237
239 239 275 276
240 240 273 274
199 199 240 239
241 241 279 280
242 242 277 278
201 201 242 241
107 107 140 142
142 142 168 169
108 108 140 142
109 109 141 143
143 143 168 169
110 110 141 143
243 243 283 284
244 244 281 282
203 203 244 243
245 245 287 288
246 246 285 286
205 205 246 245
247 247 291 292
248 248 289 290
207 207 248 247
249 249 295 296
250 250 293 294
209 209 250 249
251 251 299 300
252 252 297 298
211 211 252 251
253 253 303 304
254 254 301 302
213 213 254 253
111 111 128 144
144 144 171 172
112 112 128 144
113 113 129 145
145 145 171 172
114 114 129 145
255 255 307 308
256 256 305 306
215 215 256 255
259 259 319 320
261 261 321 322
-1 263 325 323
-1 264 326 324
257 257 311 312
258 258 309 310
220 220 258 257
70 70 99 103
71 71 99 103
72 72 100 104
73 73 100 104
74 74 101 105
75 75 101 105
76 76 102 106
77 77 102 106
78 78 107 111
79 79 107 111
80 80 108 112
81 81 108 112
82 82 109 113
83 83 109 113
84 84 110 114
85 85 110 114
173 173 195 197
338 338 195 197
146 146 173 174
174 174 199 201
147 147 173 174
328 328 338 339
339 339 199 201
175 175 203 205
340 340 203 205
148 148 175 176
176 176 207 209
149 149 175 176
329 329 340 341
341 341 207 209
178 178 215 221
-1 221 260 262
343 343 215 347
-1 347 260 262
319 319 331 332
320 320 334 335
260 260 320 319
321 321 328 329
322 322 327 330
262 262 321 322
150 150 178 179
179 179 220 217
151 151 178 179
330 330 343 344
344 344 220 218
-1 325 333 323
323 323 -1 336
-1 326 333 324
324 324 -1 336
115 115 146 148
116 116 146 148
117 117 147 149
118 118 147 149
-1 331 337 338
-1 332 342 339
86 86 115 119
119 119 130 150
87 87 115 119
88 88 116 120
120 120 130 150
89 89 116 120
333 333 117 121
121 121 131 151
90 90 117 121
91 91 118 122
122 122 131 151
92 92 118 122
-1 345 328 327
-1 346 329 330
-1 334 340 343
-1 335 341 344
336 336 345 346
