62 62 93 95
93 93 125 127
95 95 129 131
63 63 93 95
125 125 157 158
127 127 159 160
94 94 125 127
129 129 162 163
131 131 164 165
96 96 129 131
64 64 94 96
65 65 94 96
157 157 198 200
158 158 202 204
126 126 157 158
159 159 206 208
160 160 -1 210
128 128 159 161
161 161 -1 211
162 162 214 216
163 163 218 220
130 130 162 163
164 164 222 224
165 165 226 228
132 132 164 165
97 97 126 128
98 98 126 128
198 198 230 231
200 200 232 233
341 341 198 200
202 202 234 235
204 204 236 237
342 342 202 204
206 206 238 239
208 208 240 241
343 343 206 208
-1 210 257 259
-1 211 257 260
66 66 97 99
99 99 130 132
67 67 97 99
68 68 98 100
100 100 130 132
69 69 98 100
214 214 242 243
216 216 244 245
344 344 214 216
218 218 246 247
220 220 248 249
345 345 218 220
222 222 250 251
224 224 252 253
346 346 222 224
226 226 254 263
228 228 255 256
347 347 226 228
333 333 341 342
230 230 267 268
231 231 265 266
199 199 231 230
232 232 271 272
233 233 269 270
201 201 233 232
234 234 275 276
235 235 273 274
203 203 235 234
236 236 279 280
237 237 277 278
205 205 237 236
-1 334 341 344
-1 335 342 345
336 336 343 166
166 166 -1 212
238 238 283 284
239 239 281 282
207 207 239 238
240 240 287 288
241 241 285 286
209 209 241 240
133 133 172 160
172 172 207 209
257 257 319 320
259 259 -1 321
260 260 -1 321
-1 337 343 346
-1 338 167 347
167 167 -1 213
-1 212 258 261
-1 213 258 262
134 134 173 166
173 173 207 209
135 135 173 167
258 258 320 319
261 261 -1 322
262 262 -1 322
339 339 344 345
242 242 291 292
243 243 289 290
215 215 243 242
244 244 295 296
245 245 293 294
217 217 245 244
246 246 299 300
247 247 297 298
219 219 247 246
248 248 303 304
249 249 301 302
221 221 249 248
340 340 346 347
250 250 307 308
251 251 305 306
223 223 251 250
252 252 311 312
253 253 309 310
225 225 253 252
254 254 313 314
-1 263 323 324
227 227 254 264
-1 264 323 324
255 255 317 318
256 256 315 316
229 229 256 255
-1 325 333 339
-1 326 336 340
-1 327 333 259
-1 328 336 260
168 168 199 201
169 169 199 201
136 136 168 170
170 170 203 205
137 137 169 171
171 171 203 205
138 138 169 171
319 319 327 328
320 320 331 332
321 321 329 330
322 322 330 329
329 329 334 335
330 330 337 338
323 323 325 326
324 324 119 123
-1 331 339 261
-1 332 340 262
174 174 215 217
175 175 215 217
139 139 174 176
176 176 219 221
140 140 175 177
177 177 219 221
141 141 175 177
178 178 223 225
179 179 223 225
142 142 178 180
180 180 227 229
143 143 179 181
181 181 227 229
144 144 179 181
70 70 101 103
101 101 142 139
103 103 136 133
71 71 101 103
102 102 142 139
104 104 136 133
72 72 102 104
73 73 102 104
145 145 182 183
182 182 -1 178
183 183 -1 180
146 146 184 185
184 184 -1 174
185 185 -1 176
147 147 186 187
186 186 -1 168
187 187 -1 170
148 148 188 189
188 188 -1 172
189 189 -1 161
105 105 145 146
106 106 145 146
74 74 105 111
111 111 147 148
75 75 105 111
76 76 106 112
112 112 147 148
77 77 106 112
149 149 190 191
190 190 -1 182
191 191 -1 183
150 150 190 191
151 151 192 193
192 192 -1 184
193 193 -1 185
152 152 192 193
107 107 143 140
108 108 143 140
109 109 144 141
110 110 144 141
153 153 194 195
194 194 -1 186
195 195 -1 187
154 154 194 195
155 155 196 197
196 196 -1 188
197 197 -1 189
156 156 196 197
113 113 137 134
114 114 137 134
115 115 138 135
116 116 138 135
117 117 149 151
118 118 149 151
78 78 117 121
121 121 153 155
79 79 117 121
80 80 118 122
122 122 153 155
81 81 118 122
119 119 150 152
120 120 150 152
123 123 154 156
82 82 119 123
83 83 120 124
124 124 154 156
84 84 120 124
85 85 107 113
86 86 107 113
87 87 108 114
88 88 108 114
89 89 109 115
90 90 109 115
91 91 110 116
92 92 110 116
