0 0 3 2
0 0 5 4
0 0 19 18
0 0 21 20
0 0 63 62
0 0 65 64
0 0 67 66
0 0 69 68
0 0 187 186
0 0 189 188
0 0 191 190
0 0 193 192
0 0 323 322
0 0 325 324
0 0 339 338
0 0 341 340
0 0 351 350
0 0 353 352
0 0 355 354
0 0 357 356
0 0 403 402
0 0 405 404
0 0 407 406
0 0 409 408
0 0 423 422
0 0 425 424
0 0 427 426
0 0 429 428
0 0 435 434
0 0 437 436
0 0 441 440
4 2 11 10
20 18 13 12
5 3 15 14
21 19 17 16
64 62 43 42
68 66 45 44
65 63 71 70
69 67 73 72
188 186 117 116
192 190 119 118
189 187 165 164
193 191 167 166
324 322 331 330
340 338 333 332
325 323 335 334
341 339 337 336
352 350 347 346
356 354 349 348
353 351 359 358
357 355 361 360
404 402 371 370
408 406 373 372
405 403 387 386
409 407 389 388
424 422 419 418
428 426 421 420
436 434 431 430
440 438 433 432
425 423 443 442
429 427 445 444
437 435 447 446
441 439 449 448
12 10 23 22
44 42 25 24
13 11 27 26
45 43 29 28
16 14 31 30
72 70 33 32
17 15 35 34
73 71 37 36
118 116 99 98
119 117 125 124
166 164 147 146
167 165 169 168
332 330 207 206
348 346 209 208
372 370 211 210
336 334 237 236
360 358 239 238
388 386 241 240
337 335 275 274
361 359 277 276
389 387 279 278
333 331 305 304
349 347 307 306
373 371 309 308
420 418 375 374
432 430 379 378
421 419 381 380
433 431 385 384
444 442 391 390
448 446 395 394
445 443 397 396
449 447 401 400
24 22 47 46
120 98 49 48
25 23 51 50
122 99 53 52
28 26 55 54
142 124 57 56
29 27 59 58
144 125 61 60
32 30 75 74
146 121 77 76
33 31 79 78
147 123 81 80
36 34 83 82
168 143 85 84
37 35 87 86
169 145 89 88
208 206 195 194
376 210 197 196
209 207 213 212
377 211 215 214
238 236 225 224
392 240 227 226
239 237 243 242
393 241 245 244
276 274 267 266
398 278 269 268
277 275 281 280
399 279 283 282
306 304 293 292
382 308 295 294
307 305 311 310
383 309 313 312
378 374 -1 376
379 375 -1 377
384 380 -1 382
385 381 -1 383
394 390 -1 392
395 391 -1 393
400 396 -1 398
401 397 -1 399
48 46 101 100
196 194 103 102
49 47 105 104
197 195 107 106
52 50 109 108
214 212 111 110
53 51 113 112
215 213 115 114
56 54 127 126
226 224 129 128
57 55 131 130
227 225 133 132
60 58 135 134
244 242 137 136
61 59 139 138
245 243 141 140
76 74 149 148
268 266 151 150
77 75 153 152
269 267 155 154
80 78 157 156
282 280 159 158
81 79 161 160
283 281 163 162
84 82 171 170
294 292 173 172
85 83 175 174
295 293 177 176
88 86 179 178
312 310 181 180
89 87 183 182
313 311 185 184
103 100 1 1
102 101 1 1
107 104 1 1
106 105 1 1
111 108 1 1
110 109 1 1
115 112 1 1
114 113 1 1
129 126 1 1
128 127 1 1
133 130 1 1
132 131 1 1
137 134 1 1
136 135 1 1
141 138 1 1
140 139 1 1
151 148 255 254
150 149 257 256
155 152 1 1
154 153 1 1
159 156 1 1
158 157 1 1
163 160 1 1
162 161 1 1
173 170 1 1
172 171 1 1
177 174 1 1
176 175 1 1
181 178 1 1
180 179 1 1
185 182 321 1
184 183 1 1
-1 321 439 438
-1 254 121 120
-1 255 123 122
-1 256 143 142
-1 257 145 144
