63 63 95 97
95 95 -1 140
97 97 -1 99
64 64 96 98
96 96 -1 141
98 98 -1 100
140 140 -1 172
141 141 -1 172
99 99 -1 144
100 100 -1 144
65 65 95 99
66 66 96 100
172 172 194 196
-1 168 97 107
107 107 -1 146
-1 169 98 108
108 108 -1 147
144 144 174 176
67 67 101 103
101 101 -1 142
103 103 -1 105
68 68 102 104
102 102 -1 143
104 104 -1 106
142 142 -1 173
143 143 -1 173
105 105 -1 145
106 106 -1 145
69 69 101 105
70 70 102 106
173 173 194 196
-1 170 103 189
189 189 -1 207
-1 171 104 109
109 109 -1 110
145 145 174 177
-1 190 140 113
113 113 -1 115
-1 191 141 114
114 114 -1 116
194 194 208 211
196 196 214 217
-1 192 142 119
119 119 -1 121
-1 193 143 120
120 120 -1 122
174 174 205 192
-1 176 148 202
-1 177 149 203
208 208 209 210
211 211 212 213
195 195 208 211
214 214 215 216
217 217 218 219
197 197 214 217
146 146 -1 188
147 147 -1 188
71 71 123 107
123 123 154 155
72 72 123 108
188 188 185 187
207 207 -1 167
110 110 -1 167
-1 243 125 189
125 125 157 158
73 73 125 109
167 167 185 187
205 205 221 222
175 175 205 193
148 148 -1 178
202 202 -1 220
149 149 -1 178
203 203 -1 220
74 74 111 113
111 111 -1 148
75 75 112 114
112 112 -1 149
115 115 -1 152
116 116 -1 152
76 76 111 115
77 77 112 116
178 178 195 197
152 152 175 180
78 78 117 119
117 117 -1 150
79 79 118 120
118 118 -1 151
150 150 -1 179
151 151 -1 179
121 121 -1 153
122 122 -1 153
80 80 117 121
81 81 118 122
179 179 195 197
153 153 175 181
-1 180 150 204
204 204 -1 156
-1 181 151 124
124 124 -1 156
182 182 206 190
206 206 222 221
183 183 206 191
209 209 240 223
210 210 238 239
198 198 210 209
212 212 236 237
213 213 234 235
199 199 213 212
215 215 232 233
216 216 230 231
200 200 216 215
218 218 228 229
219 219 226 227
201 201 219 218
220 220 154 155
-1 244 146 202
-1 245 147 203
154 154 -1 171
155 155 -1 183
156 156 157 158
82 82 110 124
157 157 -1 183
158 158 -1 170
221 221 241 242
222 222 224 225
83 83 126 128
126 126 -1 159
128 128 -1 131
84 84 127 129
127 127 -1 159
129 129 -1 132
159 159 160 161
131 131 -1 165
132 132 -1 165
85 85 126 131
86 86 127 132
160 160 -1 169
161 161 -1 182
130 130 160 161
87 87 130 128
88 88 130 129
165 165 184 186
89 89 133 135
133 133 -1 162
135 135 -1 138
90 90 134 136
134 134 -1 162
136 136 -1 139
162 162 163 164
138 138 -1 166
139 139 -1 166
91 91 133 138
92 92 134 139
163 163 -1 182
164 164 -1 168
137 137 163 164
93 93 137 135
94 94 137 136
166 166 184 186
184 184 201 200
186 186 199 198
185 185 201 200
187 187 199 198
-1 241 207 244
-1 242 204 245
-1 223 73 243
