63 63 -1 110
110 110 -1 112
64 64 -1 111
111 111 -1 113
112 112 -1 153
113 113 -1 138
-1 139 110 120
120 120 -1 118
-1 140 111 121
121 121 -1 119
-1 138 155 154
65 65 -1 114
114 114 -1 116
66 66 -1 115
115 115 -1 117
116 116 -1 143
117 117 -1 144
-1 141 114 124
124 124 -1 122
-1 142 115 125
125 125 -1 123
-1 143 158 126
-1 144 159 127
67 67 -1 112
68 68 -1 113
69 69 -1 116
70 70 -1 117
-1 158 136 160
126 126 -1 130
-1 159 137 161
127 127 -1 131
118 118 -1 139
119 119 -1 140
71 71 -1 120
72 72 -1 121
122 122 -1 141
123 123 -1 142
73 73 -1 124
74 74 -1 125
130 130 -1 147
131 131 -1 148
136 136 -1 132
160 160 -1 134
137 137 -1 133
161 161 -1 135
75 75 -1 118
76 76 -1 119
77 77 -1 122
78 78 -1 123
79 79 -1 67
80 80 -1 68
81 81 -1 69
82 82 -1 70
83 83 -1 75
84 84 -1 76
85 85 -1 77
155 155 -1 78
86 86 -1 88
88 88 -1 128
87 87 -1 89
89 89 -1 129
128 128 -1 145
129 129 -1 146
-1 145 79 96
-1 146 80 97
90 90 -1 92
92 92 -1 130
91 91 -1 93
93 93 -1 131
-1 147 81 98
-1 148 82 99
94 94 -1 128
95 95 -1 129
96 96 -1 94
97 97 -1 95
98 98 -1 126
99 99 -1 127
100 100 -1 102
102 102 -1 132
101 101 -1 103
103 103 -1 133
132 132 -1 149
133 133 -1 150
-1 149 83 108
-1 150 84 109
104 104 -1 106
106 106 -1 134
105 105 -1 107
107 107 -1 135
134 134 -1 151
135 135 -1 152
-1 151 85 156
-1 152 155 157
108 108 -1 136
109 109 -1 137
156 156 -1 160
157 157 -1 161
-1 154 157 156
