63 63 -1 95
95 95 126 127
64 64 -1 95
126 126 156 157
127 127 158 159
65 65 96 97
96 96 -1 126
97 97 -1 127
66 66 96 97
156 156 180 181
157 157 182 183
158 158 184 185
159 159 187 188
98 98 128 129
128 128 -1 156
129 129 -1 157
99 99 128 129
180 180 200 202
181 181 204 206
182 182 210 212
183 183 213 215
100 100 130 131
130 130 -1 158
131 131 -1 159
101 101 130 131
184 184 219 221
-1 185 223 224
187 187 198 208
188 188 217 225
67 67 98 100
68 68 98 100
69 69 99 101
70 70 99 101
132 132 160 161
160 160 -1 180
161 161 -1 181
133 133 160 161
200 200 237 238
202 202 239 240
230 230 200 202
204 204 241 242
206 206 243 244
231 231 204 206
134 134 162 163
162 162 -1 182
163 163 -1 183
135 135 162 163
210 210 245 246
-1 212 256 258
232 232 210 305
-1 305 256 258
213 213 247 248
215 215 249 250
233 233 213 215
136 136 164 165
164 164 -1 184
165 165 -1 186
-1 186 223 224
137 137 164 165
219 219 251 260
221 221 252 253
234 234 219 221
223 223 262 264
224 224 266 268
138 138 166 167
166 166 -1 187
167 167 -1 188
139 139 166 167
198 198 230 231
208 208 232 233
235 235 198 208
217 217 234 254
225 225 235 236
236 236 217 225
102 102 132 134
103 103 132 134
71 71 102 106
106 106 136 138
72 72 102 106
73 73 103 107
107 107 136 138
74 74 103 107
104 104 133 135
105 105 133 135
75 75 104 108
108 108 137 139
76 76 104 108
77 77 105 109
109 109 137 139
78 78 105 109
199 199 230 231
237 237 274 275
238 238 272 273
201 201 238 237
239 239 278 279
240 240 276 277
203 203 240 239
241 241 282 283
242 242 280 281
205 205 242 241
243 243 286 287
244 244 284 285
207 207 244 243
189 189 199 209
209 209 232 233
245 245 290 291
246 246 288 289
211 211 246 245
256 256 316 317
258 258 315 318
247 247 294 295
248 248 292 293
214 214 248 247
249 249 298 299
250 250 296 297
216 216 250 249
-1 254 306 307
218 218 234 255
-1 255 306 307
251 251 300 301
-1 260 319 320
220 220 251 261
-1 261 319 321
252 252 304 270
253 253 302 303
222 222 253 252
262 262 311 312
264 264 309 310
306 306 262 264
266 266 308 313
268 268 314 322
307 307 266 268
190 190 218 226
226 226 235 236
168 168 189 190
308 308 333 334
333 333 -1 199
334 334 -1 209
326 326 333 334
191 191 201 203
169 169 191 192
192 192 205 207
309 309 335 336
335 335 -1 201
336 336 -1 203
327 327 335 336
310 310 337 338
337 337 -1 205
338 338 -1 207
328 328 337 338
193 193 211 227
-1 227 257 259
316 316 327 328
317 317 329 330
257 257 316 317
315 315 326 331
318 318 332 322
259 259 315 318
170 170 193 194
194 194 214 216
311 311 339 340
339 339 -1 211
340 340 -1 354
-1 354 257 259
329 329 339 340
312 312 341 342
341 341 -1 214
342 342 -1 216
330 330 341 342
140 140 171 172
171 171 -1 189
172 172 -1 190
141 141 171 172
313 313 343 344
343 343 -1 218
344 344 -1 226
331 331 343 344
195 195 220 222
319 319 325 324
-1 320 349 348
-1 321 349 348
-1 270 85 323
173 173 195 196
-1 196 229 228
314 314 345 346
345 345 -1 220
346 346 -1 222
332 332 345 346
263 263 311 312
265 265 309 310
267 267 308 313
322 322 -1 347
269 269 314 271
271 271 -1 347
110 110 142 143
142 142 -1 168
143 143 -1 173
111 111 142 143
112 112 144 145
144 144 -1 168
145 145 -1 173
113 113 144 145
146 146 174 175
174 174 -1 195
175 175 -1 197
-1 197 229 228
147 147 174 175
229 229 265 263
228 228 267 269
350 350 326 331
348 348 350 353
353 353 332 271
324 324 350 353
148 148 176 177
176 176 -1 191
177 177 -1 192
149 149 176 177
114 114 150 151
150 150 -1 169
151 151 -1 170
115 115 150 151
116 116 152 153
152 152 -1 169
153 153 -1 170
117 117 152 153
154 154 178 179
178 178 -1 193
179 179 -1 194
155 155 178 179
351 351 327 328
349 349 351 352
352 352 329 330
325 325 351 352
-1 323 325 324
-1 355 267 265
-1 356 269 263
347 347 355 356
118 118 140 146
119 119 140 146
79 79 118 122
122 122 148 154
80 80 118 122
81 81 119 123
123 123 148 154
82 82 119 123
120 120 141 147
121 121 141 147
83 83 120 124
124 124 149 155
84 84 120 124
85 85 121 125
125 125 149 155
86 86 121 125
87 87 110 114
88 88 110 114
89 89 111 115
90 90 111 115
91 91 112 116
92 92 112 116
93 93 113 117
94 94 113 117
