63 63 95 97
95 95 128 130
97 97 132 134
64 64 95 97
128 128 162 164
130 130 166 168
96 96 128 130
132 132 170 171
134 134 172 173
98 98 132 134
65 65 96 98
66 66 96 98
162 162 194 196
164 164 198 200
129 129 162 164
166 166 202 204
168 168 206 208
131 131 166 168
170 170 210 212
171 171 214 216
133 133 170 171
172 172 218 220
173 173 224 222
135 135 172 173
99 99 129 131
100 100 129 131
194 194 230 231
196 196 232 233
163 163 194 196
198 198 234 235
200 200 236 237
165 165 198 200
202 202 238 239
204 204 240 241
167 167 202 204
206 206 242 243
208 208 244 245
169 169 206 208
67 67 99 101
101 101 133 135
68 68 99 101
69 69 100 102
102 102 133 135
70 70 100 102
210 210 247 248
212 212 249 250
190 190 210 212
214 214 246 251
216 216 258 259
191 191 214 216
218 218 252 253
220 220 254 255
192 192 218 220
224 224 256 257
222 222 -1 260
193 193 224 223
223 223 -1 261
136 136 163 165
137 137 163 165
230 230 265 266
231 231 263 264
195 195 231 230
232 232 269 270
233 233 267 268
197 197 233 232
234 234 273 274
235 235 271 272
199 199 235 234
236 236 277 278
237 237 275 276
201 201 237 236
103 103 136 138
138 138 167 169
104 104 136 138
105 105 137 139
139 139 167 169
106 106 137 139
238 238 281 282
239 239 279 280
203 203 239 238
240 240 285 286
241 241 283 284
205 205 241 240
242 242 289 290
243 243 287 288
207 207 243 242
244 244 293 294
245 245 291 292
209 209 245 244
174 174 190 191
246 246 190 191
247 247 297 298
248 248 295 296
211 211 248 247
249 249 301 302
250 250 299 300
213 213 250 249
251 251 192 193
215 215 246 251
258 258 226 227
259 259 228 229
217 217 258 259
175 175 192 193
252 252 305 306
253 253 303 304
219 219 253 252
254 254 309 310
255 255 307 308
221 221 255 254
-1 260 315 313
-1 261 316 314
256 256 -1 262
257 257 311 312
225 225 257 256
71 71 103 107
107 107 144 146
72 72 103 107
73 73 104 108
108 108 144 146
74 74 104 108
75 75 105 109
109 109 145 147
76 76 105 109
77 77 106 110
110 110 145 147
78 78 106 110
176 176 195 197
226 226 195 197
140 140 176 178
178 178 199 201
141 141 176 178
227 227 199 201
177 177 226 227
179 179 203 205
228 228 203 205
142 142 179 181
181 181 207 209
143 143 179 181
229 229 207 209
180 180 228 229
144 144 184 182
146 146 186 188
184 184 211 213
182 182 215 217
145 145 184 182
186 186 219 221
188 188 225 222
147 147 186 188
148 148 149 150
149 149 -1 174
150 150 -1 175
111 111 149 150
151 151 152 153
152 152 -1 174
153 153 -1 175
112 112 152 153
183 183 215 217
185 185 211 213
154 154 185 183
155 155 185 183
187 187 219 221
156 156 187 189
189 189 225 223
157 157 187 189
-1 315 319 313
313 313 -1 320
-1 316 319 314
314 314 -1 320
-1 262 317 318
113 113 154 156
114 114 154 156
115 115 155 157
79 79 113 116
116 116 140 142
80 80 113 116
81 81 114 117
117 117 140 142
82 82 114 117
-1 322 155 141
-1 323 157 143
319 319 115 118
118 118 141 143
83 83 115 118
320 320 322 323
84 84 -1 119
119 119 148 122
85 85 -1 119
122 122 -1 158
86 86 120 121
120 120 -1 148
121 121 -1 123
123 123 -1 158
87 87 120 121
158 158 177 180
88 88 111 122
89 89 111 123
159 159 160 161
160 160 -1 177
161 161 -1 180
124 124 160 161
90 90 -1 125
125 125 151 159
91 91 -1 125
92 92 126 127
126 126 -1 151
127 127 -1 159
93 93 126 127
-1 321 112 124
94 94 112 124
317 317 -1 321
-1 318 317 94
