64 64 -1 112
112 112 -1 137
65 65 -1 113
113 113 -1 137
137 137 153 155
-1 114 112 80
80 80 -1 92
-1 115 113 81
81 81 -1 93
153 153 171 173
155 155 175 177
66 66 -1 116
116 116 138 139
67 67 -1 116
138 138 -1 153
139 139 -1 155
-1 140 138 82
82 82 -1 96
-1 141 139 83
83 83 -1 97
171 171 183 184
173 173 185 186
154 154 171 173
175 175 187 188
177 177 189 190
156 156 175 177
68 68 -1 70
70 70 -1 114
69 69 -1 71
71 71 -1 115
-1 167 68 118
118 118 -1 142
-1 168 69 119
119 119 -1 142
72 72 -1 74
74 74 -1 117
73 73 -1 75
75 75 -1 117
-1 181 72 143
143 143 -1 154
-1 182 73 144
144 144 -1 156
117 117 140 141
157 157 -1 167
158 158 -1 168
142 142 154 156
76 76 -1 118
77 77 -1 119
169 169 -1 181
170 170 -1 182
78 78 120 121
120 120 -1 143
121 121 -1 144
79 79 120 121
92 92 -1 122
93 93 -1 123
96 96 -1 126
97 97 -1 127
84 84 -1 86
86 86 -1 124
85 85 -1 87
87 87 -1 125
-1 122 84 94
94 94 -1 130
-1 123 85 95
95 95 -1 131
124 124 -1 146
125 125 -1 147
-1 146 157 161
-1 147 158 162
88 88 -1 90
90 90 -1 128
89 89 -1 91
91 91 -1 129
-1 126 88 98
98 98 -1 132
-1 127 89 99
99 99 -1 133
128 128 -1 145
129 129 -1 145
145 145 159 160
130 130 -1 151
131 131 -1 151
151 151 164 166
132 132 -1 152
133 133 -1 152
152 152 164 166
100 100 -1 124
101 101 -1 125
-1 161 157 134
-1 162 158 135
102 102 -1 128
103 103 -1 129
-1 159 169 179
-1 179 169 149
-1 160 170 180
-1 180 170 150
183 183 204 205
184 184 202 203
172 172 184 183
185 185 200 201
186 186 198 199
174 174 186 185
187 187 196 197
188 188 194 195
176 176 188 187
189 189 192 193
-1 190 130 132
178 178 189 191
-1 191 131 133
134 134 -1 148
135 135 -1 148
149 149 -1 163
150 150 -1 165
104 104 -1 100
105 105 -1 101
106 106 -1 102
107 107 -1 103
108 108 -1 134
109 109 -1 135
148 148 163 165
163 163 178 176
165 165 174 172
110 110 -1 136
136 136 149 150
111 111 -1 136
164 164 178 176
166 166 174 172
