64 64 -1 100
100 100 -1 134
65 65 -1 101
101 101 -1 135
-1 132 64 100
-1 133 65 101
-1 134 68 108
-1 135 69 109
68 68 -1 108
108 108 -1 140
69 69 -1 109
109 109 -1 140
66 66 -1 102
102 102 -1 138
67 67 -1 103
103 103 -1 139
-1 136 66 102
-1 137 67 103
-1 138 70 110
-1 139 71 111
70 70 -1 110
110 110 -1 141
71 71 -1 111
111 111 -1 141
104 104 -1 132
105 105 -1 133
106 106 -1 136
107 107 -1 137
140 140 162 163
141 141 162 163
162 162 184 185
163 163 186 187
184 184 168 170
185 185 172 174
186 186 176 178
187 187 180 182
164 164 -1 184
165 165 -1 185
168 168 188 189
170 170 190 191
142 142 168 170
172 172 192 193
174 174 194 195
143 143 172 174
166 166 -1 186
167 167 -1 187
176 176 196 197
178 178 199 200
144 144 176 178
180 180 201 202
182 182 203 204
145 145 180 182
72 72 -1 104
73 73 -1 105
74 74 -1 104
75 75 -1 105
76 76 -1 106
77 77 -1 107
78 78 -1 106
79 79 -1 107
112 112 146 147
146 146 -1 164
147 147 -1 165
113 113 146 147
114 114 148 149
148 148 -1 164
149 149 -1 165
115 115 148 149
116 116 150 151
150 150 -1 166
151 151 -1 167
117 117 150 151
118 118 152 153
152 152 -1 166
153 153 -1 167
119 119 152 153
120 120 142 143
121 121 142 143
188 188 205 206
189 189 207 208
169 169 188 189
190 190 209 210
191 191 211 212
171 171 190 191
192 192 213 214
193 193 215 216
173 173 192 193
194 194 217 218
195 195 219 220
175 175 194 195
80 80 120 122
122 122 144 145
81 81 120 122
82 82 121 123
123 123 144 145
83 83 121 123
196 196 221 222
-1 197 230 231
177 177 196 198
-1 198 230 231
199 199 227 234
200 200 224 232
179 179 199 200
201 201 229 233
202 202 223 225
181 181 201 202
203 203 226 228
204 204 235 236
183 183 203 204
84 84 112 116
85 85 112 116
86 86 113 117
87 87 113 117
88 88 114 118
89 89 114 118
90 90 115 119
91 91 115 119
154 154 169 171
155 155 169 171
205 205 239 240
206 206 237 238
273 273 206 205
207 207 243 244
208 208 241 242
274 274 208 207
209 209 247 248
210 210 245 246
275 275 210 209
211 211 251 252
212 212 249 250
276 276 212 211
124 124 154 156
156 156 173 175
125 125 154 156
126 126 155 157
157 157 173 175
127 127 155 157
213 213 255 256
214 214 253 254
277 277 214 213
215 215 259 260
216 216 257 258
278 278 216 215
217 217 263 264
218 218 261 262
279 279 218 217
219 219 267 268
220 220 265 266
280 280 220 219
158 158 177 179
159 159 177 179
221 221 271 272
222 222 269 270
281 281 222 221
230 230 292 298
231 231 295 289
227 227 291 293
234 234 299 300
282 282 227 234
224 224 288 290
232 232 294 297
283 283 224 232
128 128 158 160
160 160 181 183
129 129 158 160
130 130 159 161
161 161 181 183
131 131 159 161
229 229 281 296
233 233 282 283
284 284 229 233
223 223 273 274
225 225 275 276
285 285 223 225
226 226 277 278
228 228 279 280
286 286 226 228
235 235 284 285
236 236 286 287
287 287 235 236
92 92 124 128
93 93 124 128
94 94 125 129
95 95 125 129
96 96 126 130
97 97 126 130
98 98 127 131
99 99 127 131
288 288 273 274
290 290 275 276
289 289 288 290
291 291 277 278
293 293 279 280
292 292 291 293
294 294 281 303
-1 303 301 302
-1 296 301 302
298 298 299 300
301 301 292 298
295 295 294 297
302 302 295 289
297 297 282 283
299 299 284 285
300 300 286 287
