64 64 96 98
96 96 -1 128
98 98 -1 129
65 65 97 99
97 97 -1 128
99 99 -1 129
128 128 152 154
129 129 156 158
66 66 96 112
112 112 -1 140
67 67 97 113
113 113 -1 140
152 152 168 170
154 154 172 174
68 68 98 114
114 114 -1 141
69 69 99 115
115 115 -1 141
156 156 176 178
158 158 180 182
70 70 100 102
100 100 130 131
102 102 132 133
71 71 100 102
130 130 -1 152
131 131 -1 154
101 101 130 131
132 132 -1 156
133 133 -1 158
103 103 132 133
72 72 101 117
117 117 142 143
73 73 101 117
74 74 103 119
119 119 144 145
75 75 103 119
168 168 184 185
170 170 186 187
153 153 168 170
172 172 188 189
174 174 190 191
155 155 172 174
176 176 192 193
178 178 194 195
157 157 176 178
180 180 196 197
182 182 198 199
159 159 180 182
76 76 104 106
104 104 -1 134
106 106 -1 135
77 77 105 107
105 105 -1 134
107 107 -1 135
134 134 160 162
135 135 164 166
78 78 104 106
79 79 105 107
160 160 169 171
162 162 173 175
164 164 177 179
166 166 181 183
80 80 108 110
108 108 136 137
110 110 138 139
81 81 108 110
136 136 -1 160
137 137 -1 162
109 109 136 137
138 138 -1 164
139 139 -1 166
111 111 138 139
82 82 109 111
83 83 109 111
169 169 185 184
171 171 187 186
161 161 169 171
173 173 189 188
175 175 191 190
163 163 173 175
177 177 193 192
179 179 195 194
165 165 177 179
181 181 197 196
183 183 199 198
167 167 181 183
84 84 112 114
85 85 113 115
140 140 165 167
141 141 161 163
86 86 116 118
116 116 142 143
118 118 144 145
87 87 116 118
142 142 -1 165
143 143 -1 167
144 144 -1 161
145 145 -1 163
88 88 120 122
120 120 -1 146
122 122 -1 147
89 89 121 123
121 121 -1 146
123 123 -1 147
146 146 157 159
147 147 153 155
90 90 120 122
91 91 121 123
92 92 124 126
124 124 148 149
126 126 150 151
93 93 124 126
148 148 -1 157
149 149 -1 159
125 125 148 149
150 150 -1 153
151 151 -1 155
127 127 150 151
94 94 125 127
95 95 125 127
184 184 202 203
185 185 200 201
186 186 206 207
187 187 204 205
188 188 210 211
189 189 208 209
190 190 214 215
191 191 212 213
192 192 218 219
193 193 216 217
194 194 222 223
195 195 220 221
196 196 226 227
197 197 224 225
198 198 230 231
199 199 228 229
