64 64 -1 96
96 96 -1 124
65 65 -1 97
97 97 -1 124
124 124 149 150
66 66 -1 96
67 67 -1 97
149 149 171 172
150 150 173 174
68 68 -1 98
98 98 125 126
69 69 -1 98
125 125 -1 149
126 126 -1 150
70 70 99 100
99 99 -1 125
100 100 -1 126
71 71 99 100
171 171 207 208
172 172 209 210
173 173 211 212
174 174 213 214
127 127 151 152
151 151 -1 171
152 152 -1 172
207 207 176 178
208 208 180 182
295 295 207 208
209 209 196 198
210 210 192 194
296 296 209 210
128 128 153 154
153 153 -1 173
154 154 -1 174
211 211 188 190
212 212 184 186
297 297 211 212
213 213 204 206
214 214 200 202
298 298 213 214
72 72 -1 101
101 101 127 128
73 73 -1 101
74 74 102 103
102 102 -1 127
103 103 -1 128
75 75 102 103
104 104 129 130
129 129 -1 151
130 130 -1 152
105 105 129 130
106 106 131 132
131 131 -1 153
132 132 -1 154
107 107 131 132
76 76 104 106
77 77 104 106
78 78 105 107
79 79 105 107
176 176 215 216
178 178 217 218
155 155 176 178
180 180 219 220
182 182 221 222
156 156 180 182
196 196 236 235
198 198 238 237
157 157 196 198
192 192 232 231
194 194 234 233
158 158 192 194
-1 299 295 297
-1 300 296 298
-1 247 295 297
188 188 228 227
190 190 230 229
159 159 188 190
184 184 224 223
186 186 226 225
160 160 184 186
204 204 244 243
206 206 246 245
161 161 204 206
200 200 240 239
202 202 242 241
162 162 200 202
80 80 108 110
108 108 133 135
110 110 137 139
81 81 108 110
133 133 163 164
135 135 165 166
109 109 133 135
137 137 167 168
139 139 169 170
111 111 137 139
82 82 109 111
83 83 109 111
163 163 175 177
164 164 179 181
134 134 163 164
165 165 183 185
166 166 187 189
136 136 165 166
167 167 191 193
168 168 195 197
138 138 167 168
169 169 199 201
170 170 203 205
140 140 169 170
112 112 134 136
113 113 134 136
175 175 215 216
177 177 217 218
215 215 175 177
179 179 219 220
181 181 221 222
216 216 179 181
183 183 223 224
185 185 225 226
217 217 183 185
187 187 227 228
189 189 229 230
218 218 187 189
84 84 112 114
114 114 138 140
85 85 112 114
86 86 113 115
115 115 138 140
87 87 113 115
191 191 231 232
193 193 233 234
219 219 191 193
195 195 235 236
197 197 237 238
220 220 195 197
199 199 239 240
201 201 241 242
221 221 199 201
203 203 243 244
205 205 245 246
222 222 203 205
223 223 250 251
224 224 248 249
225 225 254 255
226 226 252 253
227 227 258 259
228 228 256 257
229 229 262 263
230 230 260 261
231 231 266 267
232 232 264 265
233 233 270 271
234 234 268 269
235 235 274 275
236 236 272 273
237 237 278 279
238 238 276 277
239 239 293 294
240 240 280 281
241 241 284 285
242 242 282 283
243 243 288 289
244 244 286 287
245 245 292 247
246 246 290 291
141 141 155 156
142 142 155 156
143 143 160 159
144 144 160 159
116 116 141 145
145 145 158 157
117 117 141 145
118 118 142 146
146 146 158 157
119 119 142 146
-1 293 299 296
-1 294 300 298
147 147 162 161
148 148 162 161
88 88 120 116
120 120 143 147
89 89 120 116
121 121 143 147
90 90 121 117
91 91 121 117
122 122 144 148
123 123 144 148
92 92 122 118
93 93 122 118
94 94 123 119
95 95 123 119
