64 64 -1 96
96 96 -1 126
65 65 -1 97
97 97 -1 126
126 126 155 156
-1 319 228 96
228 228 158 160
-1 183 228 97
155 155 185 187
156 156 189 190
66 66 -1 98
98 98 127 128
67 67 -1 98
127 127 -1 155
128 128 -1 156
-1 225 127 159
159 159 -1 186
-1 226 128 161
161 161 -1 188
185 185 231 232
187 187 233 234
189 189 227 235
190 190 236 237
227 227 191 319
191 191 229 230
157 157 191 183
158 158 -1 186
160 160 -1 188
186 186 231 232
188 188 233 234
162 162 184 192
184 184 225 226
192 192 230 229
336 336 184 192
129 129 163 164
163 163 -1 185
164 164 -1 187
231 231 197 199
232 232 201 203
233 233 205 207
234 234 209 211
130 130 165 166
165 165 -1 189
166 166 -1 190
235 235 213 215
236 236 217 325
237 237 220 222
68 68 -1 99
99 99 129 130
69 69 -1 99
70 70 100 101
100 100 -1 129
101 101 -1 130
71 71 100 101
-1 320 163 193
193 193 -1 227
-1 321 164 194
194 194 -1 235
-1 322 165 195
195 195 -1 236
-1 323 166 196
196 196 -1 237
229 229 320 321
230 230 322 323
167 167 193 194
168 168 195 196
197 197 238 239
199 199 240 241
169 169 197 199
201 201 242 243
203 203 244 245
170 170 201 203
205 205 246 247
207 207 248 249
171 171 205 207
209 209 250 251
211 211 252 253
172 172 209 211
213 213 254 255
215 215 256 257
173 173 213 215
217 217 258 259
-1 325 263 265
174 174 217 219
-1 219 263 265
220 220 260 267
222 222 261 262
175 175 220 222
131 131 157 173
132 132 157 173
133 133 162 180
180 180 214 216
134 134 162 180
324 324 336 341
341 341 214 216
332 332 336 341
102 102 135 136
135 135 -1 158
136 136 -1 160
103 103 135 136
104 104 137 138
137 137 -1 159
138 138 -1 161
105 105 137 138
106 106 139 140
139 139 -1 167
140 140 -1 168
107 107 139 140
108 108 141 142
141 141 -1 167
142 142 -1 168
109 109 141 142
143 143 169 170
144 144 169 170
238 238 272 273
239 239 270 271
198 198 239 238
240 240 276 277
241 241 274 275
200 200 241 240
242 242 280 281
243 243 278 279
202 202 243 242
244 244 284 285
245 245 282 283
204 204 245 244
110 110 143 145
145 145 171 172
111 111 143 145
112 112 144 146
146 146 171 172
113 113 144 146
246 246 288 289
247 247 286 287
206 206 247 246
248 248 292 293
249 249 290 291
208 208 249 248
250 250 296 297
251 251 294 295
210 210 251 250
252 252 300 301
253 253 298 299
212 212 253 252
254 254 304 305
255 255 302 303
214 214 255 254
256 256 308 309
257 257 306 307
216 216 257 256
114 114 131 147
147 147 174 175
115 115 131 147
116 116 132 148
148 148 174 175
117 117 132 148
258 258 312 313
259 259 310 311
218 218 259 258
263 263 326 327
265 265 324 328
260 260 314 315
-1 267 331 329
221 221 260 268
-1 268 331 330
261 261 318 269
262 262 316 317
223 223 262 261
72 72 102 106
73 73 102 106
74 74 103 107
75 75 103 107
76 76 104 108
77 77 104 108
78 78 105 109
79 79 105 109
80 80 110 114
81 81 110 114
82 82 111 115
83 83 111 115
84 84 112 116
85 85 112 116
86 86 113 117
87 87 113 117
176 176 198 200
337 337 198 200
149 149 176 177
177 177 202 204
150 150 176 177
326 326 337 338
338 338 202 204
333 333 337 338
178 178 206 208
339 339 206 208
151 151 178 179
179 179 210 212
152 152 178 179
327 327 339 340
340 340 210 212
334 334 339 340
181 181 218 224
-1 224 264 266
342 342 218 346
-1 346 264 266
264 264 326 327
328 328 342 343
266 266 324 328
153 153 181 182
182 182 221 223
154 154 181 182
343 343 221 223
335 335 342 343
331 331 333 332
-1 329 344 345
-1 330 344 345
-1 269 334 335
118 118 149 151
119 119 149 151
120 120 150 152
121 121 150 152
344 344 333 334
88 88 118 122
122 122 133 153
89 89 118 122
90 90 119 123
123 123 133 153
91 91 119 123
92 92 120 124
124 124 134 154
93 93 120 124
94 94 121 125
125 125 134 154
95 95 121 125
345 345 332 335
