64 64 -1 104
104 104 -1 106
65 65 -1 105
105 105 -1 107
106 106 -1 128
107 107 -1 128
66 66 -1 104
67 67 -1 105
128 128 134 135
68 68 -1 108
108 108 -1 110
69 69 -1 109
109 109 -1 111
110 110 -1 129
111 111 -1 129
70 70 -1 108
71 71 -1 109
129 129 135 134
72 72 -1 106
73 73 -1 107
134 134 138 139
135 135 136 137
74 74 -1 110
75 75 -1 111
76 76 -1 112
112 112 -1 114
77 77 -1 113
113 113 -1 115
114 114 -1 130
115 115 -1 131
78 78 -1 112
79 79 -1 113
-1 130 88 90
-1 131 89 91
80 80 -1 116
116 116 -1 118
81 81 -1 117
117 117 -1 119
118 118 -1 132
119 119 -1 133
82 82 -1 116
83 83 -1 117
-1 132 92 94
-1 133 93 95
84 84 -1 114
85 85 -1 115
88 88 -1 120
90 90 -1 124
89 89 -1 121
91 91 -1 125
86 86 -1 118
87 87 -1 119
92 92 -1 122
94 94 -1 126
93 93 -1 123
95 95 -1 127
120 120 -1 72
121 121 -1 73
124 124 -1 84
125 125 -1 85
122 122 -1 74
123 123 -1 75
126 126 -1 86
127 127 -1 87
96 96 -1 120
97 97 -1 121
98 98 -1 122
99 99 -1 123
100 100 -1 124
101 101 -1 125
102 102 -1 126
103 103 -1 127
