64 64 96 98
96 96 129 131
98 98 133 135
65 65 96 98
129 129 163 165
131 131 167 169
97 97 129 131
133 133 171 172
135 135 173 174
99 99 133 135
66 66 97 99
67 67 97 99
163 163 195 197
165 165 199 201
130 130 163 165
167 167 203 205
169 169 207 209
132 132 167 169
171 171 211 213
172 172 215 217
134 134 171 172
173 173 219 221
174 174 225 223
136 136 173 174
100 100 130 132
101 101 130 132
195 195 231 232
197 197 233 234
164 164 195 197
199 199 235 236
201 201 237 238
166 166 199 201
203 203 239 240
205 205 241 242
168 168 203 205
207 207 243 244
209 209 245 246
170 170 207 209
68 68 100 102
102 102 134 136
69 69 100 102
70 70 101 103
103 103 134 136
71 71 101 103
211 211 248 249
213 213 250 251
191 191 211 213
215 215 247 252
217 217 259 260
192 192 215 217
219 219 253 254
221 221 255 256
193 193 219 221
225 225 257 258
223 223 -1 261
194 194 225 224
224 224 -1 262
137 137 164 166
138 138 164 166
231 231 266 267
232 232 264 265
196 196 232 231
233 233 270 271
234 234 268 269
198 198 234 233
235 235 274 275
236 236 272 273
200 200 236 235
237 237 278 279
238 238 276 277
202 202 238 237
104 104 137 139
139 139 168 170
105 105 137 139
106 106 138 140
140 140 168 170
107 107 138 140
239 239 282 283
240 240 280 281
204 204 240 239
241 241 286 287
242 242 284 285
206 206 242 241
243 243 290 291
244 244 288 289
208 208 244 243
245 245 294 295
246 246 292 293
210 210 246 245
175 175 191 192
247 247 191 192
248 248 298 299
249 249 296 297
212 212 249 248
250 250 302 303
251 251 300 301
214 214 251 250
252 252 193 194
216 216 247 252
259 259 227 228
260 260 229 230
218 218 259 260
176 176 193 194
253 253 306 307
254 254 304 305
220 220 254 253
255 255 310 311
256 256 308 309
222 222 256 255
-1 261 317 315
-1 262 318 316
257 257 314 263
258 258 312 313
226 226 258 257
72 72 104 108
108 108 145 147
73 73 104 108
74 74 105 109
109 109 145 147
75 75 105 109
76 76 106 110
110 110 146 148
77 77 106 110
78 78 107 111
111 111 146 148
79 79 107 111
177 177 196 198
227 227 196 198
141 141 177 179
179 179 200 202
142 142 177 179
228 228 200 202
178 178 227 228
180 180 204 206
229 229 204 206
143 143 180 182
182 182 208 210
144 144 180 182
230 230 208 210
181 181 229 230
145 145 185 183
147 147 187 189
185 185 212 214
183 183 216 218
146 146 185 183
187 187 220 222
189 189 226 223
148 148 187 189
149 149 150 151
150 150 -1 175
151 151 -1 176
112 112 150 151
152 152 153 154
153 153 -1 175
154 154 -1 176
113 113 153 154
184 184 216 218
186 186 212 214
155 155 186 184
156 156 186 184
188 188 220 222
157 157 188 190
190 190 226 224
158 158 188 190
-1 317 319 315
315 315 -1 320
-1 318 319 316
316 316 -1 320
-1 263 113 125
114 114 155 157
115 115 155 157
116 116 156 158
80 80 114 117
117 117 141 143
81 81 114 117
82 82 115 118
118 118 141 143
83 83 115 118
-1 321 156 142
-1 322 158 144
319 319 116 119
119 119 142 144
84 84 116 119
320 320 321 322
85 85 -1 120
120 120 149 123
86 86 -1 120
123 123 -1 159
87 87 121 122
121 121 -1 149
122 122 -1 124
124 124 -1 159
88 88 121 122
159 159 178 181
89 89 112 123
90 90 112 124
160 160 161 162
161 161 -1 178
162 162 -1 181
125 125 161 162
91 91 -1 126
126 126 152 160
92 92 -1 126
93 93 127 128
127 127 -1 152
128 128 -1 160
94 94 127 128
95 95 113 125
