0 0 3 2
0 0 5 4
0 0 19 18
0 0 21 20
0 0 63 62
0 0 65 64
0 0 67 66
0 0 69 68
0 0 189 188
0 0 191 190
0 0 193 192
0 0 195 194
0 0 201 200
0 0 341 340
0 0 343 342
0 0 357 356
0 0 359 358
0 0 369 368
0 0 371 370
0 0 373 372
0 0 375 374
0 0 421 420
0 0 423 422
0 0 425 424
0 0 427 426
0 0 441 440
0 0 443 442
0 0 445 444
0 0 447 446
0 0 453 452
0 0 455 454
0 0 459 458
4 2 11 10
20 18 13 12
5 3 15 14
21 19 17 16
64 62 43 42
68 66 45 44
65 63 71 70
69 67 73 72
190 188 119 118
194 192 121 120
276 200 123 122
191 189 165 164
195 193 167 166
278 201 169 168
342 340 349 348
358 356 351 350
343 341 353 352
359 357 355 354
370 368 365 364
374 372 367 366
371 369 377 376
375 373 379 378
422 420 389 388
426 424 391 390
423 421 405 404
427 425 407 406
442 440 437 436
446 444 439 438
454 452 449 448
458 456 451 450
443 441 461 460
447 445 463 462
455 453 465 464
459 457 467 466
12 10 23 22
44 42 25 24
13 11 27 26
45 43 29 28
16 14 31 30
72 70 33 32
17 15 35 34
73 71 37 36
120 118 99 98
196 122 101 100
121 119 125 124
198 123 127 126
166 164 145 144
197 168 147 146
167 165 171 170
199 169 173 172
350 348 215 214
366 364 217 216
390 388 219 218
354 352 245 244
378 376 247 246
406 404 249 248
355 353 293 292
379 377 295 294
407 405 297 296
351 349 323 322
367 365 325 324
391 389 327 326
438 436 393 392
450 448 397 396
439 437 399 398
451 449 403 402
462 460 409 408
466 464 413 412
463 461 415 414
467 465 419 418
24 22 47 46
100 98 49 48
25 23 51 50
101 99 53 52
28 26 55 54
126 124 57 56
29 27 59 58
127 125 61 60
32 30 75 74
146 144 77 76
33 31 79 78
147 145 81 80
36 34 83 82
172 170 85 84
37 35 87 86
173 171 89 88
216 214 203 202
394 218 205 204
217 215 221 220
395 219 223 222
246 244 233 232
410 248 235 234
247 245 251 250
411 249 253 252
294 292 281 280
416 296 283 282
295 293 299 298
417 297 301 300
324 322 311 310
400 326 313 312
325 323 329 328
401 327 331 330
396 392 -1 394
397 393 -1 395
402 398 -1 400
403 399 -1 401
412 408 -1 410
413 409 -1 411
418 414 -1 416
419 415 -1 417
48 46 103 102
204 202 105 104
49 47 107 106
205 203 109 108
52 50 111 110
222 220 113 112
53 51 115 114
223 221 117 116
56 54 129 128
234 232 131 130
57 55 133 132
235 233 135 134
60 58 137 136
252 250 139 138
61 59 141 140
253 251 143 142
76 74 149 148
282 280 151 150
77 75 153 152
283 281 155 154
80 78 157 156
300 298 159 158
81 79 161 160
301 299 163 162
84 82 175 174
312 310 177 176
85 83 179 178
313 311 181 180
329 87 -1 182
331 89 -1 183
88 86 185 184
330 328 187 186
105 102 1 1
104 103 1 1
109 106 1 1
108 107 1 1
113 110 1 1
112 111 1 1
117 114 1 1
116 115 1 1
131 128 1 1
130 129 1 1
135 132 1 1
134 133 1 1
139 136 1 1
138 137 1 1
143 140 1 1
142 141 1 1
151 148 1 1
150 149 1 1
155 152 1 1
154 153 1 1
159 156 1 1
158 157 1 1
163 160 1 1
162 161 1 1
177 174 1 1
176 175 1 1
181 178 1 1
180 179 1 1
187 184 339 1
186 185 1 1
-1 182 333 332
-1 183 335 334
-1 339 457 456
333 277 -1 270
335 279 -1 271
334 332 483 482
271 270 273 272
-1 482 277 276
-1 483 279 278
-1 272 197 196
-1 273 199 198
