0 0 3 2
0 0 5 4
0 0 19 18
0 0 21 20
0 0 63 62
0 0 65 64
0 0 67 66
0 0 69 68
0 0 187 186
0 0 189 188
0 0 191 190
0 0 193 192
0 0 195 194
0 0 197 196
0 0 199 198
0 0 201 200
0 0 369 368
0 0 371 370
0 0 373 372
0 0 375 374
0 0 383 382
0 0 -1 402
0 0 -1 403
0 0 411 410
0 0 415 414
0 0 423 422
0 0 425 424
0 0 -1 438
0 0 -1 439
0 0 447 446
0 0 451 450
0 0 459 458
4 2 11 10
20 18 13 12
5 3 15 14
21 19 17 16
64 62 43 42
68 66 45 44
65 63 71 70
69 67 73 72
188 186 119 118
192 190 121 120
196 194 123 122
200 198 125 124
189 187 271 270
193 191 273 272
197 195 291 290
201 199 293 292
424 422 303 302
458 456 309 308
370 368 361 360
374 372 363 362
382 380 367 366
371 369 389 388
375 373 391 390
383 381 399 398
403 402 409 408
414 410 -1 412
415 411 -1 413
423 409 -1 416
425 413 -1 417
459 457 433 432
439 438 445 444
450 446 -1 448
451 447 -1 449
12 10 23 22
44 42 25 24
13 11 27 26
45 43 29 28
16 14 31 30
72 70 33 32
17 15 35 34
73 71 37 36
120 118 99 98
124 122 101 100
121 119 127 126
125 123 129 128
390 388 215 214
398 396 217 216
391 389 247 246
399 397 249 248
272 270 275 274
292 290 277 276
273 271 279 278
293 291 281 280
412 408 299 298
302 298 -1 300
303 299 -1 301
448 444 305 304
308 304 -1 306
309 305 -1 307
362 360 327 326
366 364 329 328
363 361 343 342
367 365 345 344
417 416 427 426
449 445 429 428
432 428 -1 430
433 429 -1 431
24 22 47 46
100 98 49 48
25 23 51 50
101 99 53 52
28 26 55 54
128 126 57 56
29 27 59 58
129 127 61 60
32 30 75 74
33 31 79 78
36 34 83 82
37 35 87 86
306 300 147 146
307 301 167 166
216 214 203 202
430 426 221 220
217 215 223 222
248 246 235 234
431 427 253 252
249 247 255 254
277 275 311 310
329 327 313 312
276 274 315 314
328 326 317 316
280 278 331 330
344 342 333 332
281 279 347 346
345 343 349 348
148 146 77 76
149 147 81 80
168 166 85 84
169 167 89 88
48 46 103 102
204 202 105 104
49 47 107 106
205 203 109 108
52 50 111 110
224 222 113 112
53 51 115 114
225 223 117 116
56 54 131 130
236 234 133 132
57 55 135 134
237 235 137 136
60 58 139 138
256 254 141 140
61 59 143 142
257 255 145 144
76 74 151 150
316 314 153 152
77 75 155 154
317 315 157 156
80 78 159 158
312 310 161 160
81 79 163 162
313 311 165 164
84 82 171 170
332 330 173 172
85 83 175 174
333 331 177 176
88 86 179 178
348 346 181 180
89 87 183 182
349 347 185 184
220 218 205 204
221 219 225 224
252 250 237 236
253 251 257 256
105 102 1 1
104 103 1 1
109 106 1 1
108 107 1 1
113 110 1 1
112 111 1 1
117 114 1 1
116 115 1 1
133 130 1 1
132 131 1 1
137 134 1 1
136 135 1 1
141 138 1 1
140 139 1 1
145 142 1 1
144 143 1 1
160 158 149 148
153 150 1 1
152 151 1 1
157 154 1 1
156 155 1 1
161 159 169 168
173 170 1 1
172 171 1 1
177 174 1 1
176 175 1 1
180 178 1 1
185 182 359 1
184 183 1 1
164 162 219 218
165 163 251 250
-1 179 353 352
-1 181 355 354
-1 359 457 456
-1 353 377 376
-1 355 379 378
354 352 381 380
378 376 365 364
379 377 397 396
