0 0 67 66
0 0 193 192
0 0 195 194
0 0 201 200
0 0 203 202
0 0 217 216
0 0 219 218
0 0 225 224
0 0 227 226
0 0 257 256
0 0 259 258
0 0 265 264
0 0 267 266
0 0 281 280
0 0 283 282
0 0 289 288
0 0 291 290
0 0 353 352
0 0 355 354
0 0 361 360
0 0 363 362
0 0 377 376
0 0 379 378
0 0 385 384
0 0 387 386
0 0 417 416
0 0 419 418
0 0 425 424
0 0 427 426
0 0 441 440
0 0 443 442
0 0 449 448
192 67 71 70
200 195 199 198
216 203 207 206
224 219 223 222
256 227 231 230
264 259 263 262
280 267 271 270
288 283 287 286
352 291 295 294
360 355 359 358
376 363 367 366
384 379 383 382
416 387 391 390
424 419 423 422
440 427 431 430
448 443 447 446
193 66 69 68
201 194 197 196
217 202 205 204
225 218 221 220
257 226 229 228
265 258 261 260
281 266 269 268
289 282 285 284
353 290 293 292
361 354 357 356
377 362 365 364
385 378 381 380
417 386 389 388
425 418 421 420
441 426 429 428
449 442 445 444
220 205 211 210
197 68 73 72
284 269 275 274
261 228 233 232
380 365 371 370
357 292 297 296
444 429 435 434
421 388 393 392
198 71 135 134
196 69 75 74
221 204 209 208
262 231 247 246
260 229 235 234
285 268 273 272
358 295 327 326
356 293 299 298
381 364 369 368
422 391 407 406
420 389 395 394
445 428 433 432
199 70 133 132
222 207 215 214
223 206 213 212
263 230 245 244
286 271 279 278
287 270 277 276
359 294 325 324
382 367 375 374
383 366 373 372
423 390 405 404
446 431 439 438
447 430 437 436
209 75 107 106
369 299 315 314
208 74 105 104
272 234 241 240
368 298 313 312
432 394 401 400
211 133 139 138
215 134 165 164
213 73 79 78
212 72 77 76
275 245 251 250
279 246 253 252
273 235 243 242
277 233 239 238
276 232 237 236
371 325 331 330
375 326 341 340
373 297 303 302
372 296 301 300
435 405 411 410
439 406 413 412
433 395 403 402
437 393 399 398
436 392 397 396
214 135 167 166
210 132 137 136
274 244 249 248
374 327 343 342
370 324 329 328
434 404 409 408
278 247 255 254
438 407 415 414
248 136 141 140
254 164 169 168
242 77 83 82
240 104 109 108
255 165 171 170
253 166 181 180
241 105 111 110
409 329 335 334
414 340 345 344
402 301 307 306
400 312 317 316
415 341 347 346
413 342 349 348
401 313 319 318
252 138 153 152
238 106 121 120
237 78 93 92
250 139 155 154
243 107 123 122
239 79 95 94
236 76 81 80
398 314 321 320
397 302 309 308
410 331 339 338
408 328 333 332
403 315 323 322
399 303 311 310
396 300 305 304
251 167 183 182
412 330 337 336
249 137 143 142
411 343 351 350
336 183 1 1
344 152 1 1
335 143 1 1
350 168 1 1
308 121 1 1
316 92 1 1
307 83 1 1
320 108 1 1
346 171 1 1
348 154 1 1
333 141 1 1
338 180 1 1
310 122 1 1
305 94 1 1
322 81 1 1
318 110 1 1
351 169 1 1
337 153 1 1
334 142 1 1
345 182 1 1
321 109 1 1
309 93 1 1
306 82 1 1
317 120 1 1
347 181 1 1
339 155 1 1
332 140 1 1
349 170 1 1
323 123 1 1
311 95 1 1
304 80 1 1
319 111 1 1
