6 6 9 10
9 9 15 16
-1 10 21 22
-1 15 27 38
-1 27 21 22
38 38 50 51
-1 16 9 40
40 40 52 53
21 21 30 32
22 22 34 36
7 7 11 12
11 11 17 18
-1 12 24 23
-1 17 28 37
-1 28 24 23
37 37 49 48
-1 18 11 39
39 39 51 50
24 24 33 35
23 23 31 41
8 8 13 14
13 13 19 20
-1 14 25 26
-1 19 13 31
31 31 43 42
-1 20 29 41
-1 29 25 26
41 41 53 52
25 25 33 35
26 26 37 39
-1 54 78 79
78 78 80 81
-1 79 82 83
-1 80 78 30
30 30 42 43
-1 81 84 32
-1 84 82 83
32 32 44 45
82 82 34 36
83 83 38 40
34 34 46 47
36 36 48 49
42 42 57 58
43 43 55 56
44 44 61 62
45 45 59 60
33 33 45 44
46 46 65 66
47 47 63 64
35 35 47 46
48 48 69 70
49 49 67 68
50 50 73 74
51 51 71 72
52 52 77 54
53 53 75 76
