6 6 9 10
9 9 13 14
10 10 15 17
7 7 9 10
-1 13 21 22
-1 14 23 24
15 15 29 30
-1 17 31 33
-1 123 141 144
-1 141 21 22
-1 144 159 54
-1 124 142 145
-1 142 23 24
-1 145 158 55
21 21 39 40
22 22 41 42
23 23 43 44
24 24 45 46
-1 125 15 146
-1 146 152 157
-1 126 143 147
-1 143 31 33
-1 147 153 156
29 29 38 36
30 30 37 47
16 16 29 30
31 31 35 48
33 33 51 49
35 35 52 53
52 52 123 124
53 53 125 126
127 127 53 52
-1 159 133 135
54 54 38 36
-1 158 132 134
55 55 37 136
36 36 80 79
-1 80 133 135
-1 79 132 134
37 37 54 55
-1 152 138 127
-1 157 129 131
-1 153 49 137
-1 156 128 130
38 38 78 77
-1 78 129 131
-1 77 128 130
138 138 76 75
49 49 -1 74
137 137 73 72
39 39 56 57
40 40 58 59
41 41 60 61
42 42 62 63
43 43 64 65
44 44 66 67
45 45 68 69
46 46 70 71
11 11 19 18
19 19 27 28
18 18 25 26
-1 154 18 160
-1 160 32 34
-1 155 19 16
8 8 11 12
12 12 16 20
-1 25 39 41
-1 26 40 42
-1 27 43 45
-1 28 44 46
-1 20 32 34
-1 47 81 82
-1 136 81 82
48 48 72 73
32 32 35 48
51 51 75 76
34 34 51 50
50 50 -1 74
148 148 -1 154
149 149 -1 155
-1 150 11 148
-1 151 12 149
56 56 85 86
57 57 83 84
128 128 57 56
58 58 89 90
59 59 87 88
129 129 59 58
60 60 93 94
61 61 91 92
130 130 61 60
62 62 97 98
63 63 95 96
131 131 63 62
64 64 101 102
65 65 99 100
132 132 65 64
66 66 105 106
67 67 103 104
133 133 67 66
68 68 109 110
69 69 107 108
134 134 69 68
70 70 113 114
71 71 111 112
135 135 71 70
81 81 138 50
82 82 127 137
72 72 117 118
73 73 115 116
74 74 139 140
75 75 121 122
76 76 119 120
-1 139 148 150
-1 140 149 151
