6 6 9 10
9 9 13 14
10 10 15 17
7 7 9 10
-1 13 21 22
-1 14 23 24
15 15 29 30
-1 17 31 33
-1 125 144 147
-1 144 21 22
-1 147 159 53
-1 126 145 148
-1 145 23 24
-1 148 158 54
21 21 39 40
22 22 41 42
23 23 43 44
24 24 45 46
-1 127 15 149
-1 149 153 157
-1 128 146 150
-1 146 31 33
-1 150 154 156
29 29 38 36
30 30 37 47
16 16 29 30
31 31 35 48
33 33 49 50
35 35 51 52
51 51 125 126
52 52 127 128
129 129 52 51
-1 159 137 139
53 53 38 36
-1 158 136 138
54 54 37 140
36 36 80 79
-1 80 137 139
-1 79 136 138
37 37 53 54
-1 153 142 129
-1 157 133 135
-1 154 143 141
-1 156 132 134
38 38 78 77
-1 78 133 135
-1 77 132 134
142 142 74 73
143 143 76 75
141 141 72 71
39 39 55 56
40 40 57 58
41 41 59 60
42 42 61 62
43 43 63 64
44 44 65 66
45 45 67 68
46 46 69 70
11 11 19 18
19 19 27 28
18 18 25 26
-1 151 18 155
-1 155 32 34
-1 152 19 16
8 8 11 12
12 12 16 20
-1 25 39 41
-1 26 40 42
-1 27 43 45
-1 28 44 46
-1 20 32 34
-1 47 81 82
-1 140 81 82
48 48 71 72
32 32 35 48
49 49 73 74
50 50 75 76
34 34 49 50
-1 130 11 151
-1 131 12 152
55 55 85 86
56 56 83 84
132 132 56 55
57 57 89 90
58 58 87 88
133 133 58 57
59 59 93 94
60 60 91 92
134 134 60 59
61 61 97 98
62 62 95 96
135 135 62 61
63 63 101 102
64 64 99 100
136 136 64 63
65 65 105 106
66 66 103 104
137 137 66 65
67 67 109 110
68 68 107 108
138 138 68 67
69 69 113 114
70 70 111 112
139 139 70 69
81 81 142 143
82 82 129 141
71 71 117 118
72 72 115 116
73 73 130 131
74 74 119 120
75 75 123 124
76 76 121 122
