6 6 9 10
9 9 13 14
10 10 15 16
7 7 9 10
-1 13 21 22
-1 14 23 24
-1 15 29 30
-1 16 31 32
-1 148 174 134
-1 174 21 22
134 134 -1 171
-1 149 175 135
-1 175 23 24
135 135 -1 169
21 21 40 41
22 22 42 43
23 23 44 45
24 24 46 47
-1 150 176 136
-1 176 29 30
136 136 -1 170
-1 151 177 137
-1 177 31 178
137 137 -1 168
29 29 48 49
30 30 50 51
31 31 52 53
32 32 -1 37
178 178 -1 37
132 132 148 149
-1 171 180 182
-1 169 179 181
-1 54 132 134
-1 55 133 135
133 133 150 151
-1 170 180 182
-1 168 179 181
-1 56 133 136
-1 57 132 137
40 40 58 59
41 41 60 61
42 42 62 63
43 43 64 65
44 44 66 67
45 45 68 69
46 46 70 71
47 47 72 73
11 11 18 17
18 18 27 28
17 17 25 26
-1 152 17 19
19 19 33 34
-1 153 18 20
20 20 35 36
8 8 11 12
12 12 20 19
-1 25 40 42
-1 26 41 43
-1 27 44 46
-1 28 45 47
48 48 74 75
49 49 76 77
50 50 82 83
51 51 84 85
52 52 78 79
53 53 80 81
37 37 54 55
-1 33 48 50
-1 34 49 51
-1 35 52 38
38 38 -1 56
-1 36 53 39
39 39 -1 57
-1 138 11 152
-1 139 12 153
58 58 88 89
59 59 86 87
60 60 92 93
61 61 90 91
62 62 96 97
63 63 94 95
64 64 100 101
65 65 98 99
66 66 104 105
67 67 102 103
68 68 108 109
69 69 106 107
70 70 112 113
71 71 110 111
72 72 116 117
73 73 114 115
74 74 120 121
75 75 118 119
76 76 124 125
77 77 122 123
82 82 140 141
83 83 142 143
84 84 144 145
85 85 146 147
78 78 138 139
79 79 126 127
80 80 130 131
81 81 128 129
-1 154 32 81
-1 155 178 80
-1 156 38 79
-1 157 39 78
-1 158 59 63
-1 159 58 62
-1 160 61 65
-1 161 60 64
-1 162 67 71
-1 163 66 70
-1 164 69 73
-1 165 68 72
-1 166 77 82
-1 167 76 83
140 140 160 161
141 141 158 159
179 179 141 140
142 142 164 165
143 143 162 163
180 180 143 142
181 181 145 144
182 182 147 146
-1 172 75 84
-1 173 74 85
144 144 166 167
145 145 172 173
146 146 154 155
147 147 156 157
