6 6 9 10
9 9 13 14
10 10 15 16
7 7 9 10
-1 13 21 22
-1 14 23 24
-1 15 29 30
-1 16 31 32
-1 135 149 153
-1 149 21 22
-1 153 178 181
-1 136 150 154
-1 150 23 24
-1 154 177 139
21 21 38 39
22 22 40 41
23 23 42 43
24 24 44 45
-1 137 151 155
-1 151 29 30
-1 155 176 179
-1 138 152 156
-1 152 31 32
-1 156 175 180
29 29 46 47
30 30 48 49
31 31 37 50
32 32 51 52
37 37 53 54
53 53 135 136
54 54 137 138
-1 178 164 166
-1 181 171 172
-1 177 163 165
139 139 173 174
55 55 145 144
-1 145 164 166
-1 144 163 165
56 56 139 148
-1 148 171 172
-1 176 160 162
-1 179 169 168
-1 175 159 161
-1 180 170 167
57 57 143 142
-1 143 160 162
-1 142 159 161
58 58 146 147
-1 146 169 168
-1 147 170 167
38 38 59 60
39 39 61 62
40 40 63 64
41 41 65 66
42 42 67 68
43 43 69 70
44 44 71 72
45 45 73 74
11 11 18 17
18 18 27 28
17 17 25 26
-1 157 17 19
19 19 33 34
-1 158 18 20
20 20 35 36
8 8 11 12
12 12 20 19
-1 25 38 40
-1 26 39 41
-1 27 42 44
-1 28 43 45
46 46 75 76
47 47 77 78
48 48 57 55
49 49 58 56
50 50 79 80
51 51 81 82
52 52 83 84
-1 33 46 48
-1 34 47 49
-1 35 37 51
-1 36 50 52
-1 140 11 157
-1 141 12 158
59 59 87 88
60 60 85 86
159 159 60 59
61 61 91 92
62 62 89 90
160 160 62 61
63 63 95 96
64 64 93 94
161 161 64 63
65 65 99 100
66 66 97 98
162 162 66 65
67 67 103 104
68 68 101 102
163 163 68 67
69 69 107 108
70 70 105 106
164 164 70 69
71 71 111 112
72 72 109 110
165 165 72 71
73 73 115 116
74 74 113 114
166 166 74 73
75 75 119 120
76 76 117 118
167 167 76 75
77 77 123 124
78 78 121 122
168 168 78 77
169 169 57 55
170 170 58 56
79 79 127 128
80 80 125 126
171 171 80 79
81 81 140 141
82 82 129 130
83 83 133 134
84 84 131 132
172 172 84 83
-1 173 54 82
-1 174 53 81
