-1 162 170 172
-1 170 141 142
-1 172 146 147
-1 163 171 128
-1 171 143 144
128 128 140 145
-1 138 162 168
-1 168 135 137
-1 139 163 169
-1 169 134 136
-1 42 126 128
-1 126 141 142
-1 43 127 129
-1 127 143 144
-1 129 146 147
141 141 27 28
142 142 29 30
143 143 31 32
144 144 33 34
-1 140 26 164
-1 145 40 165
13 13 18 23
-1 18 26 39
-1 23 40 41
146 146 35 36
147 147 37 38
26 26 42 43
-1 164 68 69
-1 39 68 69
27 27 44 45
28 28 46 47
29 29 48 49
30 30 50 51
31 31 52 53
32 32 54 55
33 33 56 57
34 34 58 59
9 9 14 15
14 14 19 20
15 15 21 22
10 10 15 14
6 6 9 11
11 11 13 16
7 7 9 11
-1 74 10 12
12 12 13 17
8 8 10 12
-1 19 27 29
-1 20 28 30
-1 21 31 33
-1 22 32 34
-1 16 24 25
-1 17 24 25
40 40 70 71
-1 165 72 73
-1 41 72 73
35 35 60 61
36 36 62 63
24 24 35 36
37 37 64 65
38 38 66 67
25 25 37 38
44 44 81 82
45 45 79 80
46 46 85 86
47 47 83 84
48 48 89 90
49 49 87 88
50 50 93 94
51 51 91 92
52 52 97 98
53 53 95 96
54 54 101 102
55 55 99 100
56 56 105 106
57 57 103 104
58 58 109 110
59 59 107 108
60 60 113 114
61 61 111 112
62 62 117 118
63 63 115 116
64 64 121 122
65 65 119 120
66 66 125 74
67 67 123 124
68 68 130 131
69 69 132 133
130 130 160 161
131 131 158 159
132 132 152 153
133 133 150 151
70 70 77 78
71 71 75 76
72 72 134 135
73 73 136 137
-1 148 71 166
-1 166 131 133
-1 149 70 167
-1 167 130 132
134 134 148 149
135 135 138 139
136 136 156 157
137 137 154 155
-1 150 45 49
-1 151 44 48
-1 152 47 51
-1 153 46 50
-1 154 53 57
-1 155 52 56
-1 156 55 59
-1 157 54 58
-1 158 61 65
-1 159 60 64
-1 160 63 67
-1 161 62 66
