-1 6 12 14
-1 12 24 26
-1 14 28 30
-1 7 13 15
-1 13 25 27
-1 15 29 31
-1 24 48 50
-1 26 52 54
-1 25 48 50
-1 27 52 54
-1 28 56 58
-1 30 60 62
-1 29 56 58
-1 31 60 62
48 48 72 74
50 50 76 78
52 52 80 82
54 54 84 86
56 56 88 90
58 58 92 94
60 60 96 98
62 62 100 102
-1 8 16 18
-1 16 32 34
-1 18 36 38
-1 9 17 19
-1 17 33 35
-1 19 37 39
-1 32 49 51
-1 34 53 55
-1 33 49 51
-1 35 53 55
-1 36 57 59
-1 38 61 63
-1 37 57 59
-1 39 61 63
49 49 72 74
51 51 76 78
53 53 80 82
55 55 84 86
57 57 88 90
59 59 92 94
61 61 96 98
63 63 100 102
72 72 104 105
74 74 106 107
76 76 108 109
78 78 110 111
80 80 112 113
82 82 114 115
84 84 116 117
86 86 118 119
88 88 120 121
90 90 122 123
92 92 124 125
94 94 126 127
96 96 128 129
98 98 130 131
100 100 132 133
102 102 134 135
104 104 139 140
105 105 137 138
73 73 105 104
106 106 143 144
107 107 141 142
75 75 107 106
108 108 147 148
109 109 145 146
77 77 109 108
110 110 151 152
111 111 149 150
79 79 111 110
112 112 155 156
113 113 153 154
81 81 113 112
114 114 159 160
115 115 157 158
83 83 115 114
116 116 163 164
117 117 161 162
85 85 117 116
118 118 167 168
119 119 165 166
87 87 119 118
120 120 171 172
121 121 169 170
89 89 121 120
122 122 175 176
123 123 173 174
91 91 123 122
124 124 179 180
125 125 177 178
93 93 125 124
126 126 183 184
127 127 181 182
95 95 127 126
128 128 187 188
129 129 185 186
97 97 129 128
130 130 191 192
131 131 189 190
99 99 131 130
132 132 195 196
133 133 193 194
101 101 133 132
134 134 199 136
135 135 197 198
103 103 135 134
-1 10 20 22
-1 20 40 42
-1 22 44 46
-1 11 21 23
-1 21 41 43
-1 23 45 47
-1 40 64 65
-1 42 66 67
-1 41 64 65
-1 43 66 67
-1 44 68 69
-1 46 70 71
-1 45 68 69
-1 47 70 71
64 64 79 77
65 65 75 73
66 66 87 85
67 67 83 81
68 68 95 93
69 69 91 89
70 70 103 101
71 71 99 97
-1 200 202 204
-1 202 206 208
-1 204 210 212
-1 201 203 205
-1 203 207 209
-1 205 211 213
-1 206 79 75
-1 208 87 83
-1 207 77 73
-1 209 85 81
-1 210 95 91
-1 212 103 99
-1 211 93 89
-1 213 101 97
-1 136 200 201
