7 7 11 13
11 11 15 16
13 13 17 19
8 8 11 13
15 15 21 22
16 16 23 24
12 12 15 16
17 17 25 26
19 19 27 28
9 9 14 12
14 14 18 20
10 10 14 12
18 18 25 26
20 20 27 28
84 84 18 20
-1 83 85 84
85 85 88 89
-1 76 85 81
81 81 -1 86
-1 77 84 82
82 82 -1 87
88 88 21 22
89 89 23 24
21 21 29 30
22 22 31 42
23 23 43 44
24 24 32 33
-1 86 17 88
-1 87 19 89
25 25 34 35
26 26 36 37
27 27 38 39
28 28 40 41
29 29 48 49
30 30 46 47
31 31 70 71
-1 42 64 65
64 64 31 78
-1 78 64 65
-1 43 66 69
-1 44 67 68
65 65 79 80
-1 79 66 69
-1 80 67 68
32 32 52 53
33 33 50 51
66 66 33 32
34 34 56 57
35 35 54 55
36 36 -1 45
37 37 62 63
67 67 37 36
38 38 -1 72
39 39 -1 73
-1 72 76 81
-1 73 77 82
68 68 38 39
40 40 60 61
41 41 58 59
69 69 41 40
-1 70 30 35
-1 71 29 34
-1 45 74 75
74 74 -1 83
-1 75 74 9
