7 7 11 13
11 11 15 16
13 13 17 19
8 8 11 13
15 15 21 22
16 16 23 24
12 12 15 16
17 17 25 26
19 19 27 28
9 9 14 12
14 14 18 20
10 10 14 12
18 18 25 26
20 20 27 29
48 48 18 20
-1 80 49 48
49 49 81 82
-1 45 49 78
-1 78 17 81
-1 46 48 79
-1 79 19 82
81 81 21 22
82 82 23 24
21 21 31 32
22 22 33 42
23 23 43 44
24 24 34 35
25 25 36 37
26 26 38 39
27 27 40 41
28 28 45 46
29 29 -1 30
31 31 52 53
32 32 50 51
33 33 76 77
-1 42 71 72
71 71 33 83
-1 83 71 72
-1 43 73 75
-1 44 74 29
72 72 84 85
-1 84 73 75
-1 85 74 28
34 34 56 57
35 35 54 55
73 73 35 34
36 36 60 61
37 37 58 59
38 38 68 69
39 39 66 67
74 74 39 38
40 40 64 65
41 41 62 63
75 75 41 40
-1 76 32 37
-1 77 31 36
-1 30 47 70
47 47 -1 80
-1 70 47 9
