7 7 11 13
11 11 15 16
13 13 17 18
8 8 11 13
15 15 19 20
16 16 21 22
12 12 15 16
17 17 23 24
18 18 25 26
14 14 17 18
9 9 12 14
10 10 12 14
19 19 28 29
-1 20 30 31
130 130 19 134
-1 134 30 31
-1 21 32 33
-1 22 34 35
131 131 135 136
-1 135 32 33
-1 136 34 35
-1 23 37 38
-1 24 40 39
132 132 137 138
-1 137 37 38
-1 138 40 119
25 25 36 41
26 26 27 42
133 133 25 26
126 126 130 131
28 28 46 73
29 29 62 72
43 43 28 29
30 30 49 50
31 31 47 48
32 32 52 53
33 33 54 55
34 34 56 57
35 35 58 59
-1 128 130 132
-1 129 131 133
-1 125 126 127
127 127 132 133
37 37 63 64
38 38 65 66
40 40 68 69
39 39 -1 67
119 119 -1 67
36 36 60 61
41 41 70 71
44 44 36 41
27 27 43 51
42 42 44 45
45 45 27 42
121 121 -1 128
122 122 -1 129
-1 123 126 121
-1 124 127 122
-1 51 105 106
46 46 43 107
-1 107 105 106
73 73 44 45
47 47 46 73
62 62 61 60
72 72 71 70
48 48 62 72
49 49 77 78
50 50 75 76
105 105 50 49
106 106 47 48
52 52 81 82
53 53 79 80
54 54 85 86
55 55 83 84
56 56 89 90
57 57 87 88
58 58 93 94
59 59 91 92
60 60 108 109
61 61 110 111
-1 108 53 55
-1 109 52 54
-1 110 57 59
-1 111 56 58
63 63 97 98
64 64 95 96
65 65 101 102
66 66 99 100
67 67 116 117
68 68 -1 74
69 69 103 104
70 70 112 113
71 71 114 115
-1 112 64 66
-1 113 63 65
-1 114 39 69
-1 115 119 68
-1 116 121 123
-1 117 122 124
-1 74 118 120
118 118 -1 125
-1 120 118 9
