28 28 20 21
20 20 28 29
21 21 30 31
15 15 20 21
-1 29 45 46
74 74 28 121
-1 121 45 46
11 11 15 16
-1 16 22 23
12 12 15 17
-1 17 22 23
-1 30 49 50
-1 31 51 47
75 75 122 123
-1 122 49 50
-1 123 51 47
44 44 74 75
146 146 74 75
45 45 33 34
46 46 35 36
49 49 37 38
50 50 40 80
51 51 41 42
47 47 32 43
32 32 44 48
-1 48 116 117
140 140 146 147
-1 147 151 152
33 33 52 53
34 34 54 55
22 22 33 34
35 35 56 57
36 36 58 59
23 23 35 36
7 7 11 13
13 13 18 19
8 8 11 13
9 9 12 14
14 14 19 18
10 10 12 14
43 43 70 71
-1 124 44 69
69 69 113 114
-1 125 142 68
-1 142 116 117
68 68 115 73
116 116 128 129
117 117 126 127
128 128 57 56
129 129 59 58
151 151 128 129
126 126 53 52
127 127 55 54
152 152 126 127
-1 144 150 149
-1 150 151 152
149 149 79 78
-1 145 146 148
148 148 77 76
-1 120 140 141
141 141 149 148
37 37 60 61
38 38 62 63
40 40 64 65
80 80 -1 136
41 41 66 67
42 42 68 69
18 18 24 25
19 19 26 27
-1 24 37 39
39 39 -1 72
-1 25 38 40
-1 26 32 41
-1 27 43 42
52 52 83 84
53 53 81 82
54 54 87 88
55 55 85 86
56 56 91 92
57 57 89 90
58 58 95 96
59 59 93 94
60 60 99 100
61 61 97 98
62 62 103 104
63 63 101 102
-1 136 119 143
-1 72 119 118
64 64 107 108
65 65 105 106
66 66 111 112
67 67 109 110
70 70 76 77
71 71 78 79
-1 130 67 70
-1 131 66 71
76 76 134 135
77 77 132 133
78 78 124 125
79 79 130 131
143 143 -1 137
137 137 144 145
118 118 -1 137
-1 138 140 143
-1 139 141 118
-1 132 61 80
-1 133 60 39
-1 134 63 65
-1 135 62 64
119 119 138 139
-1 73 9 120
