7 7 11 13
-1 11 19 21
-1 13 23 25
8 8 12 14
-1 12 20 22
-1 14 24 26
-1 19 35 37
-1 21 39 41
-1 20 35 37
-1 22 39 41
-1 23 43 45
-1 25 47 49
-1 24 43 45
-1 26 47 49
35 35 51 52
37 37 53 54
39 39 55 56
41 41 57 58
43 43 59 60
45 45 61 62
47 47 63 64
49 49 67 65
9 9 15 17
-1 15 27 29
-1 17 31 33
10 10 16 18
-1 16 28 30
-1 18 32 34
-1 27 36 38
-1 29 40 42
-1 28 36 38
-1 30 40 42
-1 31 44 46
-1 33 48 50
-1 32 44 46
-1 34 48 50
36 36 51 52
38 38 53 54
40 40 55 56
42 42 57 58
44 44 59 60
46 46 61 62
48 48 63 64
50 50 67 66
51 51 68 69
52 52 70 71
53 53 72 73
54 54 74 75
55 55 76 77
56 56 78 79
57 57 80 81
58 58 82 83
59 59 84 85
60 60 86 87
61 61 88 89
62 62 90 91
63 63 92 93
64 64 94 95
67 67 96 97
65 65 -1 98
66 66 -1 99
68 68 103 104
69 69 101 102
209 209 69 68
70 70 107 108
71 71 105 106
210 210 71 70
72 72 111 112
73 73 109 110
211 211 73 72
74 74 115 116
75 75 113 114
212 212 75 74
76 76 119 120
77 77 117 118
213 213 77 76
78 78 123 124
79 79 121 122
214 214 79 78
80 80 127 128
81 81 125 126
215 215 81 80
82 82 131 132
83 83 129 130
216 216 83 82
84 84 135 136
85 85 133 134
217 217 85 84
86 86 139 140
87 87 137 138
218 218 87 86
88 88 143 144
89 89 141 142
219 219 89 88
90 90 147 148
91 91 145 146
220 220 91 90
92 92 151 152
93 93 149 150
221 221 93 92
94 94 155 156
95 95 153 154
222 222 95 94
-1 98 161 159
-1 99 161 160
96 96 -1 100
97 97 157 158
223 223 97 96
-1 164 169 171
-1 169 177 179
-1 171 181 183
-1 165 170 172
-1 170 178 180
-1 172 182 184
159 159 -1 164
160 160 -1 165
-1 177 201 202
-1 179 203 204
-1 178 201 202
-1 180 203 204
-1 181 205 206
-1 183 207 208
-1 182 205 206
-1 184 207 208
201 201 212 211
202 202 210 209
203 203 216 215
204 204 214 213
205 205 220 219
206 206 218 217
207 207 223 65
208 208 222 221
-1 168 175 176
-1 175 189 190
-1 176 191 192
-1 166 159 173
-1 173 185 186
-1 167 160 174
-1 174 187 188
-1 189 193 194
-1 190 195 196
-1 185 193 194
-1 186 195 196
-1 191 197 198
-1 192 199 200
-1 187 197 198
-1 188 199 200
193 193 212 211
194 194 210 209
195 195 216 215
196 196 214 213
197 197 220 219
198 198 218 217
199 199 223 66
200 200 222 221
161 161 166 167
-1 100 162 163
162 162 -1 168
-1 163 162 9
