8 8 12 14
12 12 16 17
14 14 18 19
9 9 12 14
16 16 20 21
17 17 22 23
13 13 16 17
18 18 24 25
19 19 26 27
15 15 18 19
10 10 13 15
11 11 13 15
20 20 28 29
21 21 30 31
74 74 20 21
22 22 32 33
23 23 34 35
88 88 22 23
24 24 36 37
-1 25 42 43
75 75 24 90
-1 90 42 43
26 26 38 39
27 27 40 41
89 89 26 27
28 28 47 48
29 29 45 46
30 30 51 52
31 31 49 50
32 32 55 56
33 33 53 54
34 34 59 60
35 35 57 58
-1 91 74 75
-1 92 88 89
-1 44 74 75
36 36 63 64
37 37 61 62
42 42 68 69
43 43 70 71
38 38 -1 72
39 39 -1 73
-1 72 76 78
-1 73 77 79
40 40 67 44
41 41 65 66
76 76 -1 91
77 77 -1 92
-1 78 76 88
-1 79 77 89
-1 80 29 38
-1 81 28 39
-1 82 31 41
-1 83 30 40
-1 84 33 93
-1 93 69 71
-1 85 32 94
-1 94 68 70
-1 86 35 37
-1 87 34 36
68 68 82 83
69 69 80 81
70 70 86 87
71 71 84 85
