8 8 12 14
12 12 16 18
14 14 20 22
9 9 12 14
-1 16 24 25
-1 18 26 27
13 13 17 19
-1 17 24 25
-1 19 26 27
-1 20 29 28
-1 22 30 31
15 15 21 23
-1 21 29 28
-1 23 30 31
10 10 13 15
11 11 13 15
24 24 32 33
25 25 34 35
26 26 36 37
27 27 38 39
29 29 41 42
28 28 40 47
30 30 43 44
31 31 45 46
32 32 54 55
33 33 52 53
34 34 58 59
35 35 56 57
36 36 62 63
37 37 60 61
38 38 66 67
39 39 64 65
40 40 74 75
74 74 80 81
75 75 82 83
47 47 78 79
-1 76 75 79
79 79 86 87
-1 77 74 78
78 78 84 85
-1 80 33 35
-1 81 32 34
-1 82 37 39
-1 83 36 38
41 41 50 51
42 42 48 49
43 43 76 77
44 44 68 69
45 45 72 73
46 46 70 71
-1 84 40 42
-1 85 47 41
-1 86 44 46
-1 87 43 45
