8 8 12 14
12 12 16 18
14 14 20 22
9 9 12 14
-1 16 24 25
-1 18 26 27
13 13 17 19
-1 17 24 25
-1 19 26 27
-1 20 28 29
-1 22 30 31
15 15 21 23
-1 21 28 29
-1 23 30 31
10 10 13 15
11 11 13 15
24 24 32 33
25 25 34 35
26 26 36 37
27 27 38 39
28 28 40 41
29 29 42 43
30 30 44 47
31 31 45 46
32 32 50 51
33 33 48 49
34 34 54 55
35 35 52 53
36 36 58 59
37 37 56 57
38 38 62 63
39 39 60 61
40 40 66 67
41 41 64 65
42 42 70 71
43 43 68 69
44 44 72 73
-1 47 78 79
45 45 76 77
46 46 74 75
-1 80 84 86
-1 84 33 35
-1 86 41 43
-1 81 85 87
-1 85 32 34
-1 87 40 42
78 78 80 81
-1 79 82 83
-1 92 78 93
-1 93 83 82
82 82 88 89
83 83 90 91
-1 88 37 39
-1 89 36 38
-1 90 44 46
-1 91 92 45
