8 8 12 14
12 12 16 17
14 14 18 19
9 9 12 14
16 16 21 22
17 17 23 24
13 13 16 17
18 18 20 25
19 19 26 27
15 15 18 19
10 10 13 15
11 11 13 15
-1 21 33 34
-1 22 35 36
28 28 44 45
-1 44 33 34
-1 45 35 36
-1 23 37 38
-1 24 39 40
29 29 46 47
-1 46 37 38
-1 47 39 40
20 20 28 29
25 25 30 31
30 30 20 25
26 26 41 42
-1 27 32 43
31 31 26 49
-1 49 32 43
33 33 52 53
34 34 54 55
35 35 56 57
36 36 58 59
37 37 60 61
38 38 62 63
39 39 64 65
40 40 66 67
-1 107 28 30
-1 108 29 31
-1 41 68 48
-1 42 69 70
48 48 113 114
-1 113 68 48
-1 114 70 69
32 32 50 51
43 43 71 72
50 50 107 108
51 51 101 102
52 52 75 76
53 53 73 74
54 54 79 80
55 55 77 78
56 56 83 84
57 57 81 82
58 58 87 88
59 59 85 86
60 60 95 96
61 61 93 94
62 62 99 100
63 63 97 98
64 64 91 92
65 65 89 90
66 66 111 112
67 67 109 110
-1 109 65 67
-1 110 64 66
-1 111 61 63
-1 112 60 62
68 68 115 116
69 69 117 118
70 70 119 120
71 71 105 106
72 72 103 104
-1 115 53 55
-1 116 52 54
-1 117 57 59
-1 118 56 58
-1 119 51 72
-1 120 50 71
