29 29 21 22
21 21 29 30
22 22 31 32
16 16 21 22
-1 30 46 47
75 75 29 123
-1 123 46 47
12 12 16 17
-1 17 23 24
13 13 16 18
-1 18 23 24
-1 31 50 51
-1 32 52 48
76 76 124 125
-1 124 50 51
-1 125 52 48
45 45 75 76
121 121 75 76
46 46 34 35
47 47 36 37
50 50 38 39
51 51 41 81
52 52 42 43
48 48 33 44
33 33 45 49
-1 49 117 118
34 34 53 54
35 35 55 56
23 23 34 35
36 36 57 58
37 37 59 60
24 24 36 37
8 8 12 14
14 14 19 20
9 9 12 14
10 10 13 15
15 15 20 19
11 11 13 15
44 44 71 72
-1 126 45 70
70 70 114 115
-1 127 144 69
-1 144 117 118
69 69 116 74
117 117 130 131
118 118 128 129
130 130 58 57
131 131 60 59
148 148 130 131
128 128 54 53
129 129 56 55
149 149 128 129
-1 146 150 122
-1 150 148 149
122 122 80 79
-1 147 121 143
143 143 78 77
-1 74 121 122
-1 142 148 149
38 38 61 62
39 39 63 64
41 41 65 66
81 81 -1 138
42 42 67 68
43 43 69 70
19 19 25 26
20 20 27 28
-1 25 38 40
40 40 -1 73
-1 26 39 41
-1 27 33 42
-1 28 44 43
53 53 84 85
54 54 82 83
55 55 88 89
56 56 86 87
57 57 92 93
58 58 90 91
59 59 96 97
60 60 94 95
61 61 100 101
62 62 98 99
63 63 104 105
64 64 102 103
-1 138 120 145
-1 73 120 119
65 65 108 109
66 66 106 107
67 67 112 113
68 68 110 111
71 71 77 78
72 72 79 80
-1 132 68 71
-1 133 67 72
77 77 136 137
78 78 134 135
79 79 126 127
80 80 132 133
145 145 -1 139
139 139 146 147
119 119 -1 139
-1 140 145 142
-1 141 119 143
-1 134 62 81
-1 135 61 40
-1 136 64 66
-1 137 63 65
120 120 140 141
