8 8 12 14
12 12 16 18
14 14 20 21
9 9 12 14
-1 16 23 24
-1 18 25 26
13 13 17 19
-1 17 23 24
-1 19 25 26
20 20 27 28
-1 21 29 30
15 15 20 22
-1 22 29 30
10 10 13 15
11 11 13 15
23 23 31 32
24 24 33 34
25 25 35 36
26 26 37 38
27 27 40 41
28 28 39 42
137 137 27 28
29 29 43 44
30 30 46 45
31 31 49 50
32 32 51 52
33 33 53 54
34 34 55 56
35 35 57 58
36 36 59 60
37 37 61 62
38 38 63 64
-1 149 145 155
145 145 151 152
-1 155 153 154
-1 150 138 137
138 138 147 148
-1 78 138 137
-1 151 31 33
-1 152 32 34
-1 147 35 37
-1 148 36 38
40 40 65 66
41 41 67 68
47 47 40 41
39 39 47 48
-1 42 76 77
48 48 39 119
-1 119 76 77
43 43 69 70
44 44 71 72
153 153 43 44
46 46 74 75
45 45 -1 73
154 154 46 79
79 79 -1 73
-1 146 153 154
139 139 -1 149
140 140 -1 150
-1 141 139 145
-1 142 140 146
49 49 82 83
50 50 80 81
51 51 86 87
52 52 84 85
53 53 90 91
54 54 88 89
55 55 94 95
56 56 92 93
57 57 98 99
58 58 96 97
59 59 102 103
60 60 100 101
61 61 106 107
62 62 104 105
63 63 110 111
64 64 108 109
65 65 127 128
66 66 125 126
67 67 131 132
68 68 129 130
76 76 124 79
77 77 122 123
-1 120 47 68
-1 121 48 67
69 69 120 121
70 70 133 134
122 122 70 69
71 71 114 115
72 72 112 113
123 123 72 71
73 73 135 136
74 74 118 78
75 75 116 117
124 124 75 74
-1 125 50 54
-1 126 49 53
-1 127 52 56
-1 128 51 55
-1 129 58 62
-1 130 57 61
-1 131 60 64
-1 132 59 63
-1 133 66 143
-1 143 124 122
-1 134 65 144
-1 144 45 123
-1 135 139 141
-1 136 140 142
