8 8 12 14
-1 12 19 21
-1 14 23 24
9 9 13 15
-1 13 20 22
-1 15 23 24
-1 19 31 33
-1 21 35 37
-1 20 31 33
-1 22 35 37
23 23 39 41
24 24 43 45
31 31 47 48
33 33 49 50
35 35 51 52
37 37 53 54
-1 39 55 43
-1 41 56 45
43 43 -1 57
45 45 -1 59
10 10 16 17
16 16 25 26
-1 17 27 29
11 11 16 18
-1 18 28 30
-1 27 32 34
-1 29 36 38
-1 28 32 34
-1 30 36 38
-1 25 40 44
-1 40 55 44
44 44 -1 58
-1 26 42 46
-1 42 56 46
46 46 -1 59
32 32 47 48
34 34 49 50
36 36 51 52
38 38 53 54
47 47 60 61
48 48 62 63
49 49 64 65
50 50 66 67
51 51 68 69
52 52 70 71
53 53 72 73
54 54 74 75
55 55 76 77
56 56 78 79
-1 57 82 84
-1 58 83 85
59 59 80 81
60 60 96 97
61 61 94 95
134 134 61 60
62 62 100 101
63 63 98 99
135 135 63 62
64 64 104 105
65 65 102 103
136 136 65 64
66 66 108 109
67 67 106 107
137 137 67 66
68 68 112 113
69 69 110 111
138 138 69 68
70 70 116 117
71 71 114 115
139 139 71 70
72 72 120 121
73 73 118 119
140 140 73 72
74 74 124 125
75 75 122 123
141 141 75 74
76 76 88 89
77 77 86 87
78 78 92 93
79 79 90 91
-1 82 130 131
-1 84 132 133
-1 83 130 131
-1 85 132 133
-1 80 126 127
-1 81 128 129
126 126 142 143
127 127 -1 144
-1 149 126 150
150 150 -1 154
-1 142 77 127
-1 143 76 150
-1 144 152 153
-1 154 159 160
-1 152 155 156
-1 153 157 158
-1 159 155 156
-1 160 157 158
128 128 145 146
129 129 147 148
-1 151 128 129
-1 145 79 147
147 147 -1 149
-1 146 78 148
148 148 -1 151
130 130 137 136
131 131 135 134
132 132 141 140
133 133 139 138
155 155 137 136
156 156 135 134
157 157 141 140
158 158 139 138
