8 8 12 13
12 12 16 17
13 13 18 19
9 9 12 13
-1 16 24 25
-1 17 26 27
-1 18 32 33
-1 19 34 35
-1 151 175 137
-1 175 24 25
137 137 -1 172
-1 152 176 138
-1 176 26 27
138 138 -1 170
24 24 44 45
25 25 46 47
26 26 48 49
27 27 50 51
-1 153 177 139
-1 177 32 33
139 139 -1 171
-1 154 178 140
-1 178 34 179
140 140 -1 169
32 32 52 53
33 33 54 55
34 34 43 56
35 35 -1 40
179 179 -1 40
135 135 151 152
-1 172 181 183
-1 170 180 182
-1 57 135 137
-1 58 136 138
136 136 153 154
-1 171 181 183
-1 169 180 182
-1 59 136 139
-1 60 135 140
44 44 63 64
45 45 65 66
46 46 67 68
47 47 69 70
48 48 71 72
49 49 73 74
50 50 75 76
51 51 77 78
14 14 21 20
21 21 30 31
20 20 28 29
-1 141 20 22
22 22 36 37
-1 142 21 23
23 23 38 39
10 10 14 15
15 15 23 22
11 11 14 15
-1 28 44 46
-1 29 45 47
-1 30 48 50
-1 31 49 51
52 52 79 80
53 53 81 82
54 54 85 86
55 55 87 88
43 43 61 62
56 56 83 84
40 40 57 58
-1 36 52 54
-1 37 53 55
-1 38 43 41
41 41 -1 59
-1 39 56 42
42 42 -1 60
61 61 141 142
62 62 129 130
63 63 91 92
64 64 89 90
65 65 95 96
66 66 93 94
67 67 99 100
68 68 97 98
69 69 103 104
70 70 101 102
71 71 107 108
72 72 105 106
73 73 111 112
74 74 109 110
75 75 115 116
76 76 113 114
77 77 119 120
78 78 117 118
79 79 123 124
80 80 121 122
81 81 127 128
82 82 125 126
85 85 143 144
86 86 145 146
87 87 147 148
88 88 149 150
83 83 133 134
84 84 131 132
-1 155 35 84
-1 156 179 83
-1 157 41 62
-1 158 42 61
-1 159 64 68
-1 160 63 67
-1 161 66 70
-1 162 65 69
-1 163 72 76
-1 164 71 75
-1 165 74 78
-1 166 73 77
-1 167 82 85
-1 168 81 86
143 143 161 162
144 144 159 160
180 180 144 143
145 145 165 166
146 146 163 164
181 181 146 145
182 182 148 147
183 183 150 149
-1 173 80 87
-1 174 79 88
147 147 167 168
148 148 173 174
149 149 155 156
150 150 157 158
