8 8 12 14
12 12 16 17
14 14 18 19
9 9 12 14
16 16 20 21
17 17 22 23
13 13 16 17
18 18 24 25
19 19 26 27
15 15 18 19
10 10 13 15
11 11 13 15
-1 20 28 29
-1 21 30 31
230 230 241 242
-1 241 28 29
-1 242 30 31
-1 22 33 34
-1 23 35 36
239 239 245 246
-1 245 33 34
-1 246 35 36
24 24 32 37
25 25 38 39
231 231 24 25
26 26 40 41
-1 27 42 43
240 240 26 247
-1 247 42 43
28 28 52 53
29 29 54 55
30 30 56 57
31 31 58 59
33 33 60 61
34 34 62 63
35 35 64 65
36 36 66 67
-1 243 230 231
-1 244 239 240
-1 135 230 231
32 32 47 48
37 37 49 50
44 44 32 37
38 38 44 45
39 39 46 51
45 45 38 39
-1 40 69 70
-1 41 71 72
46 46 84 85
-1 84 69 70
-1 85 71 72
42 42 68 73
43 43 75 74
232 232 -1 243
233 233 -1 244
-1 234 232 239
-1 235 233 240
52 52 88 89
53 53 90 91
54 54 92 93
55 55 94 95
56 56 96 97
57 57 98 99
58 58 100 101
59 59 102 103
47 47 76 77
48 48 78 79
-1 199 48 44
-1 200 47 45
-1 76 52 54
-1 77 53 55
-1 78 56 58
-1 79 57 59
60 60 104 105
61 61 106 107
62 62 108 109
63 63 110 111
64 64 112 113
65 65 114 115
66 66 116 117
67 67 118 119
49 49 80 81
50 50 82 83
-1 201 50 46
-1 202 49 236
-1 236 86 87
-1 80 60 62
-1 81 61 63
-1 82 64 66
-1 83 65 67
-1 51 86 87
69 69 122 123
70 70 124 128
71 71 125 126
72 72 127 134
68 68 120 121
73 73 129 130
86 86 68 73
75 75 132 133
74 74 -1 131
87 87 75 208
208 208 -1 131
88 88 142 143
89 89 140 141
90 90 146 147
91 91 144 145
92 92 150 151
93 93 148 149
94 94 154 155
95 95 152 153
96 96 158 159
97 97 156 157
98 98 162 163
99 99 160 161
100 100 166 167
101 101 164 165
102 102 170 171
103 103 168 169
104 104 174 175
105 105 172 173
106 106 178 179
107 107 176 177
108 108 182 183
109 109 180 181
110 110 186 187
111 111 184 185
112 112 190 191
113 113 188 189
114 114 194 195
115 115 192 193
116 116 222 223
117 117 220 221
118 118 226 227
119 119 224 225
120 120 199 200
121 121 201 202
122 122 214 215
123 123 212 213
124 124 205 206
-1 128 204 203
125 125 218 219
126 126 216 217
203 203 126 125
127 127 210 211
-1 134 207 209
204 204 127 238
-1 238 207 209
-1 205 123 124
-1 206 122 237
-1 237 204 203
129 129 138 139
130 130 136 137
207 207 130 129
131 131 228 229
132 132 198 135
133 133 196 197
209 209 133 132
-1 210 121 74
-1 211 120 208
-1 212 89 93
-1 213 88 92
-1 214 91 95
-1 215 90 94
-1 216 97 101
-1 217 96 100
-1 218 99 103
-1 219 98 102
-1 220 105 109
-1 221 104 108
-1 222 107 111
-1 223 106 110
-1 224 113 117
-1 225 112 116
-1 226 115 119
-1 227 114 118
-1 228 232 234
-1 229 233 235
