9 9 14 15
14 14 22 24
15 15 26 20
10 10 14 15
22 22 30 31
24 24 32 33
28 28 22 24
26 26 37 35
20 20 28 29
29 29 26 20
11 11 16 18
16 16 23 25
18 18 27 21
12 12 16 18
23 23 30 31
25 25 32 34
17 17 23 25
27 27 37 36
21 21 28 29
19 19 27 21
-1 66 19 17
13 13 19 17
30 30 38 39
31 31 41 42
32 32 44 45
-1 33 40 46
-1 34 40 46
37 37 47 48
-1 35 43 49
-1 36 43 49
38 38 53 54
39 39 51 52
40 40 39 38
41 41 57 58
42 42 55 56
43 43 42 41
44 44 61 62
45 45 59 60
46 46 45 44
49 49 48 47
47 47 65 50
48 48 63 64
-1 50 13 66
