9 9 14 16
14 14 20 22
16 16 24 26
10 10 14 16
20 20 28 29
22 22 30 31
15 15 20 22
24 24 33 34
26 26 35 36
17 17 24 26
11 11 15 17
12 12 15 17
28 28 38 39
29 29 37 42
21 21 28 29
30 30 40 41
-1 31 51 52
23 23 30 32
-1 32 51 52
33 33 43 44
34 34 45 46
25 25 33 34
35 35 47 48
36 36 49 50
27 27 35 36
37 37 21 23
18 18 21 23
38 38 56 57
39 39 54 55
42 42 25 27
40 40 77 78
41 41 75 76
72 72 41 40
51 51 72 79
52 52 73 74
-1 84 18 19
19 19 25 27
13 13 18 19
43 43 60 61
44 44 58 59
45 45 64 65
46 46 62 63
47 47 68 69
48 48 66 67
73 73 48 47
49 49 -1 53
50 50 70 71
74 74 50 49
-1 75 37 44
-1 76 42 43
-1 77 39 46
-1 78 38 45
-1 79 82 83
82 82 72 85
-1 85 82 83
83 83 73 74
-1 53 80 81
80 80 -1 84
-1 81 80 13
