9 9 14 16
14 14 20 22
16 16 24 26
10 10 14 16
20 20 28 29
22 22 30 31
15 15 20 22
24 24 32 33
26 26 35 36
17 17 24 26
11 11 15 17
12 12 15 17
28 28 37 38
29 29 39 40
21 21 28 29
30 30 41 42
31 31 43 44
23 23 30 31
32 32 45 46
-1 33 51 52
25 25 32 34
-1 34 51 52
35 35 47 48
36 36 49 50
27 27 35 36
18 18 21 23
37 37 56 57
38 38 54 55
39 39 60 61
40 40 58 59
41 41 64 65
42 42 62 63
43 43 68 69
44 44 66 67
-1 79 21 25
-1 80 23 27
-1 85 18 19
19 19 25 27
13 13 18 19
45 45 72 73
46 46 70 71
51 51 81 82
52 52 83 84
47 47 79 80
48 48 74 75
49 49 78 53
50 50 76 77
-1 86 38 48
-1 87 37 47
-1 88 40 50
-1 89 39 49
-1 90 42 94
-1 94 82 84
-1 91 41 95
-1 95 81 83
-1 92 44 46
-1 93 43 45
81 81 88 89
82 82 86 87
83 83 92 93
84 84 90 91
-1 53 13 85
