9 9 14 16
14 14 20 22
16 16 24 26
10 10 14 16
20 20 28 29
22 22 31 33
15 15 20 22
24 24 35 37
26 26 39 40
17 17 24 26
11 11 15 17
12 12 15 17
28 28 43 44
-1 29 45 46
21 21 28 30
-1 30 45 46
-1 31 47 48
-1 33 49 50
23 23 32 34
-1 32 47 48
-1 34 49 50
-1 35 52 53
-1 37 41 54
25 25 36 38
-1 36 52 53
-1 38 41 54
39 39 51 55
40 40 42 56
27 27 39 40
18 18 21 23
43 43 62 88
44 44 78 87
57 57 43 44
45 45 65 66
46 46 63 64
47 47 68 69
48 48 70 71
49 49 72 73
50 50 74 75
-1 123 21 25
-1 124 23 27
-1 136 18 19
19 19 25 27
13 13 18 19
52 52 79 80
53 53 81 82
41 41 60 61
54 54 83 84
51 51 76 77
55 55 85 86
58 58 51 55
42 42 57 67
56 56 58 59
59 59 42 56
60 60 123 124
61 61 118 119
-1 67 125 126
62 62 57 127
-1 127 125 126
88 88 58 59
63 63 62 88
78 78 77 76
87 87 86 85
64 64 78 87
65 65 92 93
66 66 90 91
125 125 66 65
126 126 63 64
68 68 96 97
69 69 94 95
70 70 100 101
71 71 98 99
72 72 104 105
73 73 102 103
74 74 108 109
75 75 106 107
76 76 128 129
77 77 130 131
-1 128 69 71
-1 129 68 70
-1 130 73 75
-1 131 72 74
79 79 112 113
80 80 110 111
81 81 116 117
82 82 114 115
83 83 122 89
84 84 120 121
85 85 132 133
86 86 134 135
-1 132 80 82
-1 133 79 81
-1 134 61 84
-1 135 60 83
-1 89 13 136
