9 9 14 16
14 14 20 22
16 16 24 26
10 10 14 16
20 20 29 31
22 22 33 35
15 15 20 22
24 24 28 37
26 26 38 39
17 17 24 26
11 11 15 17
12 12 15 17
-1 29 41 42
-1 31 43 44
21 21 30 32
-1 30 41 42
-1 32 43 44
-1 33 45 46
-1 35 47 48
23 23 34 36
-1 34 45 46
-1 36 47 48
28 28 21 23
37 37 25 27
25 25 28 37
38 38 49 50
-1 39 51 52
27 27 38 40
-1 40 51 52
18 18 21 23
41 41 54 55
42 42 56 57
43 43 58 59
44 44 60 61
45 45 62 63
46 46 64 65
47 47 66 67
48 48 68 69
-1 125 18 19
19 19 25 27
13 13 18 19
-1 49 70 53
-1 50 71 76
53 53 117 118
-1 117 70 53
-1 118 71 126
51 51 72 73
52 52 74 75
54 54 80 81
55 55 78 79
56 56 84 85
57 57 82 83
58 58 88 89
59 59 86 87
60 60 92 93
61 61 90 91
62 62 100 101
63 63 98 99
64 64 104 105
65 65 102 103
66 66 96 97
67 67 94 95
68 68 115 116
69 69 113 114
-1 113 67 69
-1 114 66 68
-1 115 63 65
-1 116 62 64
70 70 121 122
71 71 123 124
-1 76 120 119
-1 126 120 119
72 72 108 109
73 73 106 107
119 119 73 72
74 74 112 77
75 75 110 111
120 120 75 74
-1 121 55 57
-1 122 54 56
-1 123 59 61
-1 124 58 60
-1 77 13 125
