9 9 14 16
14 14 20 22
16 16 24 26
10 10 14 16
-1 20 32 33
-1 22 34 35
15 15 21 23
-1 21 32 33
-1 23 34 35
-1 24 40 41
-1 26 42 43
17 17 25 27
-1 25 40 41
-1 27 42 43
11 11 15 17
12 12 15 17
32 32 49 50
33 33 51 52
34 34 53 54
35 35 55 56
40 40 57 58
41 41 59 60
42 42 61 62
43 43 48 63
49 49 66 67
50 50 68 69
51 51 70 71
52 52 72 73
53 53 74 75
54 54 76 77
55 55 78 79
56 56 80 81
18 18 29 28
29 29 38 39
28 28 36 37
-1 145 28 30
30 30 44 45
-1 146 29 31
31 31 46 47
-1 177 18 19
19 19 31 30
13 13 18 19
-1 36 49 51
-1 37 50 52
-1 38 53 55
-1 39 54 56
57 57 82 83
58 58 84 85
59 59 90 91
60 60 94 95
61 61 93 92
62 62 86 87
48 48 64 65
63 63 88 89
-1 44 57 59
-1 45 58 60
-1 46 61 48
-1 47 62 63
64 64 145 146
65 65 141 142
66 66 99 100
67 67 97 98
68 68 103 104
69 69 101 102
70 70 107 108
71 71 105 106
72 72 111 112
73 73 109 110
74 74 115 116
75 75 113 114
76 76 119 120
77 77 117 118
78 78 123 124
79 79 121 122
80 80 127 128
81 81 125 126
82 82 131 132
83 83 129 130
84 84 135 136
85 85 133 134
90 90 147 148
91 91 150 151
94 94 153 154
95 95 156 157
-1 93 152 158
-1 92 149 155
86 86 139 140
87 87 137 138
88 88 -1 96
89 89 143 144
-1 161 67 71
-1 162 66 70
-1 163 69 73
-1 164 68 72
-1 165 75 79
-1 166 74 78
-1 167 77 81
-1 168 76 80
-1 169 85 90
-1 170 84 91
147 147 163 164
148 148 161 162
149 149 148 147
150 150 167 168
151 151 165 166
152 152 151 150
155 155 154 153
-1 178 149 155
158 158 157 156
-1 179 152 158
-1 171 83 94
-1 172 82 95
153 153 169 170
154 154 171 172
156 156 173 174
157 157 175 176
-1 173 87 89
-1 174 86 88
-1 175 65 179
-1 176 64 178
-1 96 159 160
159 159 -1 177
-1 160 159 13
