9 9 14 15
14 14 20 21
15 15 22 23
10 10 14 15
-1 20 28 29
-1 21 30 31
-1 22 36 37
-1 23 38 39
-1 151 157 161
-1 157 28 29
-1 161 166 168
-1 152 158 162
-1 158 30 31
-1 162 167 169
28 28 45 46
29 29 47 48
30 30 49 50
31 31 51 52
-1 153 159 163
-1 159 36 37
-1 163 170 172
-1 154 160 164
-1 160 38 39
-1 164 171 173
36 36 53 54
37 37 55 56
38 38 44 57
39 39 58 59
44 44 60 61
60 60 151 152
61 61 153 154
-1 166 176 184
-1 168 180 188
-1 167 177 185
-1 169 181 189
-1 176 65 69
-1 184 81 85
-1 177 64 68
-1 185 80 84
-1 180 73 77
-1 188 87 91
-1 181 72 76
-1 189 86 90
-1 170 174 182
-1 172 178 186
-1 171 175 183
-1 173 179 187
-1 174 63 67
-1 182 79 83
-1 175 62 66
-1 183 78 82
-1 178 71 75
-1 186 61 89
-1 179 70 74
-1 187 60 88
45 45 62 63
46 46 64 65
47 47 66 67
48 48 68 69
49 49 70 71
50 50 72 73
51 51 74 75
52 52 76 77
16 16 24 25
24 24 32 33
25 25 34 35
17 17 25 24
11 11 16 18
18 18 26 27
12 12 16 18
-1 165 17 19
19 19 27 26
13 13 17 19
-1 32 45 47
-1 33 46 48
-1 34 49 51
-1 35 50 52
53 53 78 79
54 54 80 81
55 55 82 83
56 56 84 85
57 57 86 87
58 58 88 89
59 59 90 91
26 26 40 41
27 27 42 43
-1 40 53 55
-1 41 54 56
-1 42 44 58
-1 43 57 59
62 62 95 96
63 63 93 94
64 64 99 100
65 65 97 98
66 66 103 104
67 67 101 102
68 68 107 108
69 69 105 106
70 70 111 112
71 71 109 110
72 72 115 116
73 73 113 114
74 74 119 120
75 75 117 118
76 76 123 124
77 77 121 122
78 78 127 128
79 79 125 126
80 80 131 132
81 81 129 130
82 82 135 136
83 83 133 134
84 84 139 140
85 85 137 138
86 86 143 144
87 87 141 142
88 88 147 148
89 89 145 146
90 90 -1 92
91 91 149 150
-1 92 155 156
155 155 -1 165
-1 156 155 13
